timestamp,equity,equity_pct,equity_change,equity_change_pct,drawdown,drawdown_pct,peak_equity,mfe,mae
0,0.0,0.0,0.0,0.0,0.0,0.0,1000.0,0.0,0.0
1,0.0,0.0,0.0,0.0,0.0,0.0,1000.0,0.0,0.0
2,0.0,0.0,0.0,0.0,0.0,0.0,1000.0,0.0,0.0
3,0.0,0.0,0.0,0.0,0.0,0.0,1000.0,0.0,0.0
4,0.0,0.0,0.0,0.0,0.0,0.0,1000.0,0.0,0.0
5,0.0,0.0,0.0,0.0,0.0,0.0,1000.0,0.0,0.0
6,0.0,0.0,0.0,0.0,0.0,0.0,1000.0,0.0,0.0
7,0.0,0.0,0.0,0.0,0.0,0.0,1000.0,0.0,0.0
8,0.0,0.0,0.0,0.0,0.0,0.0,1000.0,0.0,0.0
9,0.0,0.0,0.0,0.0,0.0,0.0,1000.0,0.0,0.0
10,0.0,0.0,0.0,0.0,0.0,0.0,1000.0,0.0,0.0
11,0.0,0.0,0.0,0.0,0.0,0.0,1000.0,0.0,0.0
12,0.0,0.0,0.0,0.0,0.0,0.0,1000.0,0.0,0.0
13,0.0,0.0,0.0,0.0,0.0,0.0,1000.0,0.0,0.0
14,0.0,0.0,0.0,0.0,0.0,0.0,1000.0,0.0,0.0
15,0.0,0.0,0.0,0.0,0.0,0.0,1000.0,0.0,0.0
16,0.0,0.0,0.0,0.0,0.0,0.0,1000.0,0.0,0.0
17,-0.9990009990009412,-0.09990009990009652,-0.9990009990009412,-0.09990009990009652,0.9990009990009412,0.09990009990009412,1000.0,0.0,0.0
18,37.721967954526235,3.7721967954526203,38.720968953527176,3.875968992248069,0.0,0.0,1037.7219679545262,38.720968953527176,0.0
19,53.21035553593697,5.321035553593689,15.488387581410734,1.492537313432818,0.0,0.0,1053.210355535937,54.20935653493791,0.0
20,29.977774163820868,2.997777416382097,-23.2325813721161,-2.2058823529411575,23.2325813721161,2.2058823529411615,1053.210355535937,54.20935653493791,0.0
21,22.233580373115387,2.223358037311529,-7.744193790705481,-0.7518796992481258,30.976775162821582,2.941176470588226,1053.210355535937,54.20935653493791,0.0
22,29.977774163820868,2.997777416382097,7.744193790705481,0.7575757575757569,23.2325813721161,2.2058823529411615,1053.210355535937,54.20935653493791,0.0
23,84.18713069875866,8.41871306987587,54.2093565349378,5.263157894736836,0.0,0.0,1084.1871306987587,85.1861316977596,0.0
24,91.93132448946403,9.193132448946395,7.744193790705367,0.7142857142857117,0.0,0.0,1091.931324489464,92.93032548846497,0.0
25,91.93132448946403,9.193132448946395,0.0,0.0,0.0,0.0,1091.931324489464,92.93032548846497,0.0
26,115.16390586158036,11.516390586158032,23.23258137211633,2.1276595744680993,0.0,0.0,1115.1639058615804,116.1629068605813,0.0
27,107.419712070875,10.74197120708751,-7.744193790705367,-0.694444444444442,7.744193790705367,0.6944444444444398,1115.1639058615804,116.1629068605813,0.0
28,130.65229344299132,13.065229344299123,23.23258137211633,2.0979020979021046,0.0,0.0,1130.6522934429913,131.65129444199226,0.0
29,76.4429369080533,7.644293690805326,-54.209356534938024,-4.794520547945213,54.209356534938024,4.794520547945213,1130.6522934429913,131.65129444199226,0.0
30,91.93132448946403,9.193132448946395,15.488387581410734,1.4388489208633004,38.72096895352729,3.4246575342465917,1130.6522934429913,131.65129444199226,0.0
31,130.65229344299132,13.065229344299123,38.72096895352729,3.546099290780158,0.0,0.0,1130.6522934429913,131.65129444199226,0.0
32,161.62906860581302,16.162906860581305,30.976775162821696,2.7397260273972712,0.0,0.0,1161.629068605813,162.62806960481396,0.0
33,184.86164997792912,18.48616499779292,23.2325813721161,1.9999999999999796,0.0,0.0,1184.8616499779291,185.86065097693006,0.0
34,169.37326239651838,16.937326239651828,-15.488387581410734,-1.3071895424836555,15.488387581410734,1.3071895424836513,1184.8616499779291,185.86065097693006,0.0
35,138.3964872336967,13.839648723369669,-30.976775162821696,-2.6490066225165587,46.46516274423243,3.9215686274509736,1184.8616499779291,185.86065097693006,0.0
36,130.65229344299132,13.065229344299123,-7.744193790705367,-0.6802721088435382,54.2093565349378,4.575163398692799,1184.8616499779291,185.86065097693006,0.0
37,84.18713069875866,8.41871306987587,-46.46516274423266,-4.109589041095907,100.67451927917045,8.49673202614379,1184.8616499779291,185.86065097693006,0.0
38,115.16390586158036,11.516390586158032,30.976775162821696,2.857142857142869,69.69774411634876,5.882352941176469,1184.8616499779291,185.86065097693006,0.0
39,99.67551828016963,9.967551828016962,-15.488387581410734,-1.388888888888884,85.18613169775949,7.18954248366012,1184.8616499779291,185.86065097693006,0.0
40,84.18713069875866,8.41871306987587,-15.488387581410962,-1.4084507042253613,100.67451927917045,8.49673202614379,1184.8616499779291,185.86065097693006,0.0
41,99.67551828016963,9.967551828016962,15.488387581410962,1.4285714285714457,85.18613169775949,7.18954248366012,1184.8616499779291,185.86065097693006,0.0
42,161.62906860581302,16.162906860581305,61.95355032564339,5.633802816901401,23.2325813721161,1.960784313725477,1184.8616499779291,185.86065097693006,0.0
43,177.11745618722375,17.711745618722375,15.488387581410734,1.3333333333333197,7.744193790705367,0.6535947712418256,1184.8616499779291,185.86065097693006,0.0
44,184.86164997792912,18.48616499779292,7.744193790705367,0.6578947368421018,0.0,0.0,1184.8616499779291,185.86065097693006,0.0
45,246.8152003035725,24.68152003035724,61.95355032564339,5.228758169934644,0.0,0.0,1246.8152003035725,247.81420130257345,0.0
46,254.55939409427788,25.455939409427785,7.744193790705367,0.6211180124223503,0.0,0.0,1254.5593940942779,255.55839509327882,0.0
47,223.58261893145618,22.358261893145624,-30.976775162821696,-2.4691358024691357,30.976775162821696,2.4691358024691374,1254.5593940942779,255.55839509327882,0.0
48,277.7919754663942,27.779197546639423,54.209356534938024,4.430379746835444,0.0,0.0,1277.7919754663942,278.79097646539515,0.0
49,270.04778167568884,27.004778167568876,-7.744193790705367,-0.6060606060605989,7.744193790705367,0.606060606060602,1277.7919754663942,278.79097646539515,0.0
50,231.32681272216178,23.13268127221617,-38.72096895352706,-3.0487804878048808,46.46516274423243,3.636363636363629,1277.7919754663942,278.79097646539515,0.0
51,231.32681272216178,23.13268127221617,0.0,0.0,46.46516274423243,3.636363636363629,1277.7919754663942,278.79097646539515,0.0
52,192.6058437686345,19.26058437686344,-38.72096895352729,-3.144654088050325,85.18613169775972,6.666666666666675,1277.7919754663942,278.79097646539515,0.0
53,208.09423135004545,20.809423135004536,15.488387581410962,1.2987012987013102,69.69774411634876,5.454545454545453,1277.7919754663942,278.79097646539515,0.0
54,169.37326239651838,16.937326239651828,-38.72096895352706,-3.205128205128205,108.41871306987582,8.48484848484848,1277.7919754663942,278.79097646539515,0.0
55,161.62906860581302,16.162906860581305,-7.744193790705367,-0.6622516556291314,116.16290686058119,9.090909090909083,1277.7919754663942,278.79097646539515,0.0
56,146.14068102440206,14.614068102440214,-15.488387581410962,-1.333333333333342,131.65129444199215,10.303030303030305,1277.7919754663942,278.79097646539515,0.0
57,177.11745618722375,17.711745618722375,30.976775162821696,2.7027027027026973,100.67451927917045,7.87878787878788,1277.7919754663942,278.79097646539515,0.0
58,208.09423135004545,20.809423135004536,30.976775162821696,2.6315789473684292,69.69774411634876,5.454545454545453,1277.7919754663942,278.79097646539515,0.0
59,215.83842514075081,21.58384251407508,7.744193790705367,0.6410256410256387,61.95355032564339,4.848484848484851,1277.7919754663942,278.79097646539515,0.0
60,215.83842514075081,21.58384251407508,0.0,0.0,61.95355032564339,4.848484848484851,1277.7919754663942,278.79097646539515,0.0
61,177.11745618722375,17.711745618722375,-38.72096895352706,-3.1847133757961776,100.67451927917045,7.87878787878788,1277.7919754663942,278.79097646539515,0.0
62,192.6058437686345,19.26058437686344,15.488387581410734,1.3157894736842035,85.18613169775972,6.666666666666675,1277.7919754663942,278.79097646539515,0.0
63,215.83842514075081,21.58384251407508,23.23258137211633,1.9480519480519431,61.95355032564339,4.848484848484851,1277.7919754663942,278.79097646539515,0.0
64,262.3035878849835,26.230358788498354,46.46516274423266,3.8216560509554354,15.488387581410734,1.212121212121204,1277.7919754663942,278.79097646539515,0.0
65,293.28036304780494,29.32803630478049,30.97677516282147,2.4539877300613355,0.0,0.0,1293.280363047805,294.2793640468059,0.0
66,277.7919754663942,27.779197546639423,-15.488387581410734,-1.197604790419149,15.488387581410734,1.1976047904191536,1293.280363047805,294.2793640468059,0.0
67,316.51294441992127,31.65129444199213,38.72096895352706,3.0303030303030276,0.0,0.0,1316.5129444199213,317.5119454189222,0.0
68,285.5361692570996,28.553616925709967,-30.976775162821696,-2.352941176470591,30.976775162821696,2.3529411764705896,1316.5129444199213,317.5119454189222,0.0
69,277.7919754663942,27.779197546639423,-7.744193790705367,-0.6024096385542133,38.72096895352706,2.941176470588233,1316.5129444199213,317.5119454189222,0.0
70,254.55939409427788,25.455939409427785,-23.23258137211633,-1.8181818181818188,61.95355032564339,4.705882352941179,1316.5129444199213,317.5119454189222,0.0
71,277.7919754663942,27.779197546639423,23.23258137211633,1.85185185185186,38.72096895352706,2.941176470588233,1316.5129444199213,317.5119454189222,0.0
72,239.07100651286714,23.90710065128672,-38.72096895352706,-3.0303030303030276,77.44193790705413,5.882352941176466,1316.5129444199213,317.5119454189222,0.0
73,254.55939409427788,25.455939409427785,15.488387581410734,1.2499999999999956,61.95355032564339,4.705882352941179,1316.5129444199213,317.5119454189222,0.0
74,270.04778167568884,27.004778167568876,15.488387581410962,1.2345679012345734,46.46516274423243,3.529411764705876,1316.5129444199213,317.5119454189222,0.0
75,301.02455683851053,30.10245568385106,30.976775162821696,2.4390243902439046,15.488387581410734,1.1764705882352862,1316.5129444199213,317.5119454189222,0.0
76,285.5361692570996,28.553616925709967,-15.488387581410962,-1.1904761904761973,30.976775162821696,2.3529411764705896,1316.5129444199213,317.5119454189222,0.0
77,378.46649474556466,37.84664947455647,92.93032548846509,7.2289156626506035,0.0,0.0,1378.4664947455647,379.4654957445656,0.0
78,486.8852078154405,48.68852078154404,108.41871306987582,7.86516853932584,0.0,0.0,1486.8852078154405,487.8842088144414,0.0
79,486.8852078154405,48.68852078154404,0.0,0.0,0.0,0.0,1486.8852078154405,487.8842088144414,0.0
80,486.8852078154405,48.68852078154404,0.0,0.0,0.0,0.0,1486.8852078154405,487.8842088144414,0.0
81,471.39682023402975,47.139682023402976,-15.488387581410734,-1.041666666666663,15.488387581410734,1.0416666666666596,1486.8852078154405,487.8842088144414,0.0
82,432.6758512805027,43.26758512805027,-38.72096895352706,-2.631578947368418,54.2093565349378,3.6458333333333237,1486.8852078154405,487.8842088144414,0.0
83,393.9548823269754,39.39548823269754,-38.72096895352729,-2.7027027027027195,92.93032548846509,6.250000000000004,1486.8852078154405,487.8842088144414,0.0
84,455.9084326526188,45.59084326526188,61.95355032564339,4.444444444444451,30.976775162821696,2.083333333333335,1486.8852078154405,487.8842088144414,0.0
85,471.39682023402975,47.139682023402976,15.488387581410962,1.0638297872340496,15.488387581410734,1.0416666666666596,1486.8852078154405,487.8842088144414,0.0
86,409.44326990838636,40.94432699083863,-61.95355032564339,-4.210526315789476,77.44193790705413,5.208333333333329,1486.8852078154405,487.8842088144414,0.0
87,448.1642388619134,44.81642388619134,38.72096895352706,2.7472527472527375,38.72096895352706,2.6041666666666643,1486.8852078154405,487.8842088144414,0.0
88,455.9084326526188,45.59084326526188,7.744193790705367,0.5347593582887722,30.976775162821696,2.083333333333335,1486.8852078154405,487.8842088144414,0.0
89,432.6758512805027,43.26758512805027,-23.2325813721161,-1.5957446808510523,54.2093565349378,3.6458333333333237,1486.8852078154405,487.8842088144414,0.0
90,417.1874636990917,41.71874636990918,-15.488387581410962,-1.0810810810810922,69.69774411634876,4.687499999999999,1486.8852078154405,487.8842088144414,0.0
91,502.37359539685144,50.23735953968513,85.18613169775972,6.0109289617486406,0.0,0.0,1502.3735953968514,503.3725963958524,0.0
92,641.769083629549,64.17690836295489,139.39548823269752,9.278350515463906,0.0,0.0,1641.769083629549,642.7680846285499,0.0
93,688.2342463737814,68.82342463737814,46.46516274423243,2.8301886792452713,0.0,0.0,1688.2342463737814,689.2332473727823,0.0
94,665.0016650016653,66.50016650016653,-23.2325813721161,-1.3761467889908174,23.2325813721161,1.3761467889908163,1688.2342463737814,689.2332473727823,0.0
95,734.699409118014,73.46994091180142,69.69774411634876,4.1860465116279055,0.0,0.0,1734.699409118014,735.698410117015,0.0
96,734.699409118014,73.46994091180142,0.0,0.0,0.0,0.0,1734.699409118014,735.698410117015,0.0
97,757.9319904901301,75.793199049013,23.2325813721161,1.3392857142856984,0.0,0.0,1757.9319904901301,758.9309914891311,0.0
98,788.9087656529518,78.89087656529519,30.976775162821696,1.7621145374449254,0.0,0.0,1788.9087656529518,789.9077666519528,0.0
99,750.1877966994248,75.01877966994248,-38.72096895352706,-2.164502164502158,38.72096895352706,2.1645021645021627,1788.9087656529518,789.9077666519528,0.0
100,819.8855408157735,81.98855408157735,69.69774411634876,3.9823008849557473,0.0,0.0,1819.8855408157735,820.8845418147745,0.0
101,804.3971532343628,80.43971532343627,-15.488387581410734,-0.8510638297872242,15.488387581410734,0.8510638297872284,1819.8855408157735,820.8845418147745,0.0
102,835.3739283971845,83.53739283971846,30.976775162821696,1.716738197424883,0.0,0.0,1835.3739283971845,836.3729293961854,0.0
103,827.6297346064789,82.7629734606479,-7.744193790705594,-0.42194092827004814,7.744193790705594,0.4219409282700517,1835.3739283971845,836.3729293961854,0.0
104,850.8623159785952,85.08623159785952,23.23258137211633,1.2711864406779627,0.0,0.0,1850.8623159785952,851.8613169775962,0.0
105,773.4203780715411,77.34203780715411,-77.44193790705413,-4.184100418410042,77.44193790705413,4.184100418410038,1850.8623159785952,851.8613169775962,0.0
106,726.9552153273085,72.69552153273085,-46.46516274423266,-2.6200873362445476,123.90710065128678,6.69456066945607,1850.8623159785952,851.8613169775962,0.0
107,703.7226339551924,70.37226339551923,-23.2325813721161,-1.3452914798206206,147.13968202340288,7.949790794979076,1850.8623159785952,851.8613169775962,0.0
108,711.4668277458977,71.14668277458978,7.744193790705367,0.4545454545454408,139.39548823269752,7.531380753138074,1850.8623159785952,851.8613169775962,0.0
109,719.2110215366031,71.9211021536603,7.744193790705367,0.4524886877828038,131.65129444199215,7.112970711297072,1850.8623159785952,851.8613169775962,0.0
110,703.7226339551924,70.37226339551923,-15.488387581410734,-0.9009009009008917,147.13968202340288,7.949790794979076,1850.8623159785952,851.8613169775962,0.0
111,734.699409118014,73.46994091180142,30.976775162821696,1.81818181818183,116.16290686058119,6.276150627615057,1850.8623159785952,851.8613169775962,0.0
112,726.9552153273085,72.69552153273085,-7.744193790705594,-0.44642857142858094,123.90710065128678,6.69456066945607,1850.8623159785952,851.8613169775962,0.0
113,703.7226339551924,70.37226339551923,-23.2325813721161,-1.3452914798206206,147.13968202340288,7.949790794979076,1850.8623159785952,851.8613169775962,0.0
114,672.7458587923707,67.27458587923707,-30.976775162821696,-1.8181818181818188,178.11645718622458,9.623430962343091,1850.8623159785952,851.8613169775962,0.0
115,703.7226339551924,70.37226339551923,30.976775162821696,1.85185185185186,147.13968202340288,7.949790794979076,1850.8623159785952,851.8613169775962,0.0
116,750.1877966994248,75.01877966994248,46.46516274423243,2.7272727272727115,100.67451927917045,5.439330543933055,1850.8623159785952,851.8613169775962,0.0
117,796.6529594436572,79.66529594436571,46.46516274423243,2.6548672566371723,54.209356534938024,2.928870292887034,1850.8623159785952,851.8613169775962,0.0
118,750.1877966994248,75.01877966994248,-46.46516274423243,-2.5862068965517238,100.67451927917045,5.439330543933055,1850.8623159785952,851.8613169775962,0.0
119,726.9552153273085,72.69552153273085,-23.23258137211633,-1.3274336283185861,123.90710065128678,6.69456066945607,1850.8623159785952,851.8613169775962,0.0
120,734.699409118014,73.46994091180142,7.744193790705594,0.4484304932735439,116.16290686058119,6.276150627615057,1850.8623159785952,851.8613169775962,0.0
121,719.2110215366031,71.9211021536603,-15.488387581410962,-0.8928571428571508,131.65129444199215,7.112970711297072,1850.8623159785952,851.8613169775962,0.0
122,695.9784401644868,69.59784401644869,-23.23258137211633,-1.3513513513513598,154.88387581410848,8.368200836820089,1850.8623159785952,851.8613169775962,0.0
123,765.6761842808357,76.56761842808358,69.69774411634899,4.109589041095907,85.18613169775949,4.60251046025104,1850.8623159785952,851.8613169775962,0.0
124,757.9319904901301,75.793199049013,-7.744193790705594,-0.43859649122808264,92.93032548846509,5.020920502092053,1850.8623159785952,851.8613169775962,0.0
125,726.9552153273085,72.69552153273085,-30.976775162821696,-1.7621145374449365,123.90710065128678,6.69456066945607,1850.8623159785952,851.8613169775962,0.0
126,703.7226339551924,70.37226339551923,-23.2325813721161,-1.3452914798206206,147.13968202340288,7.949790794979076,1850.8623159785952,851.8613169775962,0.0
127,688.2342463737814,68.82342463737814,-15.488387581410962,-0.909090909090915,162.62806960481385,8.78661087866109,1850.8623159785952,851.8613169775962,0.0
128,773.4203780715411,77.34203780715411,85.18613169775972,5.045871559633031,77.44193790705413,4.184100418410038,1850.8623159785952,851.8613169775962,0.0
129,843.1181221878899,84.31181221878899,69.69774411634876,3.9301310043668103,7.744193790705367,0.4184100418410014,1850.8623159785952,851.8613169775962,0.0
130,843.1181221878899,84.31181221878899,0.0,0.0,7.744193790705367,0.4184100418410014,1850.8623159785952,851.8613169775962,0.0
131,819.8855408157735,81.98855408157735,-23.23258137211633,-1.260504201680679,30.976775162821696,1.6736401673640176,1850.8623159785952,851.8613169775962,0.0
132,788.9087656529518,78.89087656529519,-30.976775162821696,-1.7021276595744705,61.95355032564339,3.347280334728035,1850.8623159785952,851.8613169775962,0.0
133,843.1181221878899,84.31181221878899,54.209356534938024,3.0303030303030276,7.744193790705367,0.4184100418410014,1850.8623159785952,851.8613169775962,0.0
134,866.3507035600062,86.63507035600063,23.23258137211633,1.2605042016806678,0.0,0.0,1866.3507035600062,867.3497045590071,0.0
135,788.9087656529518,78.89087656529519,-77.44193790705435,-4.149377593361003,77.44193790705435,4.149377593361004,1866.3507035600062,867.3497045590071,0.0
136,726.9552153273085,72.69552153273085,-61.95355032564339,-3.463203463203468,139.39548823269774,7.468879668049802,1866.3507035600062,867.3497045590071,0.0
137,688.2342463737814,68.82342463737814,-38.72096895352706,-2.2421524663677084,178.1164571862248,9.543568464730297,1866.3507035600062,867.3497045590071,0.0
138,657.2574712109597,65.72574712109598,-30.976775162821696,-1.834862385321101,209.0932323490465,11.203319502074697,1866.3507035600062,867.3497045590071,0.0
139,641.769083629549,64.17690836295489,-15.488387581410734,-0.9345794392523255,224.58161993045724,12.033195020746891,1866.3507035600062,867.3497045590071,0.0
140,695.9784401644868,69.59784401644869,54.2093565349378,3.301886792452824,170.37226339551944,9.128630705394201,1866.3507035600062,867.3497045590071,0.0
141,726.9552153273085,72.69552153273085,30.976775162821696,1.82648401826484,139.39548823269774,7.468879668049802,1866.3507035600062,867.3497045590071,0.0
142,757.9319904901301,75.793199049013,30.976775162821696,1.7937219730941756,108.41871306987605,5.809128630705404,1866.3507035600062,867.3497045590071,0.0
143,719.2110215366031,71.9211021536603,-38.72096895352706,-2.2026431718061623,147.1396820234031,7.883817427385899,1866.3507035600062,867.3497045590071,0.0
144,742.4436029087194,74.24436029087194,23.23258137211633,1.3513513513513598,123.90710065128678,6.639004149377596,1866.3507035600062,867.3497045590071,0.0
145,742.4436029087194,74.24436029087194,0.0,0.0,123.90710065128678,6.639004149377596,1866.3507035600062,867.3497045590071,0.0
146,680.490052583076,68.04900525830759,-61.95355032564339,-3.5555555555555562,185.86065097693017,9.958506224066396,1866.3507035600062,867.3497045590071,0.0
147,765.6761842808357,76.56761842808358,85.18613169775972,5.069124423963145,100.67451927917045,5.394190871369294,1866.3507035600062,867.3497045590071,0.0
148,781.1645718622465,78.11645718622464,15.488387581410734,0.8771929824561431,85.18613169775972,4.5643153526971005,1866.3507035600062,867.3497045590071,0.0
149,765.6761842808357,76.56761842808358,-15.488387581410734,-0.8695652173912993,100.67451927917045,5.394190871369294,1866.3507035600062,867.3497045590071,0.0
150,788.9087656529518,78.89087656529519,23.2325813721161,1.3157894736842035,77.44193790705435,4.149377593361004,1866.3507035600062,867.3497045590071,0.0
151,804.3971532343628,80.43971532343627,15.488387581410962,0.8658008658008809,61.95355032564339,3.319502074688798,1866.3507035600062,867.3497045590071,0.0
152,804.3971532343628,80.43971532343627,0.0,0.0,61.95355032564339,3.319502074688798,1866.3507035600062,867.3497045590071,0.0
153,866.3507035600062,86.63507035600063,61.95355032564339,3.433476394849788,0.0,0.0,1866.3507035600062,867.3497045590071,0.0
154,1044.4671607462308,104.44671607462305,178.11645718622458,9.543568464730278,0.0,0.0,2044.4671607462308,1045.4661617452316,0.0
155,1005.7461917927037,100.57461917927037,-38.72096895352706,-1.8939393939393923,38.72096895352706,1.8939393939393923,2044.4671607462308,1045.4661617452316,0.0
156,920.560060094944,92.0560060094944,-85.18613169775972,-4.24710424710425,123.90710065128678,6.060606060606064,2044.4671607462308,1045.4661617452316,0.0
157,936.048447676355,93.60484476763548,15.488387581410962,0.8064516129032251,108.41871306987582,5.3030303030303,2044.4671607462308,1045.4661617452316,0.0
158,866.3507035600062,86.63507035600063,-69.69774411634876,-3.600000000000003,178.11645718622458,8.71212121212121,2044.4671607462308,1045.4661617452316,0.0
159,796.6529594436572,79.66529594436571,-69.69774411634899,-3.734439834024905,247.81420130257357,12.121212121212128,2044.4671607462308,1045.4661617452316,0.0
160,905.0716725135333,90.50716725135332,108.41871306987605,6.034482758620707,139.39548823269752,6.818181818181817,2044.4671607462308,1045.4661617452316,0.0
161,936.048447676355,93.60484476763548,30.976775162821696,1.6260162601626105,108.41871306987582,5.3030303030303,2044.4671607462308,1045.4661617452316,0.0
162,928.3042538856494,92.83042538856495,-7.744193790705594,-0.40000000000001146,116.16290686058142,5.681818181818188,2044.4671607462308,1045.4661617452316,0.0
163,905.0716725135333,90.50716725135332,-23.2325813721161,-1.2048192771084265,139.39548823269752,6.818181818181817,2044.4671607462308,1045.4661617452316,0.0
164,858.6065097693006,85.86065097693006,-46.46516274423266,-2.4390243902439046,185.86065097693017,9.090909090909095,2044.4671607462308,1045.4661617452316,0.0
165,750.1877966994248,75.01877966994248,-108.41871306987582,-5.833333333333335,294.279364046806,14.393939393939394,2044.4671607462308,1045.4661617452316,0.0
166,742.4436029087194,74.24436029087194,-7.744193790705367,-0.4424778761061954,302.02355783751136,14.772727272727273,2044.4671607462308,1045.4661617452316,0.0
167,812.1413470250682,81.21413470250683,69.69774411634876,4.0000000000000036,232.3258137211626,11.363636363636365,2044.4671607462308,1045.4661617452316,0.0
168,773.4203780715411,77.34203780715411,-38.72096895352706,-2.1367521367521403,271.04678267468967,13.257575757575758,2044.4671607462308,1045.4661617452316,0.0
169,695.9784401644868,69.59784401644869,-77.44193790705435,-4.366812227074246,348.488720581744,17.045454545454554,2044.4671607462308,1045.4661617452316,0.0
170,626.280696048138,62.628069604813795,-69.69774411634876,-4.109589041095885,418.1864646980928,20.45454545454546,2044.4671607462308,1045.4661617452316,0.0
171,665.0016650016653,66.50016650016653,38.72096895352729,2.3809523809523947,379.4654957445655,18.56060606060606,2044.4671607462308,1045.4661617452316,0.0
172,781.1645718622465,78.11645718622464,116.16290686058119,6.976744186046502,263.3025888839843,12.87878787878788,2044.4671607462308,1045.4661617452316,0.0
173,734.699409118014,73.46994091180142,-46.46516274423243,-2.608695652173909,309.76775162821673,15.151515151515149,2044.4671607462308,1045.4661617452316,0.0
174,734.699409118014,73.46994091180142,0.0,0.0,309.76775162821673,15.151515151515149,2044.4671607462308,1045.4661617452316,0.0
175,742.4436029087194,74.24436029087194,7.744193790705367,0.44642857142855874,302.02355783751136,14.772727272727273,2044.4671607462308,1045.4661617452316,0.0
176,734.699409118014,73.46994091180142,-7.744193790705367,-0.4444444444444362,309.76775162821673,15.151515151515149,2044.4671607462308,1045.4661617452316,0.0
177,796.6529594436572,79.66529594436571,61.953550325643164,3.5714285714285587,247.81420130257357,12.121212121212128,2044.4671607462308,1045.4661617452316,0.0
178,827.6297346064789,82.7629734606479,30.976775162821696,1.724137931034475,216.83742613975187,10.606060606060613,2044.4671607462308,1045.4661617452316,0.0
179,827.6297346064789,82.7629734606479,0.0,0.0,216.83742613975187,10.606060606060613,2044.4671607462308,1045.4661617452316,0.0
180,920.560060094944,92.0560060094944,92.93032548846509,5.084745762711873,123.90710065128678,6.060606060606064,2044.4671607462308,1045.4661617452316,0.0
181,920.560060094944,92.0560060094944,0.0,0.0,123.90710065128678,6.060606060606064,2044.4671607462308,1045.4661617452316,0.0
182,920.560060094944,92.0560060094944,0.0,0.0,123.90710065128678,6.060606060606064,2044.4671607462308,1045.4661617452316,0.0
183,905.0716725135333,90.50716725135332,-15.488387581410734,-0.8064516129032251,139.39548823269752,6.818181818181817,2044.4671607462308,1045.4661617452316,0.0
184,951.5368352577657,95.15368352577657,46.46516274423243,2.4390243902439046,92.93032548846509,4.545454545454548,2044.4671607462308,1045.4661617452316,0.0
185,920.560060094944,92.0560060094944,-30.976775162821696,-1.5873015873015928,123.90710065128678,6.060606060606064,2044.4671607462308,1045.4661617452316,0.0
186,951.5368352577657,95.15368352577657,30.976775162821696,1.6129032258064502,92.93032548846509,4.545454545454548,2044.4671607462308,1045.4661617452316,0.0
187,936.048447676355,93.60484476763548,-15.488387581410734,-0.7936507936507908,108.41871306987582,5.3030303030303,2044.4671607462308,1045.4661617452316,0.0
188,889.5832849321223,88.95832849321224,-46.46516274423266,-2.400000000000002,154.88387581410848,7.57575757575758,2044.4671607462308,1045.4661617452316,0.0
189,858.6065097693006,85.86065097693006,-30.976775162821696,-1.6393442622950838,185.86065097693017,9.090909090909095,2044.4671607462308,1045.4661617452316,0.0
190,796.6529594436572,79.66529594436571,-61.95355032564339,-3.3333333333333326,247.81420130257357,12.121212121212128,2044.4671607462308,1045.4661617452316,0.0
191,750.1877966994248,75.01877966994248,-46.46516274423243,-2.5862068965517238,294.279364046806,14.393939393939394,2044.4671607462308,1045.4661617452316,0.0
192,827.6297346064789,82.7629734606479,77.44193790705413,4.424778761061954,216.83742613975187,10.606060606060613,2044.4671607462308,1045.4661617452316,0.0
193,905.0716725135333,90.50716725135332,77.44193790705435,4.237288135593231,139.39548823269752,6.818181818181817,2044.4671607462308,1045.4661617452316,0.0
194,905.0716725135333,90.50716725135332,0.0,0.0,139.39548823269752,6.818181818181817,2044.4671607462308,1045.4661617452316,0.0
195,974.769416629882,97.4769416629882,69.69774411634876,3.658536585365857,69.69774411634876,3.4090909090909083,2044.4671607462308,1045.4661617452316,0.0
196,936.048447676355,93.60484476763548,-38.72096895352706,-1.9607843137254832,108.41871306987582,5.3030303030303,2044.4671607462308,1045.4661617452316,0.0
197,936.048447676355,93.60484476763548,0.0,0.0,108.41871306987582,5.3030303030303,2044.4671607462308,1045.4661617452316,0.0
198,943.7926414670603,94.37926414670603,7.744193790705367,0.40000000000000036,100.67451927917045,4.924242424242424,2044.4671607462308,1045.4661617452316,0.0
199,905.0716725135333,90.50716725135332,-38.72096895352706,-1.9920318725099584,139.39548823269752,6.818181818181817,2044.4671607462308,1045.4661617452316,0.0
200,843.1181221878899,84.31181221878899,-61.95355032564339,-3.25203252032521,201.3490385583409,9.848484848484848,2044.4671607462308,1045.4661617452316,0.0
201,788.9087656529518,78.89087656529519,-54.209356534938024,-2.941176470588236,255.55839509327893,12.500000000000005,2044.4671607462308,1045.4661617452316,0.0
202,835.3739283971845,83.53739283971846,46.46516274423266,2.5974025974025983,209.09323234904627,10.227272727272725,2044.4671607462308,1045.4661617452316,0.0
203,835.3739283971845,83.53739283971846,0.0,0.0,209.09323234904627,10.227272727272725,2044.4671607462308,1045.4661617452316,0.0
204,874.0948973507116,87.40948973507116,38.72096895352706,2.1097046413502074,170.3722633955192,8.333333333333332,2044.4671607462308,1045.4661617452316,0.0
205,874.0948973507116,87.40948973507116,0.0,0.0,170.3722633955192,8.333333333333332,2044.4671607462308,1045.4661617452316,0.0
206,920.560060094944,92.0560060094944,46.46516274423243,2.4793388429751984,123.90710065128678,6.060606060606064,2044.4671607462308,1045.4661617452316,0.0
207,889.5832849321223,88.95832849321224,-30.976775162821696,-1.6129032258064502,154.88387581410848,7.57575757575758,2044.4671607462308,1045.4661617452316,0.0
208,858.6065097693006,85.86065097693006,-30.976775162821696,-1.6393442622950838,185.86065097693017,9.090909090909095,2044.4671607462308,1045.4661617452316,0.0
209,881.8390911414169,88.18390911414168,23.23258137211633,1.2499999999999956,162.62806960481385,7.954545454545456,2044.4671607462308,1045.4661617452316,0.0
210,866.3507035600062,86.63507035600063,-15.488387581410734,-0.8230452674897082,178.11645718622458,8.71212121212121,2044.4671607462308,1045.4661617452316,0.0
211,843.1181221878899,84.31181221878899,-23.23258137211633,-1.2448132780083054,201.3490385583409,9.848484848484848,2044.4671607462308,1045.4661617452316,0.0
212,827.6297346064789,82.7629734606479,-15.488387581410962,-0.8403361344537896,216.83742613975187,10.606060606060613,2044.4671607462308,1045.4661617452316,0.0
213,819.8855408157735,81.98855408157735,-7.744193790705367,-0.4237288135593209,224.58161993045724,10.984848484848488,2044.4671607462308,1045.4661617452316,0.0
214,835.3739283971845,83.53739283971846,15.488387581410962,0.8510638297872353,209.09323234904627,10.227272727272725,2044.4671607462308,1045.4661617452316,0.0
215,881.8390911414169,88.18390911414168,46.46516274423243,2.5316455696202445,162.62806960481385,7.954545454545456,2044.4671607462308,1045.4661617452316,0.0
216,858.6065097693006,85.86065097693006,-23.23258137211633,-1.2345679012345734,185.86065097693017,9.090909090909095,2044.4671607462308,1045.4661617452316,0.0
217,951.5368352577657,95.15368352577657,92.93032548846509,5.000000000000004,92.93032548846509,4.545454545454548,2044.4671607462308,1045.4661617452316,0.0
218,1028.9787731648198,102.89787731648197,77.44193790705413,3.968253968253954,15.488387581410962,0.7575757575757636,2044.4671607462308,1045.4661617452316,0.0
219,951.5368352577657,95.15368352577657,-77.44193790705413,-3.8167938931297662,92.93032548846509,4.545454545454548,2044.4671607462308,1045.4661617452316,0.0
220,1036.7229669555254,103.67229669555256,85.18613169775972,4.365079365079372,7.744193790705367,0.37878787878787623,2044.4671607462308,1045.4661617452316,0.0
221,1059.9555483276417,105.9955548327642,23.23258137211633,1.1406844106463865,0.0,0.0,2059.9555483276417,1060.9545493266428,0.0
222,1021.2345793741144,102.12345793741147,-38.72096895352729,-1.8796992481203145,38.72096895352729,1.87969924812031,2059.9555483276417,1060.9545493266428,0.0
223,1052.2113545369361,105.2211354536936,30.976775162821696,1.5325670498084198,7.744193790705594,0.3759398496240686,2059.9555483276417,1060.9545493266428,0.0
224,1013.4903855834091,101.34903855834092,-38.72096895352706,-1.8867924528301883,46.46516274423266,2.255639097744367,2059.9555483276417,1060.9545493266428,0.0
225,1044.4671607462308,104.44671607462305,30.976775162821696,1.538461538461533,15.488387581410962,0.7518796992481261,2059.9555483276417,1060.9545493266428,0.0
226,1036.7229669555254,103.67229669555256,-7.744193790705367,-0.37878787878787845,23.23258137211633,1.1278195488721836,2059.9555483276417,1060.9545493266428,0.0
227,1036.7229669555254,103.67229669555256,0.0,0.0,23.23258137211633,1.1278195488721836,2059.9555483276417,1060.9545493266428,0.0
228,990.2578042112928,99.02578042112928,-46.46516274423266,-2.281368821292784,69.69774411634899,3.3834586466165515,2059.9555483276417,1060.9545493266428,0.0
229,1044.4671607462308,104.44671607462305,54.209356534938024,2.723735408560324,15.488387581410962,0.7518796992481261,2059.9555483276417,1060.9545493266428,0.0
230,998.0019980019981,99.8001998001998,-46.46516274423266,-2.272727272727282,61.95355032564362,3.007518796992494,2059.9555483276417,1060.9545493266428,0.0
231,1036.7229669555254,103.67229669555256,38.72096895352729,1.9379844961240345,23.23258137211633,1.1278195488721836,2059.9555483276417,1060.9545493266428,0.0
232,1013.4903855834091,101.34903855834092,-23.23258137211633,-1.1406844106463865,46.46516274423266,2.255639097744367,2059.9555483276417,1060.9545493266428,0.0
233,1028.9787731648198,102.89787731648197,15.488387581410734,0.7692307692307665,30.976775162821923,1.5037593984962523,2059.9555483276417,1060.9545493266428,0.0
234,998.0019980019981,99.8001998001998,-30.976775162821696,-1.526717557251911,61.95355032564362,3.007518796992494,2059.9555483276417,1060.9545493266428,0.0
235,974.769416629882,97.4769416629882,-23.2325813721161,-1.1627906976744096,85.18613169775972,4.135338345864667,2059.9555483276417,1060.9545493266428,0.0
236,990.2578042112928,99.02578042112928,15.488387581410734,0.7843137254901933,69.69774411634899,3.3834586466165515,2059.9555483276417,1060.9545493266428,0.0
237,951.5368352577657,95.15368352577657,-38.72096895352706,-1.9455252918287869,108.41871306987605,5.2631578947368505,2059.9555483276417,1060.9545493266428,0.0
238,858.6065097693006,85.86065097693006,-92.93032548846509,-4.761904761904767,201.34903855834114,9.774436090225574,2059.9555483276417,1060.9545493266428,0.0
239,905.0716725135333,90.50716725135332,46.46516274423266,2.5000000000000133,154.88387581410848,7.518796992481207,2059.9555483276417,1060.9545493266428,0.0
240,920.560060094944,92.0560060094944,15.488387581410734,0.8130081300812941,139.39548823269774,6.766917293233092,2059.9555483276417,1060.9545493266428,0.0
241,920.560060094944,92.0560060094944,0.0,0.0,139.39548823269774,6.766917293233092,2059.9555483276417,1060.9545493266428,0.0
242,905.0716725135333,90.50716725135332,-15.488387581410734,-0.8064516129032251,154.88387581410848,7.518796992481207,2059.9555483276417,1060.9545493266428,0.0
243,897.3274787228277,89.73274787228276,-7.744193790705594,-0.40650406504065817,162.62806960481407,7.894736842105275,2059.9555483276417,1060.9545493266428,0.0
244,881.8390911414169,88.18390911414168,-15.488387581410734,-0.8163265306122436,178.1164571862248,8.64661654135339,2059.9555483276417,1060.9545493266428,0.0
245,858.6065097693006,85.86065097693006,-23.23258137211633,-1.2345679012345734,201.34903855834114,9.774436090225574,2059.9555483276417,1060.9545493266428,0.0
246,810.3292056780431,81.03292056780431,-48.27730409125752,-2.597499999999997,249.62634264959866,12.118045112781962,2059.9555483276417,1060.9545493266428,0.0
247,810.3292056780431,81.03292056780431,0.0,0.0,249.62634264959866,12.118045112781962,2059.9555483276417,0.0,0.0
248,810.3292056780431,81.03292056780431,0.0,0.0,249.62634264959866,12.118045112781962,2059.9555483276417,0.0,0.0
249,810.3292056780431,81.03292056780431,0.0,0.0,249.62634264959866,12.118045112781962,2059.9555483276417,0.0,0.0
250,810.3292056780431,81.03292056780431,0.0,0.0,249.62634264959866,12.118045112781962,2059.9555483276417,0.0,0.0
251,810.3292056780431,81.03292056780431,0.0,0.0,249.62634264959866,12.118045112781962,2059.9555483276417,0.0,0.0
252,810.3292056780431,81.03292056780431,0.0,0.0,249.62634264959866,12.118045112781962,2059.9555483276417,0.0,0.0
253,810.3292056780431,81.03292056780431,0.0,0.0,249.62634264959866,12.118045112781962,2059.9555483276417,0.0,0.0
254,810.3292056780431,81.03292056780431,0.0,0.0,249.62634264959866,12.118045112781962,2059.9555483276417,0.0,0.0
255,810.3292056780431,81.03292056780431,0.0,0.0,249.62634264959866,12.118045112781962,2059.9555483276417,0.0,0.0
256,810.3292056780431,81.03292056780431,0.0,0.0,249.62634264959866,12.118045112781962,2059.9555483276417,0.0,0.0
257,810.3292056780431,81.03292056780431,0.0,0.0,249.62634264959866,12.118045112781962,2059.9555483276417,0.0,0.0
258,810.3292056780431,81.03292056780431,0.0,0.0,249.62634264959866,12.118045112781962,2059.9555483276417,0.0,0.0
259,810.3292056780431,81.03292056780431,0.0,0.0,249.62634264959866,12.118045112781962,2059.9555483276417,0.0,0.0
260,810.3292056780431,81.03292056780431,0.0,0.0,249.62634264959866,12.118045112781962,2059.9555483276417,0.0,0.0
261,810.3292056780431,81.03292056780431,0.0,0.0,249.62634264959866,12.118045112781962,2059.9555483276417,0.0,0.0
262,810.3292056780431,81.03292056780431,0.0,0.0,249.62634264959866,12.118045112781962,2059.9555483276417,0.0,0.0
263,810.3292056780431,81.03292056780431,0.0,0.0,249.62634264959866,12.118045112781962,2059.9555483276417,0.0,0.0
264,810.3292056780431,81.03292056780431,0.0,0.0,249.62634264959866,12.118045112781962,2059.9555483276417,0.0,0.0
265,810.3292056780431,81.03292056780431,0.0,0.0,249.62634264959866,12.118045112781962,2059.9555483276417,0.0,0.0
266,810.3292056780431,81.03292056780431,0.0,0.0,249.62634264959866,12.118045112781962,2059.9555483276417,0.0,0.0
267,810.3292056780431,81.03292056780431,0.0,0.0,249.62634264959866,12.118045112781962,2059.9555483276417,0.0,0.0
268,810.3292056780431,81.03292056780431,0.0,0.0,249.62634264959866,12.118045112781962,2059.9555483276417,0.0,0.0
269,810.3292056780431,81.03292056780431,0.0,0.0,249.62634264959866,12.118045112781962,2059.9555483276417,0.0,0.0
270,810.3292056780431,81.03292056780431,0.0,0.0,249.62634264959866,12.118045112781962,2059.9555483276417,0.0,0.0
271,810.3292056780431,81.03292056780431,0.0,0.0,249.62634264959866,12.118045112781962,2059.9555483276417,0.0,0.0
272,810.3292056780431,81.03292056780431,0.0,0.0,249.62634264959866,12.118045112781962,2059.9555483276417,0.0,0.0
273,810.3292056780431,81.03292056780431,0.0,0.0,249.62634264959866,12.118045112781962,2059.9555483276417,0.0,0.0
274,810.3292056780431,81.03292056780431,0.0,0.0,249.62634264959866,12.118045112781962,2059.9555483276417,0.0,0.0
275,810.3292056780431,81.03292056780431,0.0,0.0,249.62634264959866,12.118045112781962,2059.9555483276417,0.0,0.0
276,810.3292056780431,81.03292056780431,0.0,0.0,249.62634264959866,12.118045112781962,2059.9555483276417,0.0,0.0
277,810.3292056780431,81.03292056780431,0.0,0.0,249.62634264959866,12.118045112781962,2059.9555483276417,0.0,0.0
278,810.3292056780431,81.03292056780431,0.0,0.0,249.62634264959866,12.118045112781962,2059.9555483276417,0.0,0.0
279,808.5206849930503,80.85206849930502,-1.8085206849928,-0.09990009990008542,251.43486333459145,12.205839273508442,2059.9555483276417,0.0,0.0
280,801.1389679114461,80.1138967911446,-7.381717081604165,-0.40816326530611624,258.8165804161956,12.564182786677788,2059.9555483276417,0.0,-7.381717081604165
281,793.7572508298417,79.37572508298419,-7.381717081604393,-0.4098360655737765,266.1982974978,12.922526299847148,2059.9555483276417,0.0,-14.763434163208558
282,793.7572508298417,79.37572508298419,0.0,0.0,266.1982974978,12.922526299847148,2059.9555483276417,0.0,-14.763434163208558
283,778.9938166666332,77.89938166666333,-14.763434163208558,-0.8230452674897082,280.96173166100857,13.639213326185853,2059.9555483276417,0.0,-29.526868326417116
284,778.9938166666332,77.89938166666333,0.0,0.0,280.96173166100857,13.639213326185853,2059.9555483276417,0.0,-29.526868326417116
285,786.3755337482376,78.63755337482377,7.381717081604393,0.4149377593360981,273.5800145794042,13.280869813016494,2059.9555483276417,0.0,-29.526868326417116
286,756.8486654218202,75.68486654218202,-29.526868326417343,-1.6528925619834767,303.1068829058215,14.714243865693918,2059.9555483276417,0.0,-51.67201957123007
287,756.8486654218202,75.68486654218202,0.0,0.0,303.1068829058215,14.714243865693918,2059.9555483276417,0.0,-51.67201957123007
288,756.8486654218202,75.68486654218202,0.0,0.0,303.1068829058215,14.714243865693918,2059.9555483276417,0.0,-51.67201957123007
289,740.343146027353,74.03431460273531,-16.50551939446723,-0.9394957983193342,319.61240230028875,15.515499961140595,2059.9555483276417,0.0,-68.1775389656973
290,740.343146027353,74.03431460273531,0.0,0.0,319.61240230028875,15.515499961140595,2059.9555483276417,0.0,0.0
291,740.343146027353,74.03431460273531,0.0,0.0,319.61240230028875,15.515499961140595,2059.9555483276417,0.0,0.0
292,740.343146027353,74.03431460273531,0.0,0.0,319.61240230028875,15.515499961140595,2059.9555483276417,0.0,0.0
293,740.343146027353,74.03431460273531,0.0,0.0,319.61240230028875,15.515499961140595,2059.9555483276417,0.0,0.0
294,740.343146027353,74.03431460273531,0.0,0.0,319.61240230028875,15.515499961140595,2059.9555483276417,0.0,0.0
295,740.343146027353,74.03431460273531,0.0,0.0,319.61240230028875,15.515499961140595,2059.9555483276417,0.0,0.0
296,740.343146027353,74.03431460273531,0.0,0.0,319.61240230028875,15.515499961140595,2059.9555483276417,0.0,0.0
297,740.343146027353,74.03431460273531,0.0,0.0,319.61240230028875,15.515499961140595,2059.9555483276417,0.0,0.0
298,740.343146027353,74.03431460273531,0.0,0.0,319.61240230028875,15.515499961140595,2059.9555483276417,0.0,0.0
299,740.343146027353,74.03431460273531,0.0,0.0,319.61240230028875,15.515499961140595,2059.9555483276417,0.0,0.0
300,740.343146027353,74.03431460273531,0.0,0.0,319.61240230028875,15.515499961140595,2059.9555483276417,0.0,0.0
301,738.6045414858672,73.86045414858673,-1.7386045414857563,-0.09990009990009652,321.3510068417745,15.599900061079508,2059.9555483276417,0.0,0.0
302,696.1995526691387,69.61995526691386,-42.40498881672852,-2.4390243902439046,363.755995658503,17.65843908398001,2059.9555483276417,0.0,-42.40498881672852
303,689.1320545330173,68.91320545330173,-7.067498136121458,-0.4166666666666652,370.8234937946245,18.0015289211301,2059.9555483276417,0.0,-49.47248695284998
304,674.9970582607746,67.49970582607745,-14.134996272242688,-0.8368200836819994,384.95849006686717,18.687708595430255,2059.9555483276417,0.0,-63.607483225092665
305,689.1320545330173,68.91320545330173,14.134996272242688,0.8438818565400741,370.8234937946245,18.0015289211301,2059.9555483276417,0.0,-63.607483225092665
306,717.4020470775031,71.74020470775031,28.26999254448583,1.673640167364021,342.55350125013865,16.629169572529754,2059.9555483276417,0.0,-63.607483225092665
307,674.9970582607746,67.49970582607745,-42.40498881672852,-2.4691358024691357,384.95849006686717,18.687708595430255,2059.9555483276417,0.0,-63.607483225092665
308,659.201199926543,65.9201199926543,-15.795858334231525,-0.9430379746835582,400.7543484010987,19.4545143814607,2059.9555483276417,0.0,-79.40334155932419
309,659.201199926543,65.9201199926543,0.0,0.0,400.7543484010987,19.4545143814607,2059.9555483276417,0.0,0.0
310,659.201199926543,65.9201199926543,0.0,0.0,400.7543484010987,19.4545143814607,2059.9555483276417,0.0,0.0
311,659.201199926543,65.9201199926543,0.0,0.0,400.7543484010987,19.4545143814607,2059.9555483276417,0.0,0.0
312,659.201199926543,65.9201199926543,0.0,0.0,400.7543484010987,19.4545143814607,2059.9555483276417,0.0,0.0
313,659.201199926543,65.9201199926543,0.0,0.0,400.7543484010987,19.4545143814607,2059.9555483276417,0.0,0.0
314,659.201199926543,65.9201199926543,0.0,0.0,400.7543484010987,19.4545143814607,2059.9555483276417,0.0,0.0
315,659.201199926543,65.9201199926543,0.0,0.0,400.7543484010987,19.4545143814607,2059.9555483276417,0.0,0.0
316,659.201199926543,65.9201199926543,0.0,0.0,400.7543484010987,19.4545143814607,2059.9555483276417,0.0,0.0
317,659.201199926543,65.9201199926543,0.0,0.0,400.7543484010987,19.4545143814607,2059.9555483276417,0.0,0.0
318,659.201199926543,65.9201199926543,0.0,0.0,400.7543484010987,19.4545143814607,2059.9555483276417,0.0,0.0
319,659.201199926543,65.9201199926543,0.0,0.0,400.7543484010987,19.4545143814607,2059.9555483276417,0.0,0.0
320,659.201199926543,65.9201199926543,0.0,0.0,400.7543484010987,19.4545143814607,2059.9555483276417,0.0,0.0
321,659.201199926543,65.9201199926543,0.0,0.0,400.7543484010987,19.4545143814607,2059.9555483276417,0.0,0.0
322,659.201199926543,65.9201199926543,0.0,0.0,400.7543484010987,19.4545143814607,2059.9555483276417,0.0,0.0
323,659.201199926543,65.9201199926543,0.0,0.0,400.7543484010987,19.4545143814607,2059.9555483276417,0.0,0.0
324,659.201199926543,65.9201199926543,0.0,0.0,400.7543484010987,19.4545143814607,2059.9555483276417,0.0,0.0
325,659.201199926543,65.9201199926543,0.0,0.0,400.7543484010987,19.4545143814607,2059.9555483276417,0.0,0.0
326,659.201199926543,65.9201199926543,0.0,0.0,400.7543484010987,19.4545143814607,2059.9555483276417,0.0,0.0
327,659.201199926543,65.9201199926543,0.0,0.0,400.7543484010987,19.4545143814607,2059.9555483276417,0.0,0.0
328,659.201199926543,65.9201199926543,0.0,0.0,400.7543484010987,19.4545143814607,2059.9555483276417,0.0,0.0
329,659.201199926543,65.9201199926543,0.0,0.0,400.7543484010987,19.4545143814607,2059.9555483276417,0.0,0.0
330,659.201199926543,65.9201199926543,0.0,0.0,400.7543484010987,19.4545143814607,2059.9555483276417,0.0,0.0
331,659.201199926543,65.9201199926543,0.0,0.0,400.7543484010987,19.4545143814607,2059.9555483276417,0.0,0.0
332,659.201199926543,65.9201199926543,0.0,0.0,400.7543484010987,19.4545143814607,2059.9555483276417,0.0,0.0
333,659.201199926543,65.9201199926543,0.0,0.0,400.7543484010987,19.4545143814607,2059.9555483276417,0.0,0.0
334,659.201199926543,65.9201199926543,0.0,0.0,400.7543484010987,19.4545143814607,2059.9555483276417,0.0,0.0
335,659.201199926543,65.9201199926543,0.0,0.0,400.7543484010987,19.4545143814607,2059.9555483276417,0.0,0.0
336,659.201199926543,65.9201199926543,0.0,0.0,400.7543484010987,19.4545143814607,2059.9555483276417,0.0,0.0
337,659.201199926543,65.9201199926543,0.0,0.0,400.7543484010987,19.4545143814607,2059.9555483276417,0.0,0.0
338,659.201199926543,65.9201199926543,0.0,0.0,400.7543484010987,19.4545143814607,2059.9555483276417,0.0,0.0
339,659.201199926543,65.9201199926543,0.0,0.0,400.7543484010987,19.4545143814607,2059.9555483276417,0.0,0.0
340,659.201199926543,65.9201199926543,0.0,0.0,400.7543484010987,19.4545143814607,2059.9555483276417,0.0,0.0
341,659.201199926543,65.9201199926543,0.0,0.0,400.7543484010987,19.4545143814607,2059.9555483276417,0.0,0.0
342,659.201199926543,65.9201199926543,0.0,0.0,400.7543484010987,19.4545143814607,2059.9555483276417,0.0,0.0
343,659.201199926543,65.9201199926543,0.0,0.0,400.7543484010987,19.4545143814607,2059.9555483276417,0.0,0.0
344,659.201199926543,65.9201199926543,0.0,0.0,400.7543484010987,19.4545143814607,2059.9555483276417,0.0,0.0
345,659.201199926543,65.9201199926543,0.0,0.0,400.7543484010987,19.4545143814607,2059.9555483276417,0.0,0.0
346,659.201199926543,65.9201199926543,0.0,0.0,400.7543484010987,19.4545143814607,2059.9555483276417,0.0,0.0
347,659.201199926543,65.9201199926543,0.0,0.0,400.7543484010987,19.4545143814607,2059.9555483276417,0.0,0.0
348,659.201199926543,65.9201199926543,0.0,0.0,400.7543484010987,19.4545143814607,2059.9555483276417,0.0,0.0
349,659.201199926543,65.9201199926543,0.0,0.0,400.7543484010987,19.4545143814607,2059.9555483276417,0.0,0.0
350,659.201199926543,65.9201199926543,0.0,0.0,400.7543484010987,19.4545143814607,2059.9555483276417,0.0,0.0
351,659.201199926543,65.9201199926543,0.0,0.0,400.7543484010987,19.4545143814607,2059.9555483276417,0.0,0.0
352,659.201199926543,65.9201199926543,0.0,0.0,400.7543484010987,19.4545143814607,2059.9555483276417,0.0,0.0
353,659.201199926543,65.9201199926543,0.0,0.0,400.7543484010987,19.4545143814607,2059.9555483276417,0.0,0.0
354,659.201199926543,65.9201199926543,0.0,0.0,400.7543484010987,19.4545143814607,2059.9555483276417,0.0,0.0
355,659.201199926543,65.9201199926543,0.0,0.0,400.7543484010987,19.4545143814607,2059.9555483276417,0.0,0.0
356,659.201199926543,65.9201199926543,0.0,0.0,400.7543484010987,19.4545143814607,2059.9555483276417,0.0,0.0
357,659.201199926543,65.9201199926543,0.0,0.0,400.7543484010987,19.4545143814607,2059.9555483276417,0.0,0.0
358,659.201199926543,65.9201199926543,0.0,0.0,400.7543484010987,19.4545143814607,2059.9555483276417,0.0,0.0
359,659.201199926543,65.9201199926543,0.0,0.0,400.7543484010987,19.4545143814607,2059.9555483276417,0.0,0.0
360,659.201199926543,65.9201199926543,0.0,0.0,400.7543484010987,19.4545143814607,2059.9555483276417,0.0,0.0
361,659.201199926543,65.9201199926543,0.0,0.0,400.7543484010987,19.4545143814607,2059.9555483276417,0.0,0.0
362,659.201199926543,65.9201199926543,0.0,0.0,400.7543484010987,19.4545143814607,2059.9555483276417,0.0,0.0
363,659.201199926543,65.9201199926543,0.0,0.0,400.7543484010987,19.4545143814607,2059.9555483276417,0.0,0.0
364,659.201199926543,65.9201199926543,0.0,0.0,400.7543484010987,19.4545143814607,2059.9555483276417,0.0,0.0
365,659.201199926543,65.9201199926543,0.0,0.0,400.7543484010987,19.4545143814607,2059.9555483276417,0.0,0.0
366,659.201199926543,65.9201199926543,0.0,0.0,400.7543484010987,19.4545143814607,2059.9555483276417,0.0,0.0
367,657.543656270273,65.7543656270273,-1.657543656270036,-0.09990009990008542,402.41189205736873,19.53497940205863,2059.9555483276417,0.0,0.0
368,671.3565200725254,67.13565200725253,13.812863802252423,0.8333333333333526,388.5990282551163,18.864437563742445,2059.9555483276417,13.812863802252423,0.0
369,636.8243605668947,63.68243605668946,-34.532159505630716,-2.066115702479343,423.131187760747,20.54079215953289,2059.9555483276417,13.812863802252423,-20.719295703378293
370,664.4500881713991,66.44500881713991,27.62572760450439,1.6877637130801482,395.50546015624263,19.199708482900544,2059.9555483276417,13.812863802252423,-20.719295703378293
371,623.0114967646423,62.30114967646423,-41.438591406756814,-2.4896265560165998,436.94405156299945,21.211333997849078,2059.9555483276417,13.812863802252423,-34.532159505630716
372,664.4500881713991,66.44500881713991,41.438591406756814,2.553191489361706,395.50546015624263,19.199708482900544,2059.9555483276417,13.812863802252423,-34.532159505630716
373,664.4500881713991,66.44500881713991,0.0,0.0,395.50546015624263,19.199708482900544,2059.9555483276417,13.812863802252423,-34.532159505630716
374,678.2629519736515,67.82629519736516,13.812863802252423,0.8298755186722184,381.6925963539902,18.529166644584357,2059.9555483276417,20.71929570337852,-34.532159505630716
375,643.7307924680208,64.37307924680209,-34.532159505630716,-2.0576131687242816,416.2247558596209,20.205521240374804,2059.9555483276417,20.71929570337852,-34.532159505630716
376,650.6372243691469,65.0637224369147,6.906431901126098,0.42016806722688926,409.31832395849483,19.870250321216716,2059.9555483276417,20.71929570337852,-34.532159505630716
377,692.0758157759037,69.20758157759037,41.438591406756814,2.5104602510460206,367.879732551738,17.858624806268182,2059.9555483276417,34.532159505630716,-34.532159505630716
378,692.0758157759037,69.20758157759037,0.0,0.0,367.879732551738,17.858624806268182,2059.9555483276417,34.532159505630716,-34.532159505630716
379,740.4208390837866,74.04208390837866,48.34502330788291,2.857142857142847,319.5347092438551,15.511728372161562,2059.9555483276417,82.87718281351363,-34.532159505630716
380,754.233702886039,75.4233702886039,13.812863802252423,0.793650793650813,305.7218454416027,14.841186533845377,2059.9555483276417,96.69004661576605,-34.532159505630716
381,754.233702886039,75.4233702886039,0.0,0.0,305.7218454416027,14.841186533845377,2059.9555483276417,96.69004661576605,-34.532159505630716
382,774.9529985894173,77.49529985894172,20.719295703378293,1.1811023622047223,285.0025497382244,13.835373776371116,2059.9555483276417,117.40934231914434,-34.532159505630716
383,788.7658623916698,78.87658623916698,13.812863802252423,0.7782101167315147,271.18968593597197,13.16483193805493,2059.9555483276417,131.22220612139677,-34.532159505630716
384,768.0465666882913,76.80465666882913,-20.71929570337852,-1.158301158301167,291.9089816393505,14.170644695529203,2059.9555483276417,131.22220612139677,-34.532159505630716
385,774.9529985894173,77.49529985894172,6.906431901126098,0.390625,285.0025497382244,13.835373776371116,2059.9555483276417,131.22220612139677,-34.532159505630716
386,781.8594304905434,78.18594304905434,6.906431901126098,0.3891050583657574,278.0961178370983,13.500102857213028,2059.9555483276417,131.22220612139677,-34.532159505630716
387,844.0173176006788,84.40173176006789,62.157887110135334,3.488372093023262,215.93823072696296,10.482664584790223,2059.9555483276417,186.47366133040578,-34.532159505630716
388,850.9237495018049,85.0923749501805,6.906431901126098,0.3745318352059934,209.03179882583686,10.147393665632135,2059.9555483276417,193.38009323153187,-34.532159505630716
389,850.9237495018049,85.0923749501805,0.0,0.0,209.03179882583686,10.147393665632135,2059.9555483276417,193.38009323153187,-34.532159505630716
390,871.6430452051834,87.16430452051833,20.71929570337852,1.1194029850746245,188.31250312245834,9.141580908157863,2059.9555483276417,214.0993889349104,-34.532159505630716
391,899.2687728096878,89.92687728096878,27.62572760450439,1.4760147601476037,160.68677551795395,7.800497231525516,2059.9555483276417,241.72511653941478,-34.532159505630716
392,913.0816366119402,91.30816366119403,13.812863802252423,0.727272727272732,146.87391171570152,7.129955393209331,2059.9555483276417,255.5379803416672,-34.532159505630716
393,885.4559090074356,88.54559090074356,-27.62572760450462,-1.4440433212996373,174.49963932020614,8.47103906984169,2059.9555483276417,255.5379803416672,-34.532159505630716
394,837.1108856995527,83.71108856995527,-48.34502330788291,-2.564102564102566,222.84466262808905,10.817935503948311,2059.9555483276417,255.5379803416672,-34.532159505630716
395,788.7658623916698,78.87658623916698,-48.34502330788291,-2.631578947368418,271.18968593597197,13.16483193805493,2059.9555483276417,255.5379803416672,-34.532159505630716
396,795.6722942927959,79.56722942927958,6.906431901126098,0.38610038610038533,264.28325403484587,12.829561018896843,2059.9555483276417,255.5379803416672,-34.532159505630716
397,788.7658623916698,78.87658623916698,-6.906431901126098,-0.38461538461538325,271.18968593597197,13.16483193805493,2059.9555483276417,255.5379803416672,-34.532159505630716
398,802.578726193922,80.25787261939219,13.812863802252195,0.7722007722007707,257.37682213371977,12.494290099738757,2059.9555483276417,255.5379803416672,-34.532159505630716
399,795.6722942927959,79.56722942927958,-6.906431901126098,-0.3831417624521105,264.28325403484587,12.829561018896843,2059.9555483276417,255.5379803416672,-34.532159505630716
400,754.233702886039,75.4233702886039,-41.438591406756814,-2.3076923076923106,305.7218454416027,14.841186533845377,2059.9555483276417,255.5379803416672,-34.532159505630716
401,774.9529985894173,77.49529985894172,20.719295703378293,1.1811023622047223,285.0025497382244,13.835373776371116,2059.9555483276417,255.5379803416672,-34.532159505630716
402,733.5144071826605,73.35144071826605,-41.438591406756814,-2.3346303501945553,326.4411411449812,15.84699929131965,2059.9555483276417,255.5379803416672,-34.532159505630716
403,712.7951114792822,71.27951114792823,-20.719295703378293,-1.195219123505964,347.1604368483595,16.85281204879391,2059.9555483276417,255.5379803416672,-34.532159505630716
404,809.4851580950481,80.94851580950481,96.69004661576582,5.645161290322576,250.47039023259367,12.15901918058067,2059.9555483276417,255.5379803416672,-34.532159505630716
405,864.7366133040571,86.4736613304057,55.25145520900901,3.053435114503822,195.21893502358466,9.476851827315961,2059.9555483276417,255.5379803416672,-34.532159505630716
406,892.3623409085617,89.23623409085617,27.62572760450462,1.4814814814814836,167.59320741908004,8.135768150683603,2059.9555483276417,255.5379803416672,-34.532159505630716
407,982.1459556232014,98.21459556232016,89.78361471463973,4.744525547445244,77.80959270444032,3.777246201628448,2059.9555483276417,324.6022993529284,-34.532159505630716
408,933.8009323153185,93.38009323153184,-48.34502330788291,-2.4390243902439046,126.15461601232323,6.124142635735069,2059.9555483276417,324.6022993529284,-34.532159505630716
409,916.5348525625031,91.65348525625032,-17.266079752815358,-0.8928571428571397,143.4206957651386,6.962319933630293,2059.9555483276417,324.6022993529284,-34.532159505630716
410,933.8009323153185,93.38009323153184,17.266079752815358,0.9009009009008917,126.15461601232323,6.124142635735069,2059.9555483276417,324.6022993529284,-34.532159505630716
411,926.8945004141924,92.68945004141924,-6.906431901126098,-0.3571428571428559,133.06104791344933,6.459413554893157,2059.9555483276417,324.6022993529284,-34.532159505630716
412,975.2395237220753,97.52395237220752,48.34502330788291,2.508960573476693,84.71602460556642,4.112517120786535,2059.9555483276417,324.6022993529284,-34.532159505630716
413,957.97344396926,95.797344396926,-17.266079752815358,-0.8741258741258751,101.98210435838178,4.950694418681759,2059.9555483276417,324.6022993529284,-34.532159505630716
414,926.8945004141924,92.68945004141924,-31.078943555067553,-1.5873015873015817,133.06104791344933,6.459413554893157,2059.9555483276417,324.6022993529284,-34.532159505630716
415,892.3623409085617,89.23623409085617,-34.532159505630716,-1.7921146953405076,167.59320741908004,8.135768150683603,2059.9555483276417,324.6022993529284,-34.532159505630716
416,944.1605801670078,94.41605801670076,51.798239258446074,2.7372262773722733,115.79496816063397,5.621236256997933,2059.9555483276417,324.6022993529284,-34.532159505630716
417,940.7073642164446,94.07073642164445,-3.4532159505631626,-0.1776198934280715,119.24818411119713,5.788871716576982,2059.9555483276417,324.6022993529284,-34.532159505630716
418,975.2395237220753,97.52395237220752,34.532159505630716,1.7793594306049876,84.71602460556642,4.112517120786535,2059.9555483276417,324.6022993529284,-34.532159505630716
419,926.8945004141924,92.68945004141924,-48.34502330788291,-2.447552447552448,133.06104791344933,6.459413554893157,2059.9555483276417,324.6022993529284,-34.532159505630716
420,895.8155568591249,89.58155568591249,-31.078943555067553,-1.6129032258064502,164.13999146851688,7.968132691104554,2059.9555483276417,324.6022993529284,-34.532159505630716
421,909.628420661377,90.9628420661377,13.812863802252195,0.7285974499089187,150.3271276662647,7.29759085278838,2059.9555483276417,324.6022993529284,-34.532159505630716
422,916.5348525625031,91.65348525625032,6.906431901126098,0.3616636528029016,143.4206957651386,6.962319933630293,2059.9555483276417,324.6022993529284,-34.532159505630716
423,933.8009323153185,93.38009323153184,17.266079752815358,0.9009009009008917,126.15461601232323,6.124142635735069,2059.9555483276417,324.6022993529284,-34.532159505630716
424,926.8945004141924,92.68945004141924,-6.906431901126098,-0.3571428571428559,133.06104791344933,6.459413554893157,2059.9555483276417,324.6022993529284,-34.532159505630716
425,947.6137961175709,94.7613796117571,20.71929570337852,1.0752688172043001,112.34175221007081,5.453600797418884,2059.9555483276417,324.6022993529284,-34.532159505630716
426,968.3330918209492,96.83330918209492,20.719295703378293,1.0638297872340274,91.62245650669252,4.447788039944623,2059.9555483276417,324.6022993529284,-34.532159505630716
427,937.2541482658817,93.72541482658816,-31.078943555067553,-1.5789473684210464,122.70140006176007,5.95650717615602,2059.9555483276417,324.6022993529284,-34.532159505630716
428,933.8009323153185,93.38009323153184,-3.4532159505631626,-0.17825311942959443,126.15461601232323,6.124142635735069,2059.9555483276417,324.6022993529284,-34.532159505630716
429,978.6927396726385,97.86927396726387,44.891807357319976,2.3214285714285854,81.26280865500325,3.944881661207486,2059.9555483276417,324.6022993529284,-34.532159505630716
430,957.97344396926,95.797344396926,-20.71929570337852,-1.0471204188481686,101.98210435838178,4.950694418681759,2059.9555483276417,324.6022993529284,-34.532159505630716
431,957.97344396926,95.797344396926,0.0,0.0,101.98210435838178,4.950694418681759,2059.9555483276417,324.6022993529284,-34.532159505630716
432,968.3330918209492,96.83330918209492,10.35964785168926,0.5291005291005346,91.62245650669252,4.447788039944623,2059.9555483276417,324.6022993529284,-34.532159505630716
433,940.7073642164446,94.07073642164445,-27.62572760450462,-1.403508771929829,119.24818411119713,5.788871716576982,2059.9555483276417,324.6022993529284,-34.532159505630716
434,944.1605801670078,94.41605801670076,3.4532159505631626,0.1779359430605032,115.79496816063397,5.621236256997933,2059.9555483276417,324.6022993529284,-34.532159505630716
435,875.0962611557463,87.50962611557462,-69.06431901126143,-3.5523978685612856,184.8592871718954,8.973945448578826,2059.9555483276417,324.6022993529284,-34.532159505630716
436,857.830181402931,85.7830181402931,-17.266079752815358,-0.9208103130755041,202.12536692471076,9.81212274647405,2059.9555483276417,324.6022993529284,-34.532159505630716
437,844.0173176006788,84.40173176006789,-13.812863802252195,-0.7434944237918129,215.93823072696296,10.482664584790223,2059.9555483276417,324.6022993529284,-34.532159505630716
438,840.5641016501156,84.05641016501156,-3.4532159505631626,-0.1872659176029967,219.39144667752612,10.650300044369272,2059.9555483276417,324.6022993529284,-34.532159505630716
439,806.0319421444849,80.60319421444848,-34.532159505630716,-1.8761726078799223,253.92360618315683,12.326654640159719,2059.9555483276417,324.6022993529284,-34.532159505630716
440,788.7658623916698,78.87658623916698,-17.26607975281513,-0.9560229445506607,271.18968593597197,13.16483193805493,2059.9555483276417,324.6022993529284,-34.532159505630716
441,788.7658623916698,78.87658623916698,0.0,0.0,271.18968593597197,13.16483193805493,2059.9555483276417,324.6022993529284,-34.532159505630716
442,750.7804869354759,75.0780486935476,-37.98537545619388,-2.1235521235521304,309.17506139216584,15.008821993424426,2059.9555483276417,324.6022993529284,-34.532159505630716
443,806.0319421444849,80.60319421444848,55.25145520900901,3.155818540433919,253.92360618315683,12.326654640159719,2059.9555483276417,324.6022993529284,-34.532159505630716
444,785.3126464411066,78.53126464411066,-20.719295703378293,-1.1472275334607929,274.6429018865351,13.332467397633978,2059.9555483276417,324.6022993529284,-34.532159505630716
445,797.3263847331154,79.73263847331154,12.013738292008838,0.6729206963249412,262.6291635945263,12.74926363375849,2059.9555483276417,324.6022993529284,-34.532159505630716
446,797.3263847331154,79.73263847331154,0.0,0.0,262.6291635945263,12.74926363375849,2059.9555483276417,0.0,0.0
447,797.3263847331154,79.73263847331154,0.0,0.0,262.6291635945263,12.74926363375849,2059.9555483276417,0.0,0.0
448,797.3263847331154,79.73263847331154,0.0,0.0,262.6291635945263,12.74926363375849,2059.9555483276417,0.0,0.0
449,797.3263847331154,79.73263847331154,0.0,0.0,262.6291635945263,12.74926363375849,2059.9555483276417,0.0,0.0
450,797.3263847331154,79.73263847331154,0.0,0.0,262.6291635945263,12.74926363375849,2059.9555483276417,0.0,0.0
451,797.3263847331154,79.73263847331154,0.0,0.0,262.6291635945263,12.74926363375849,2059.9555483276417,0.0,0.0
452,795.5308538792365,79.55308538792364,-1.7955308538789723,-0.09990009990008542,264.42469444840526,12.836427206551923,2059.9555483276417,0.0,0.0
453,824.8058134533544,82.48058134533545,29.27495957411793,1.6304347826086918,235.14973487428733,11.415281997963099,2059.9555483276417,29.27495957411793,0.0
454,805.2891737372759,80.52891737372758,-19.516639716078544,-1.0695187165775333,254.66637459036588,12.362712137022312,2059.9555483276417,29.27495957411793,0.0
455,821.5530401673414,82.15530401673415,16.26386643006549,0.9009009009008917,238.40250816030039,11.573187021139633,2059.9555483276417,29.27495957411793,0.0
456,821.5530401673414,82.15530401673415,0.0,0.0,238.40250816030039,11.573187021139633,2059.9555483276417,29.27495957411793,0.0
457,805.2891737372759,80.52891737372758,-16.26386643006549,-0.8928571428571397,254.66637459036588,12.362712137022312,2059.9555483276417,29.27495957411793,0.0
458,769.5086675911316,76.95086675911315,-35.78050614614426,-1.981981981981984,290.44688073651014,14.099667391964216,2059.9555483276417,29.27495957411793,-26.022186288104876
459,1104.544316050482,110.4544316050482,335.03564845935034,18.933823529411775,0.0,0.0,2104.544316050482,309.01346217124546,-26.022186288104876
460,1098.0387694784558,109.8038769478456,-6.505546572026105,-0.3091190108191588,6.505546572026105,0.30911901081915993,2104.544316050482,309.01346217124546,-26.022186288104876
461,1270.4357536371504,127.04357536371505,172.39698415869452,8.21705426356587,0.0,0.0,2270.4357536371504,474.9048997579139,-26.022186288104876
462,1257.4246604930981,125.74246604930983,-13.01109314405221,-0.5730659025787843,13.01109314405221,0.5730659025787865,2270.4357536371504,474.9048997579139,-26.022186288104876
463,1289.9523933532291,128.9952393353229,32.52773286013098,1.4409221902017322,0.0,0.0,2289.952393353229,494.42153947399265,-26.022186288104876
464,1270.4357536371504,127.04357536371505,-19.51663971607877,-0.8522727272727293,19.51663971607877,0.8522727272727323,2289.952393353229,494.42153947399265,-26.022186288104876
465,1355.007859073491,135.5007859073491,84.57210543634073,3.72492836676217,0.0,0.0,2355.007859073491,559.4770051942546,-26.022186288104876
466,1231.4024742049933,123.14024742049932,-123.60538486849782,-5.248618784530368,123.60538486849782,5.248618784530373,2355.007859073491,559.4770051942546,-26.022186288104876
467,1224.8969276329672,122.48969276329672,-6.505546572026105,-0.2915451895043719,130.11093144052393,5.52486187845302,2355.007859073491,559.4770051942546,-26.022186288104876
468,1257.4246604930981,125.74246604930983,32.52773286013098,1.4619883040935644,97.58319858039295,4.143646408839765,2355.007859073491,559.4770051942546,-26.022186288104876
469,1276.941300209177,127.6941300209177,19.51663971607877,0.8645533141210526,78.06655886431417,3.3149171270718045,2355.007859073491,559.4770051942546,-26.022186288104876
470,1328.9856727853867,132.89856727853868,52.04437257620975,2.285714285714291,26.02218628810442,1.1049723756905887,2355.007859073491,559.4770051942546,-26.022186288104876
471,1299.7107132112683,129.97107132112683,-29.274959574118384,-1.256983240223486,55.297145862222806,2.3480662983425393,2355.007859073491,559.4770051942546,-26.022186288104876
472,1341.9967659294389,134.1996765929439,42.286052718170595,1.8387553041018467,13.01109314405221,0.5524861878452944,2355.007859073491,559.4770051942546,-26.022186288104876
473,1410.3050049357144,141.03050049357142,68.30823900627547,2.9166666666666785,0.0,0.0,2410.3050049357144,614.7741510564779,-26.022186288104876
474,1442.8327377958453,144.28327377958453,32.52773286013098,1.3495276653171295,0.0,0.0,2442.8327377958453,647.3018839166089,-26.022186288104876
475,1319.227352927347,131.9227352927347,-123.60538486849828,-5.05992010652464,123.60538486849828,5.059920106524638,2442.8327377958453,647.3018839166089,-26.022186288104876
476,1384.2828186476095,138.42828186476095,65.05546572026242,2.8050490883590573,58.54991914823586,2.3968042609853484,2442.8327377958453,647.3018839166089,-26.022186288104876
477,1377.777272075583,137.77772720755829,-6.50554657202656,-0.27285129604367464,65.05546572026242,2.66311584553929,2442.8327377958453,647.3018839166089,-26.022186288104876
478,1328.9856727853867,132.89856727853868,-48.791599290196245,-2.0519835841313117,113.84706501045866,4.660452729693734,2442.8327377958453,647.3018839166089,-26.022186288104876
479,1407.0522316497008,140.7052231649701,78.06655886431417,3.351955307262555,35.78050614614449,1.464713715046616,2442.8327377958453,647.3018839166089,-26.022186288104876
480,1390.7883652196356,139.07883652196355,-16.263866430065264,-0.6756756756756688,52.04437257620975,2.1304926764314245,2442.8327377958453,647.3018839166089,-26.022186288104876
481,1410.3050049357144,141.03050049357142,19.51663971607877,0.8163265306122547,32.52773286013098,1.3315579227696357,2442.8327377958453,647.3018839166089,-26.022186288104876
482,1429.8216446517927,142.9821644651793,19.516639716078316,0.8097165991902688,13.011093144052666,0.5326231691078656,2442.8327377958453,647.3018839166089,-26.022186288104876
483,1368.0189522175438,136.80189522175436,-61.80269243424891,-2.5435073627844695,74.81378557830158,3.062583222370175,2442.8327377958453,647.3018839166089,-26.022186288104876
484,1286.699620067216,128.66996200672162,-81.31933215032768,-3.434065934065933,156.13311772862926,6.391478029294275,2442.8327377958453,647.3018839166089,-26.022186288104876
485,1309.469033069308,130.94690330693078,22.769413002091824,0.9957325746799528,133.36370472653743,5.459387483355523,2442.8327377958453,647.3018839166089,-26.022186288104876
486,1439.5799645098323,143.95799645098322,130.11093144052438,5.633802816901401,3.2527732860130527,0.13315579227696173,2442.8327377958453,647.3018839166089,-26.022186288104876
487,1433.0744179378062,143.3074417937806,-6.505546572026105,-0.2666666666666595,9.758319858039158,0.3994673768308851,2442.8327377958453,647.3018839166089,-26.022186288104876
488,1416.8105515077405,141.68105515077403,-16.26386643006572,-0.6684491978609652,26.022186288104876,1.0652463382157122,2442.8327377958453,647.3018839166089,-26.022186288104876
489,1420.0633247937535,142.00633247937535,3.2527732860130527,0.13458950201883368,22.769413002091824,0.9320905459387506,2442.8327377958453,647.3018839166089,-26.022186288104876
490,1302.9634864972813,130.29634864972812,-117.09983829647217,-4.838709677419361,139.869251298564,5.725699067909465,2442.8327377958453,647.3018839166089,-26.022186288104876
491,1289.9523933532291,128.9952393353229,-13.01109314405221,-0.5649717514124242,152.8803444426162,6.258322237017312,2442.8327377958453,647.3018839166089,-26.022186288104876
492,1273.6885269231634,127.36885269231632,-16.26386643006572,-0.7102272727272818,169.14421087268192,6.9241011984021394,2442.8327377958453,647.3018839166089,-26.022186288104876
493,1234.6552474910063,123.46552474910064,-39.03327943215709,-1.716738197424883,208.177490304839,8.521970705725698,2442.8327377958453,647.3018839166089,-26.022186288104876
494,1289.9523933532291,128.9952393353229,55.297145862222806,2.4745269286754024,152.8803444426162,6.258322237017312,2442.8327377958453,647.3018839166089,-26.022186288104876
495,1231.4024742049933,123.14024742049932,-58.54991914823586,-2.5568181818181768,211.43026359085206,8.65512649800266,2442.8327377958453,647.3018839166089,-26.022186288104876
496,1202.1275146308753,120.21275146308751,-29.27495957411793,-1.3119533527696792,240.70522316497,9.853528628495335,2442.8327377958453,647.3018839166089,-26.022186288104876
497,1166.3470084847308,116.63470084847307,-35.78050614614449,-1.624815361890708,276.4857293111145,11.31824234354195,2442.8327377958453,647.3018839166089,-26.022186288104876
498,1146.830368768652,114.6830368768652,-19.51663971607877,-0.9009009009009028,296.00236902719325,12.11717709720374,2442.8327377958453,647.3018839166089,-26.022186288104876
499,1133.8192756245999,113.38192756245999,-13.01109314405221,-0.6060606060605989,309.01346217124546,12.649800266311587,2442.8327377958453,647.3018839166089,-26.022186288104876
500,1130.5665023385868,113.05665023385868,-3.2527732860130527,-0.1524390243902385,312.2662354572585,12.78295605858855,2442.8327377958453,647.3018839166089,-26.022186288104876
501,1098.0387694784558,109.8038769478456,-32.52773286013098,-1.5267175572518998,344.7939683173895,14.114513981358185,2442.8327377958453,647.3018839166089,-26.022186288104876
502,1055.7527167602852,105.57527167602854,-42.286052718170595,-2.0155038759690047,387.0800210355601,15.845539280958723,2442.8327377958453,647.3018839166089,-26.022186288104876
503,1052.4999434742722,105.24999434742722,-3.2527732860130527,-0.15822784810126667,390.33279432157315,15.978695073235686,2442.8327377958453,647.3018839166089,-26.022186288104876
504,1078.522129762377,107.85221297623772,26.022186288104876,1.267828843106189,364.31060803346827,14.913448735019974,2442.8327377958453,647.3018839166089,-26.022186288104876
505,1081.7749030483901,108.17749030483901,3.2527732860130527,0.15649452269170805,361.0578347474552,14.780292942743012,2442.8327377958453,647.3018839166089,-26.022186288104876
506,1104.544316050482,110.4544316050482,22.769413002091824,1.0937500000000044,338.2884217453634,13.84820239680426,2442.8327377958453,647.3018839166089,-26.022186288104876
507,1114.302635908521,111.43026359085214,9.758319858039158,0.46367851622874934,328.53010188732424,13.448735019973377,2442.8327377958453,647.3018839166089,-26.022186288104876
508,1218.3913810609406,121.83913810609405,104.0887451524195,4.923076923076919,224.44135673490473,9.187749667110525,2442.8327377958453,647.3018839166089,-26.022186288104876
509,1237.9080207770194,123.79080207770193,19.51663971607877,0.8797653958944274,204.92471701882596,8.388814913448737,2442.8327377958453,647.3018839166089,-26.022186288104876
510,1176.1053283427705,117.61053283427705,-61.80269243424891,-2.761627906976738,266.72740945307487,10.918774966711046,2442.8327377958453,647.3018839166089,-26.022186288104876
511,1172.8525550567574,117.28525550567572,-3.2527732860130527,-0.1494768310911776,269.9801827390879,11.051930758988009,2442.8327377958453,647.3018839166089,-26.022186288104876
512,1192.3691947728357,119.23691947728359,19.516639716078316,0.8982035928143617,250.4635430230096,10.252996005326239,2442.8327377958453,647.3018839166089,-26.022186288104876
513,1228.1497009189802,122.81497009189803,35.78050614614449,1.6320474777448135,214.68303687686512,8.788282290279623,2442.8327377958453,647.3018839166089,-26.022186288104876
514,1211.8858344889145,121.18858344889145,-16.26386643006572,-0.7299270072992803,230.94690330693084,9.45406125166445,2442.8327377958453,647.3018839166089,-26.022186288104876
515,1224.8969276329672,122.48969276329672,13.011093144052666,0.5882352941176672,217.93581016287817,8.921438082556584,2442.8327377958453,647.3018839166089,-26.022186288104876
516,1247.6663406350585,124.76663406350585,22.76941300209137,1.0233918128654818,195.1663971607868,7.989347536617853,2442.8327377958453,647.3018839166089,-26.022186288104876
517,1254.171887207085,125.41718872070851,6.50554657202656,0.28943560057888007,188.66085058876024,7.72303595206391,2442.8327377958453,647.3018839166089,-26.022186288104876
518,1283.446846781203,128.3446846781203,29.27495957411793,1.298701298701288,159.3858910146423,6.5246338215712365,2442.8327377958453,647.3018839166089,-26.022186288104876
519,1289.9523933532291,128.9952393353229,6.505546572026105,0.2849002849002691,152.8803444426162,6.258322237017312,2442.8327377958453,647.3018839166089,-26.022186288104876
520,1228.1497009189802,122.81497009189803,-61.80269243424891,-2.6988636363636243,214.68303687686512,8.788282290279623,2442.8327377958453,647.3018839166089,-26.022186288104876
521,1143.577595482639,114.35775954826389,-84.57210543634119,-3.7956204379562153,299.2551423132063,12.2503328894807,2442.8327377958453,647.3018839166089,-26.022186288104876
522,1127.3137290525738,112.73137290525739,-16.263866430065264,-0.7587253414263917,315.51900874327157,12.91611185086551,2442.8327377958453,647.3018839166089,-26.022186288104876
523,1159.8414619127047,115.98414619127047,32.52773286013098,1.5290519877675823,282.9912758831406,11.584553928095874,2442.8327377958453,647.3018839166089,-26.022186288104876
524,1130.5665023385868,113.05665023385868,-29.27495957411793,-1.3554216867469826,312.2662354572585,12.78295605858855,2442.8327377958453,647.3018839166089,-26.022186288104876
525,1137.072048910613,113.70720489106128,6.505546572026105,0.3053435114503733,305.7606888852324,12.516644474034624,2442.8327377958453,647.3018839166089,-26.022186288104876
526,1130.5665023385868,113.05665023385868,-6.505546572026105,-0.30441400304414,312.2662354572585,12.78295605858855,2442.8327377958453,647.3018839166089,-26.022186288104876
527,1072.016583190351,107.20165831903508,-58.54991914823586,-2.7480916030534264,370.8161546054944,15.179760319573896,2442.8327377958453,647.3018839166089,-26.022186288104876
528,1034.1998409671623,103.41998409671622,-37.81674222318861,-1.825117739403459,408.632896828683,16.72782956058589,2442.8327377958453,647.3018839166089,-26.022186288104876
529,1034.1998409671623,103.41998409671622,0.0,0.0,408.632896828683,16.72782956058589,2442.8327377958453,0.0,0.0
530,1034.1998409671623,103.41998409671622,0.0,0.0,408.632896828683,16.72782956058589,2442.8327377958453,0.0,0.0
531,1034.1998409671623,103.41998409671622,0.0,0.0,408.632896828683,16.72782956058589,2442.8327377958453,0.0,0.0
532,1034.1998409671623,103.41998409671622,0.0,0.0,408.632896828683,16.72782956058589,2442.8327377958453,0.0,0.0
533,1034.1998409671623,103.41998409671622,0.0,0.0,408.632896828683,16.72782956058589,2442.8327377958453,0.0,0.0
534,1034.1998409671623,103.41998409671622,0.0,0.0,408.632896828683,16.72782956058589,2442.8327377958453,0.0,0.0
535,1034.1998409671623,103.41998409671622,0.0,0.0,408.632896828683,16.72782956058589,2442.8327377958453,0.0,0.0
536,1034.1998409671623,103.41998409671622,0.0,0.0,408.632896828683,16.72782956058589,2442.8327377958453,0.0,0.0
537,1034.1998409671623,103.41998409671622,0.0,0.0,408.632896828683,16.72782956058589,2442.8327377958453,0.0,0.0
538,1034.1998409671623,103.41998409671622,0.0,0.0,408.632896828683,16.72782956058589,2442.8327377958453,0.0,0.0
539,1034.1998409671623,103.41998409671622,0.0,0.0,408.632896828683,16.72782956058589,2442.8327377958453,0.0,0.0
540,1034.1998409671623,103.41998409671622,0.0,0.0,408.632896828683,16.72782956058589,2442.8327377958453,0.0,0.0
541,1034.1998409671623,103.41998409671622,0.0,0.0,408.632896828683,16.72782956058589,2442.8327377958453,0.0,0.0
542,1034.1998409671623,103.41998409671622,0.0,0.0,408.632896828683,16.72782956058589,2442.8327377958453,0.0,0.0
543,1034.1998409671623,103.41998409671622,0.0,0.0,408.632896828683,16.72782956058589,2442.8327377958453,0.0,0.0
544,1034.1998409671623,103.41998409671622,0.0,0.0,408.632896828683,16.72782956058589,2442.8327377958453,0.0,0.0
545,1034.1998409671623,103.41998409671622,0.0,0.0,408.632896828683,16.72782956058589,2442.8327377958453,0.0,0.0
546,1034.1998409671623,103.41998409671622,0.0,0.0,408.632896828683,16.72782956058589,2442.8327377958453,0.0,0.0
547,1034.1998409671623,103.41998409671622,0.0,0.0,408.632896828683,16.72782956058589,2442.8327377958453,0.0,0.0
548,1034.1998409671623,103.41998409671622,0.0,0.0,408.632896828683,16.72782956058589,2442.8327377958453,0.0,0.0
549,1034.1998409671623,103.41998409671622,0.0,0.0,408.632896828683,16.72782956058589,2442.8327377958453,0.0,0.0
550,1032.1676732938688,103.2167673293869,-2.032167673293543,-0.09990009990008542,410.66506450197653,16.811018542043833,2442.8327377958453,0.0,0.0
551,1047.066263274029,104.70662632740293,14.898589980160295,0.7331378299120228,395.76647452181624,16.201128648657058,2442.8327377958453,14.898589980160295,0.0
552,1193.0724450796001,119.30724450796002,146.00618180557103,7.132459970887917,249.7602927162452,10.224207693466667,2442.8327377958453,160.90477178573133,0.0
553,1240.7479330161132,124.07479330161131,47.675487936513036,2.1739130434782705,202.08480477973217,8.272560034628986,2442.8327377958453,208.58025972224436,0.0
554,1193.0724450796001,119.30724450796002,-47.675487936513036,-2.127659574468088,249.7602927162452,10.224207693466667,2442.8327377958453,208.58025972224436,0.0
555,1199.0318810716644,119.90318810716643,5.9594359920643,0.27173913043478937,243.8008567241809,9.98025173611195,2442.8327377958453,208.58025972224436,0.0
556,1196.0521630756325,119.60521630756324,-2.9797179960319227,-0.13550135501354532,246.78057472021283,10.1022297147893,2442.8327377958453,208.58025972224436,0.0
557,1151.3563931351514,115.13563931351514,-44.695769940481114,-2.0352781546811416,291.47634466069394,11.93189939494963,2442.8327377958453,208.58025972224436,0.0
558,1166.254983115312,116.62549831153117,14.898589980160523,0.6925207756232732,276.5777546805334,11.322009501562846,2442.8327377958453,208.58025972224436,0.0
559,1193.0724450796001,119.30724450796002,26.817461964288213,1.2379642365887067,249.7602927162452,10.224207693466667,2442.8327377958453,208.58025972224436,0.0
560,1228.829061031985,122.8829061031985,35.75661595238489,1.6304347826086918,214.0036767638603,8.7604719493384,2442.8327377958453,208.58025972224436,0.0
561,1288.4234209526267,128.8423420952627,59.59435992064164,2.673796791443861,154.40931684321868,6.320912375791286,2442.8327377958453,256.25574765875785,0.0
562,1270.5451129764342,127.05451129764343,-17.878307976192445,-0.78125,172.28762481941112,7.052780247855418,2442.8327377958453,256.25574765875785,0.0
563,1264.58567698437,126.45856769843698,-5.9594359920643,-0.2624671916010568,178.24706081147542,7.296736205210136,2442.8327377958453,256.25574765875785,0.0
564,1288.4234209526267,128.8423420952627,23.837743968256746,1.0526315789473717,154.40931684321868,6.320912375791286,2442.8327377958453,256.25574765875785,0.0
565,1285.4437029565943,128.5443702956594,-2.9797179960323774,-0.13020833333334814,157.38903483925105,6.442890354468654,2442.8327377958453,256.25574765875785,0.0
566,1285.4437029565943,128.5443702956594,0.0,0.0,157.38903483925105,6.442890354468654,2442.8327377958453,256.25574765875785,0.0
567,1353.9772168653317,135.3977216865332,68.5335139087374,2.9986962190351907,88.85552093051365,3.6373968448894907,2442.8327377958453,321.8095435714629,0.0
568,1359.936652857396,135.9936652857396,5.9594359920643,0.25316455696202667,82.89608493844935,3.3934408875347737,2442.8327377958453,327.7689795635272,0.0
569,1348.0177808732678,134.8017780873268,-11.918871984128145,-0.5050505050504972,94.8149569225775,3.8813528022441894,2442.8327377958453,327.7689795635272,0.0
570,1383.7743968256527,138.37743968256527,35.75661595238489,1.522842639593902,59.0583409701926,2.4176170581159244,2442.8327377958453,351.6067235317839,0.0
571,1359.936652857396,135.9936652857396,-23.837743968256746,-1.000000000000012,82.89608493844935,3.3934408875347737,2442.8327377958453,351.6067235317839,0.0
572,1362.916370853428,136.29163708534278,2.9797179960319227,0.12626262626262985,79.91636694241743,3.2714629088574245,2442.8327377958453,351.6067235317839,0.0
573,1330.1394728970754,133.01394728970752,-32.776897956352514,-1.387137452711218,112.69326489876994,4.613220674308322,2442.8327377958453,351.6067235317839,0.0
574,1368.8758068454922,136.88758068454922,38.736333948416814,1.662404092071612,73.95693095035313,3.0275069515027075,2442.8327377958453,351.6067235317839,0.0
575,1330.1394728970754,133.01394728970752,-38.736333948416814,-1.6352201257861632,112.69326489876994,4.613220674308322,2442.8327377958453,351.6067235317839,0.0
576,1306.3017289288186,130.63017289288186,-23.837743968256746,-1.0230179028133057,136.53100886702669,5.589044503727171,2442.8327377958453,351.6067235317839,0.0
577,1237.7682150200812,123.77682150200813,-68.5335139087374,-2.9715762273901714,205.0645227757641,8.394538013306335,2442.8327377958453,351.6067235317839,0.0
578,1231.8087790280174,123.18087790280173,-5.959435992063845,-0.26631158455391324,211.02395876782793,8.638493970661033,2442.8327377958453,351.6067235317839,0.0
579,1255.6465229962737,125.56465229962738,23.83774396825629,1.0680907877169465,187.18621479957164,7.662670141242202,2442.8327377958453,351.6067235317839,0.0
580,1196.0521630756325,119.60521630756324,-59.59435992064118,-2.6420079260237705,246.78057472021283,10.1022297147893,2442.8327377958453,351.6067235317839,0.0
581,1306.3017289288186,130.63017289288186,110.24956585318614,5.0203527815468,136.53100886702669,5.589044503727171,2442.8327377958453,351.6067235317839,0.0
582,1321.2003189089792,132.12003189089793,14.898589980160523,0.6459948320413522,121.63241888686616,4.979154610340388,2442.8327377958453,351.6067235317839,0.0
583,1374.8352428375565,137.48352428375563,53.63492392857734,2.310654685494229,67.99749495828883,2.7835509941479906,2442.8327377958453,351.6067235317839,0.0
584,1353.9772168653317,135.3977216865332,-20.858025972224823,-0.8782936010037767,88.85552093051365,3.6373968448894907,2442.8327377958453,351.6067235317839,0.0
585,1339.0786268851716,133.90786268851716,-14.898589980160068,-0.6329113924050556,103.75411091067372,4.247286738276255,2442.8327377958453,351.6067235317839,0.0
586,1336.0989088891397,133.60989088891398,-2.9797179960319227,-0.127388535031836,106.73382890670564,4.369264716953604,2442.8327377958453,351.6067235317839,0.0
587,1356.956934861364,135.6956934861364,20.858025972224368,0.8928571428571397,85.87580293448127,3.515418866212123,2442.8327377958453,351.6067235317839,0.0
588,1395.6932688097809,139.56932688097808,38.736333948416814,1.643489254108732,47.13946898606446,1.9297051434065084,2442.8327377958453,363.5255955159121,0.0
589,1422.5107307740695,142.25107307740697,26.81746196428867,1.1194029850746245,20.32200702177579,0.8319033353103097,2442.8327377958453,390.34305748020074,0.0
590,1452.3079107343901,145.23079107343898,29.79717996032059,1.2300123001230068,0.0,0.0,2452.30791073439,420.14023744052133,0.0
591,1452.3079107343901,145.23079107343898,0.0,0.0,0.0,0.0,2452.30791073439,420.14023744052133,0.0
592,1455.287628730422,145.5287628730422,2.9797179960319227,0.12150668286754485,0.0,0.0,2455.287628730422,423.11995543655325,0.0
593,1404.632422797877,140.4632422797877,-50.65520593254496,-2.0631067961164984,50.65520593254496,2.0631067961164984,2455.287628730422,423.11995543655325,0.0
594,1395.6932688097809,139.56932688097808,-8.939153988096223,-0.371747211895912,59.59435992064118,2.4271844660194124,2455.287628730422,423.11995543655325,0.0
595,1350.9974988692998,135.09974988692997,-44.695769940481114,-1.8656716417910446,104.2901298611223,4.247572815533981,2455.287628730422,423.11995543655325,0.0
596,1380.7946788296204,138.07946788296204,29.79717996032059,1.2674271229404344,74.4929499008017,3.0339805825242743,2455.287628730422,423.11995543655325,0.0
597,1416.5512947820052,141.6551294782005,35.75661595238489,1.5018773466833668,38.736333948416814,1.5776699029126195,2455.287628730422,423.11995543655325,0.0
598,1425.4904487701015,142.54904487701015,8.939153988096223,0.36991368680641123,29.79717996032059,1.2135922330097062,2455.287628730422,423.11995543655325,0.0
599,1449.3281927383578,144.93281927383578,23.83774396825629,0.9828009828009687,5.9594359920643,0.24271844660194863,2455.287628730422,423.11995543655325,0.0
600,1362.916370853428,136.29163708534278,-86.41182188492985,-3.5279805352798066,92.37125787699415,3.762135922330102,2455.287628730422,423.11995543655325,0.0
601,1374.8352428375565,137.48352428375563,11.9188719841286,0.5044136191677318,80.45238589286555,3.2766990291262044,2455.287628730422,423.11995543655325,0.0
602,1467.2065007145502,146.72065007145503,92.3712578769937,3.8895859473023764,0.0,0.0,2467.20650071455,435.0388274206814,0.0
603,1452.3079107343901,145.23079107343898,-14.898589980160068,-0.6038647342995085,14.898589980160068,0.6038647342995064,2467.20650071455,435.0388274206814,0.0
604,1428.4701667661334,142.84701667661332,-23.837743968256746,-0.9720534629404698,38.736333948416814,1.5700483091787425,2467.20650071455,435.0388274206814,0.0
605,1502.963116666935,150.2963116666935,74.4929499008017,3.0674846625766916,0.0,0.0,2502.963116666935,470.7954433730663,0.0
606,1464.2267827185183,146.42267827185185,-38.736333948416814,-1.5476190476190421,38.736333948416814,1.5476190476190461,2502.963116666935,470.7954433730663,0.0
607,1404.632422797877,140.4632422797877,-59.59435992064118,-2.4183796856106388,98.330693869058,3.9285714285714217,2502.963116666935,470.7954433730663,0.0
608,1404.632422797877,140.4632422797877,0.0,0.0,98.330693869058,3.9285714285714217,2502.963116666935,470.7954433730663,0.0
609,1431.4498847621658,143.14498847621658,26.81746196428867,1.1152416356877248,71.51323190476933,2.8571428571428474,2502.963116666935,470.7954433730663,0.0
610,1511.9022706550313,151.19022706550314,80.45238589286555,3.308823529411753,0.0,0.0,2511.9022706550313,479.7345973611625,0.0
611,1499.9833986709032,149.99833986709032,-11.918871984128145,-0.47449584816132706,11.918871984128145,0.47449584816132395,2511.9022706550313,479.7345973611625,0.0
612,1458.267346726454,145.8267346726454,-41.71605194444919,-1.6686531585220599,53.63492392857734,2.135231316725985,2511.9022706550313,479.7345973611625,0.0
613,1434.4296027581977,143.4429602758198,-23.83774396825629,-0.9696969696969648,77.47266789683363,3.084223013048633,2511.9022706550313,479.7345973611625,0.0
614,1389.7338328177166,138.97338328177167,-44.695769940481114,-1.8359853121175052,122.16843783731474,4.86358244365362,2511.9022706550313,479.7345973611625,0.0
615,1529.7805786312238,152.9780578631224,140.0467458135072,5.860349127182052,0.0,0.0,2529.7805786312238,497.61290533735496,0.0
616,1616.1924005161536,161.61924005161535,86.41182188492985,3.4157832744405203,0.0,0.0,2616.1924005161536,584.0247272222848,0.0
617,1562.5574765875763,156.25574765875766,-53.63492392857734,-2.05011389521641,53.63492392857734,2.050113895216407,2616.1924005161536,584.0247272222848,0.0
618,1580.4357845637687,158.04357845637688,17.878307976192445,0.6976744186046435,35.75661595238489,1.366742596810938,2616.1924005161536,584.0247272222848,0.0
619,1628.1112725002818,162.81112725002816,47.675487936513036,1.8475750577367167,0.0,0.0,2628.1112725002818,595.943599206413,0.0
620,1619.1721185121855,161.91721185121855,-8.939153988096223,-0.3401360544217691,8.939153988096223,0.3401360544217697,2628.1112725002818,595.943599206413,0.0
621,1580.4357845637687,158.04357845637688,-38.736333948416814,-1.4789533560864654,47.675487936513036,1.8140589569160994,2628.1112725002818,595.943599206413,0.0
622,1532.7602966272557,153.2760296627256,-47.675487936513036,-1.8475750577367167,95.35097587302607,3.628117913832199,2628.1112725002818,595.943599206413,0.0
623,1574.4763485717049,157.4476348571705,41.71605194444919,1.6470588235294237,53.63492392857688,2.040816326530601,2628.1112725002818,595.943599206413,0.0
624,1643.0098624804423,164.30098624804424,68.5335139087374,2.662037037037024,0.0,0.0,2643.0098624804423,610.8421891865735,0.0
625,1651.9490164685385,165.19490164685385,8.939153988096223,0.33821871476888976,0.0,0.0,2651.9490164685385,619.7813431746697,0.0
626,1666.8476064486986,166.68476064486987,14.898589980160068,0.561797752808979,0.0,0.0,2666.8476064486986,634.6799331548298,0.0
627,1643.0098624804423,164.30098624804424,-23.83774396825629,-0.8938547486033399,23.83774396825629,0.8938547486033432,2666.8476064486986,634.6799331548298,0.0
628,1744.3202743455327,174.43202743455325,101.31041186509037,3.833145434047358,0.0,0.0,2744.3202743455327,712.1526010516639,0.0
629,1750.2797103375965,175.02797103375966,5.959435992063845,0.21715526601520097,0.0,0.0,2750.2797103375965,718.1120370437277,0.0
630,1777.0971723018852,177.70971723018852,26.81746196428867,0.9750812567713929,0.0,0.0,2777.097172301885,744.9294990080164,0.0
631,1783.0566082939495,178.30566082939495,5.9594359920643,0.21459227467812703,0.0,0.0,2783.0566082939495,750.8889350000807,0.0
632,1753.2594283336289,175.3259428333629,-29.79717996032059,-1.0706638115631661,29.79717996032059,1.0706638115631666,2783.0566082939495,750.8889350000807,0.0
633,1765.178300317757,176.5178300317757,11.918871984128145,0.43290043290042934,17.878307976192445,0.6423982869379034,2783.0566082939495,750.8889350000807,0.0
634,1771.1377363098209,177.1137736309821,5.959435992063845,0.21551724137929273,11.9188719841286,0.4282655246252797,2783.0566082939495,750.8889350000807,0.0
635,1771.1377363098209,177.1137736309821,0.0,0.0,11.9188719841286,0.4282655246252797,2783.0566082939495,750.8889350000807,0.0
636,1824.7726602383982,182.4772660238398,53.63492392857734,1.935483870967758,0.0,0.0,2824.772660238398,792.6049869445294,0.0
637,1777.0971723018852,177.70971723018852,-47.675487936513036,-1.6877637130801704,47.675487936513036,1.6877637130801684,2824.772660238398,792.6049869445294,0.0
638,1777.0971723018852,177.70971723018852,0.0,0.0,47.675487936513036,1.6877637130801684,2824.772660238398,792.6049869445294,0.0
639,1836.6915322225263,183.66915322225265,59.59435992064118,2.145922746781115,0.0,0.0,2836.6915322225263,804.5238589286575,0.0
640,1815.833506250302,181.58335062503022,-20.858025972224368,-0.7352941176470562,20.858025972224368,0.7352941176470557,2836.6915322225263,804.5238589286575,0.0
641,1869.4684301788793,186.94684301788794,53.63492392857734,1.9047619047619202,0.0,0.0,2869.4684301788793,837.3007568850105,0.0
642,1920.1236361114243,192.01236361114243,50.65520593254496,1.7653167185877505,0.0,0.0,2920.1236361114243,887.9559628175555,0.0
643,1967.7991240479373,196.77991240479372,47.675487936513036,1.6326530612244872,0.0,0.0,2967.7991240479373,935.6314507540685,0.0
644,1997.596304008258,199.75963040082578,29.79717996032059,1.0040160642570184,0.0,0.0,2997.596304008258,965.4286307143891,0.0
645,1943.961380079681,194.3961380079681,-53.63492392857688,-1.7892644135188762,53.63492392857688,1.7892644135188769,2997.596304008258,965.4286307143891,0.0
646,1896.285892143168,189.6285892143168,-47.675487936513036,-1.619433198380571,101.31041186508992,3.379721669980109,2997.596304008258,965.4286307143891,0.0
647,1881.3873021630075,188.13873021630076,-14.898589980160523,-0.5144032921810759,116.20900184525044,3.8767395626242505,2997.596304008258,965.4286307143891,0.0
648,1830.7320962304625,183.07320962304624,-50.65520593254496,-1.7580144777662787,166.8642077777954,5.566600397614305,2997.596304008258,965.4286307143891,0.0
649,1803.9146342661738,180.3914634266174,-26.81746196428867,-0.9473684210526301,193.68166974208407,6.461232604373751,2997.596304008258,965.4286307143891,0.0
650,1789.0160442860133,178.90160442860133,-14.898589980160523,-0.5313496280552665,208.5802597222446,6.958250497017893,2997.596304008258,965.4286307143891,0.0
651,1786.0363262899814,178.60363262899816,-2.9797179960319227,-0.10683760683760646,211.5599777182765,7.057654075546715,2997.596304008258,965.4286307143891,0.0
652,1771.1377363098209,177.1137736309821,-14.898589980160523,-0.5347593582887722,226.45856769843704,7.554671968190857,2997.596304008258,965.4286307143891,0.0
653,1851.5901222026869,185.1590122202687,80.452385892866,2.9032258064516148,146.00618180557103,4.870775347912519,2997.596304008258,965.4286307143891,0.0
654,1860.529276190783,186.05292761907833,8.939153988096223,0.31347962382444194,137.0670278174748,4.572564612326037,2997.596304008258,965.4286307143891,0.0
655,1938.0019440876167,193.80019440876168,77.47266789683363,2.708333333333335,59.59435992064118,1.9880715705765364,2997.596304008258,965.4286307143891,0.0
656,1866.4887121828474,186.64887121828474,-71.51323190476933,-2.4340770791074995,131.1075918254105,4.373757455268377,2997.596304008258,965.4286307143891,0.0
657,1824.7726602383982,182.4772660238398,-41.71605194444919,-1.455301455301461,172.8236437698597,5.765407554671965,2997.596304008258,965.4286307143891,0.0
658,1812.85378825427,181.285378825427,-11.918871984128145,-0.42194092827003704,184.74251575398785,6.163021868787269,2997.596304008258,965.4286307143891,0.0
659,1809.8740702582381,180.9874070258238,-2.9797179960319227,-0.10593220338982468,187.72223375001977,6.262425447316092,2997.596304008258,965.4286307143891,0.0
660,1863.508994186815,186.3508994186815,53.63492392857688,1.9088016967126142,134.0873098214429,4.473161033797215,2997.596304008258,965.4286307143891,0.0
661,1890.3264561511037,189.03264561511034,26.81746196428867,0.9365244536940764,107.26984785715422,3.5785288270377684,2997.596304008258,965.4286307143891,0.0
662,1970.7788420439697,197.07788420439698,80.452385892866,2.7835051546391876,26.817461964288213,0.8946322067594308,2997.596304008258,965.4286307143891,0.0
663,2092.947279881284,209.29472798812841,122.16843783731429,4.112337011033085,0.0,0.0,3092.947279881284,1060.7796065874152,0.0
664,2060.1703819249315,206.01703819249315,-32.776897956352514,-1.0597302504816941,32.776897956352514,1.059730250481689,3092.947279881284,1060.7796065874152,0.0
665,2060.1703819249315,206.01703819249315,0.0,0.0,32.776897956352514,1.059730250481689,3092.947279881284,1060.7796065874152,0.0
666,2054.210945932867,205.4210945932867,-5.9594359920643,-0.19474196689387435,38.736333948416814,1.2524084778420026,3092.947279881284,1060.7796065874152,0.0
667,2098.9067158733483,209.89067158733482,44.695769940481114,1.4634146341463428,0.0,0.0,3098.9067158733483,1066.7390425794795,0.0
668,2152.5416398019256,215.25416398019254,53.63492392857734,1.7307692307692468,0.0,0.0,3152.5416398019256,1120.3739665080568,0.0
669,2182.338819762246,218.2338819762246,29.79717996032059,0.9451795841209698,0.0,0.0,3182.338819762246,1150.1711464683774,0.0
670,2241.9331796828874,224.1933179682887,59.59435992064118,1.8726591760299671,0.0,0.0,3241.9331796828874,1209.7655063890186,0.0
671,2232.994025694791,223.29940256947913,-8.939153988096223,-0.27573529411765163,8.939153988096223,0.27573529411764786,3241.9331796828874,1209.7655063890186,0.0
672,2212.135999722567,221.2135999722567,-20.858025972224368,-0.6451612903225823,29.79717996032059,0.9191176470588215,3241.9331796828874,1209.7655063890186,0.0
673,2125.724177837637,212.5724177837637,-86.41182188492985,-2.6901669758812585,116.20900184525044,3.584558823529408,3241.9331796828874,1209.7655063890186,0.0
674,2015.4746119844503,201.54746119844503,-110.2495658531866,-3.5271687321258405,226.45856769843704,6.985294117647061,3241.9331796828874,1209.7655063890186,0.0
675,2021.4340479765146,202.14340479765144,5.9594359920643,0.19762845849802257,220.49913170637274,6.801470588235291,3241.9331796828874,1209.7655063890186,0.0
676,2015.4746119844503,201.54746119844503,-5.9594359920643,-0.19723865877712132,226.45856769843704,6.985294117647061,3241.9331796828874,1209.7655063890186,0.0
677,1991.636868016194,199.16368680161943,-23.83774396825629,-0.7905138339920903,250.29631166669333,7.720588235294112,3241.9331796828874,1209.7655063890186,0.0
678,2063.1500999209634,206.31500999209632,71.51323190476933,2.39043824701195,178.783079761924,5.514705882352943,3241.9331796828874,1209.7655063890186,0.0
679,2086.98784388922,208.698784388922,23.837743968256746,0.7782101167315147,154.94533579366725,4.779411764705877,3241.9331796828874,1209.7655063890186,0.0
680,2063.1500999209634,206.31500999209632,-23.837743968256746,-0.7722007722007818,178.783079761924,5.514705882352943,3241.9331796828874,1209.7655063890186,0.0
681,2045.271791944771,204.52717919447713,-17.878307976192445,-0.5836575875486361,196.66138773811645,6.066176470588239,3241.9331796828874,1209.7655063890186,0.0
682,2000.5760220042903,200.05760220042902,-44.69576994048066,-1.4677103718199525,241.3571576785971,7.444852941176464,3241.9331796828874,1209.7655063890186,0.0
683,1911.184482123328,191.1184482123328,-89.39153988096223,-2.9791459781529417,330.74869755955933,10.202205882352942,3241.9331796828874,1209.7655063890186,0.0
684,1789.0160442860133,178.90160442860133,-122.16843783731474,-4.196519959058342,452.9171353968741,13.970588235294121,3241.9331796828874,1209.7655063890186,0.0
685,1815.833506250302,181.58335062503022,26.81746196428867,0.9615384615384581,426.0996734325854,13.143382352941178,3241.9331796828874,1209.7655063890186,0.0
686,1854.5698401987188,185.45698401987187,38.736333948416814,1.3756613756613634,387.3633394841686,11.948529411764708,3241.9331796828874,1209.7655063890186,0.0
687,1914.1642001193604,191.41642001193605,59.59435992064164,2.087682672233826,327.76897956352695,10.11029411764705,3241.9331796828874,1209.7655063890186,0.0
688,1848.610404206655,184.86104042066552,-65.55379591270548,-2.249488752556239,393.32277547623244,12.132352941176464,3241.9331796828874,1209.7655063890186,0.0
689,1857.5495581947512,185.7549558194751,8.939153988096223,0.3138075313807498,384.3836214881362,11.856617647058815,3241.9331796828874,1209.7655063890186,0.0
690,1830.7320962304625,183.07320962304624,-26.81746196428867,-0.9384775808133461,411.2010834524249,12.68382352941176,3241.9331796828874,1209.7655063890186,0.0
691,1827.7523782344301,182.77523782344304,-2.9797179960323774,-0.10526315789475271,414.18080144845726,12.775735294117652,3241.9331796828874,1209.7655063890186,0.0
692,1887.3467381550718,188.73467381550716,59.59435992064164,2.1074815595363727,354.5864415278156,10.937499999999995,3241.9331796828874,1209.7655063890186,0.0
693,1979.7179960320655,197.97179960320656,92.3712578769937,3.1991744066047323,262.2151836508219,8.088235294117652,3241.9331796828874,1209.7655063890186,0.0
694,2069.1095359130277,206.91095359130279,89.39153988096223,3.0000000000000027,172.8236437698597,5.330882352941173,3241.9331796828874,1209.7655063890186,0.0
695,2048.2515099408033,204.82515099408033,-20.858025972224368,-0.6796116504854344,193.68166974208407,5.974264705882347,3241.9331796828874,1209.7655063890186,0.0
696,2012.4948939884184,201.24948939884186,-35.75661595238489,-1.1730205278592365,229.43828569446896,7.0772058823529385,3241.9331796828874,1209.7655063890186,0.0
697,2063.1500999209634,206.31500999209632,50.65520593254496,1.6815034619188873,178.783079761924,5.514705882352943,3241.9331796828874,1209.7655063890186,0.0
698,2051.2312279368352,205.12312279368354,-11.918871984128145,-0.3891050583657574,190.70195174605215,5.882352941176469,3241.9331796828874,1209.7655063890186,0.0
699,2051.2312279368352,205.12312279368354,0.0,0.0,190.70195174605215,5.882352941176469,3241.9331796828874,1209.7655063890186,0.0
700,1955.8802520638092,195.5880252063809,-95.35097587302607,-3.125,286.0529276190782,8.823529411764703,3241.9331796828874,1209.7655063890186,0.0
701,1747.2999923415646,174.72999923415645,-208.5802597222446,-7.056451612903225,494.6331873413228,15.25735294117647,3241.9331796828874,1209.7655063890186,0.0
702,1568.5169125796406,156.85169125796406,-178.783079761924,-6.507592190889378,673.4162671032468,20.77205882352941,3241.9331796828874,1209.7655063890186,0.0
703,1690.9714033445744,169.09714033445744,122.45449076493378,4.767517401392118,550.961776338313,16.994852941176468,3241.9331796828874,1209.7655063890186,0.0
704,1690.9714033445744,169.09714033445744,0.0,0.0,550.961776338313,16.994852941176468,3241.9331796828874,0.0,0.0
705,1690.9714033445744,169.09714033445744,0.0,0.0,550.961776338313,16.994852941176468,3241.9331796828874,0.0,0.0
706,1690.9714033445744,169.09714033445744,0.0,0.0,550.961776338313,16.994852941176468,3241.9331796828874,0.0,0.0
707,1690.9714033445744,169.09714033445744,0.0,0.0,550.961776338313,16.994852941176468,3241.9331796828874,0.0,0.0
708,1690.9714033445744,169.09714033445744,0.0,0.0,550.961776338313,16.994852941176468,3241.9331796828874,0.0,0.0
709,1690.9714033445744,169.09714033445744,0.0,0.0,550.961776338313,16.994852941176468,3241.9331796828874,0.0,0.0
710,1688.2831202243501,168.82831202243503,-2.6882831202242414,-0.09990009990009652,553.6500594585373,17.077775166010454,3241.9331796828874,0.0,0.0
711,1725.6203857830214,172.56203857830212,37.337265558671334,1.388888888888884,516.3127938998659,15.926077598871718,3241.9331796828874,37.337265558671334,0.0
712,1645.6119595858681,164.56119595858684,-80.00842619715331,-2.935420743639927,596.3212200970192,18.39400095702617,3241.9331796828874,37.337265558671334,-42.67116063848198
713,1720.2864907032113,172.0286490703211,74.67453111734312,2.822580645161299,521.6466889796761,16.090605822748678,3241.9331796828874,37.337265558671334,-42.67116063848198
714,1677.6153300647293,167.76153300647292,-42.67116063848198,-1.5686274509803977,564.3178496181581,17.406831613764396,3241.9331796828874,37.337265558671334,-42.67116063848198
715,1669.6144874450142,166.96144874450144,-8.000842619715058,-0.29880478087648266,572.3186922378732,17.65362394957983,3241.9331796828874,37.337265558671334,-42.67116063848198
716,1624.2763792666274,162.42763792666275,-45.33810817838685,-1.6983016983016963,617.65680041626,19.05211385253402,3241.9331796828874,37.337265558671334,-64.00674095772274
717,1666.947539905109,166.6947539905109,42.671160638481524,1.6260162601625883,574.9856397777785,17.73588806151832,3241.9331796828874,37.337265558671334,-64.00674095772274
718,1800.2949169003646,180.02949169003645,133.34737699525567,5.000000000000004,441.6382627825228,13.622682464594229,3241.9331796828874,112.01179667601446,-64.00674095772274
719,1816.2966021397951,181.62966021397952,16.00168523943057,0.5714285714285783,425.63657754309224,13.12909779296334,3241.9331796828874,128.01348191544503,-64.00674095772274
720,1805.6288119801748,180.56288119801746,-10.667790159620381,-0.37878787878787845,436.3043677027126,13.458154240717265,3241.9331796828874,128.01348191544503,-64.00674095772274
721,1773.6254415013132,177.36254415013133,-32.0033704788616,-1.1406844106463976,468.3077381815742,14.445323583979055,3241.9331796828874,128.01348191544503,-64.00674095772274
722,1837.632182459036,183.7632182459036,64.00674095772274,2.3076923076923217,404.3009972238515,12.47098489745549,3241.9331796828874,149.3490622346858,-64.00674095772274
723,1858.9677627782767,185.89677627782768,21.335580319240762,0.7518796992481258,382.9654169046107,11.81287200194764,3241.9331796828874,170.68464255392655,-64.00674095772274
724,1792.294074280649,179.22940742806492,-66.67368849762761,-2.332089552238803,449.63910540223833,13.869474800409678,3241.9331796828874,170.68464255392655,-64.00674095772274
725,1805.6288119801748,180.56288119801746,13.334737699525704,0.47755491881567025,436.3043677027126,13.458154240717265,3241.9331796828874,170.68464255392655,-64.00674095772274
726,1682.9492251445395,168.29492251445393,-122.67958683563529,-4.372623574144496,558.9839545383479,17.242303389887432,3241.9331796828874,170.68464255392655,-64.00674095772274
727,1621.609431726722,162.16094317267223,-61.33979341781742,-2.2862823061630233,620.3237479561653,19.134377964472506,3241.9331796828874,170.68464255392655,-66.67368849762806
728,1432.2561563934596,143.22561563934596,-189.35327533326245,-7.222787385554419,809.6770232894278,24.9751299121047,3241.9331796828874,170.68464255392655,-256.0269638308905
729,1472.2603694920363,147.22603694920363,40.004213098576656,1.6447368421052655,769.6728101908511,23.741168233027473,3241.9331796828874,170.68464255392655,-256.0269638308905
730,1453.5917367127004,145.35917367127004,-18.668632779335894,-0.7551240560949357,788.341442970187,24.317017016596846,3241.9331796828874,170.68464255392655,-256.0269638308905
731,1477.7809508996397,147.77809508996395,24.189214186939353,0.985869565217401,764.1522287832477,23.570881521314817,3241.9331796828874,170.68464255392655,-256.0269638308905
732,1477.7809508996397,147.77809508996395,0.0,0.0,764.1522287832477,23.570881521314817,3241.9331796828874,0.0,0.0
733,1477.7809508996397,147.77809508996395,0.0,0.0,764.1522287832477,23.570881521314817,3241.9331796828874,0.0,0.0
734,1477.7809508996397,147.77809508996395,0.0,0.0,764.1522287832477,23.570881521314817,3241.9331796828874,0.0,0.0
735,1477.7809508996397,147.77809508996395,0.0,0.0,764.1522287832477,23.570881521314817,3241.9331796828874,0.0,0.0
736,1477.7809508996397,147.77809508996395,0.0,0.0,764.1522287832477,23.570881521314817,3241.9331796828874,0.0,0.0
737,1477.7809508996397,147.77809508996395,0.0,0.0,764.1522287832477,23.570881521314817,3241.9331796828874,0.0,0.0
738,1477.7809508996397,147.77809508996395,0.0,0.0,764.1522287832477,23.570881521314817,3241.9331796828874,0.0,0.0
739,1475.3056452543856,147.53056452543856,-2.4753056452541387,-0.09990009990008542,766.6275344285018,23.647234287027786,3241.9331796828874,0.0,0.0
740,1458.5157813815363,145.85157813815363,-16.78986387284931,-0.678294573643401,783.4173983013511,24.165130953685534,3241.9331796828874,0.0,-16.78986387284931
741,1552.0593086731265,155.20593086731265,93.54352729159018,3.804878048780491,689.8738710097609,21.279706668020886,3241.9331796828874,76.75366341874087,-16.78986387284931
742,1662.392699837566,166.23926998375657,110.33339116443949,4.3233082706766846,579.5404798453214,17.876385715698486,3241.9331796828874,187.08705458318036,-16.78986387284931
743,1686.3782196559223,168.63782196559222,23.98551981835635,0.9009009009008917,555.5549600269651,17.136533334758834,3241.9331796828874,211.0725744015367,-16.78986387284931
744,1767.9289870383345,176.79289870383346,81.55076738241223,3.035714285714297,474.00419264455286,14.621035239564007,3241.9331796828874,292.62334178394894,-16.78986387284931
745,1753.5376751473204,175.35376751473203,-14.391311891014084,-0.5199306759098854,488.39550453556694,15.064946668127805,3241.9331796828874,292.62334178394894,-16.78986387284931
746,1931.0305218031585,193.10305218031587,177.4928466558381,6.445993031358888,310.90265787972885,9.59003904917436,3241.9331796828874,455.72487654877295,-16.78986387284931
747,1907.0450019848017,190.70450019848016,-23.985519818356806,-0.8183306055646655,334.88817769808566,10.329891430114024,3241.9331796828874,455.72487654877295,-16.78986387284931
748,1868.6681702754317,186.86681702754316,-38.37683170936998,-1.320132013201314,373.26500940745564,11.513655239617458,3241.9331796828874,455.72487654877295,-16.78986387284931
749,1890.2551381119524,189.02551381119522,21.58696783652067,0.7525083612040184,351.67804157093497,10.847788096771776,3241.9331796828874,455.72487654877295,-16.78986387284931
750,1995.7914253127205,199.57914253127205,105.53628720076813,3.6514522821576634,246.14175437016684,7.592437620637307,3241.9331796828874,520.485780058335,-16.78986387284931
751,1979.0015614398712,197.90015614398712,-16.78986387284931,-0.560448358686938,262.93161824301615,8.110334287295059,3241.9331796828874,520.485780058335,-16.78986387284931
752,1981.400113421707,198.1400113421707,2.3985519818356806,0.08051529790660261,260.53306626118047,8.036349049201092,3241.9331796828874,520.485780058335,-16.78986387284931
753,1993.3928733308849,199.3392873330885,11.992759909177948,0.4022526146419958,248.54030635200252,7.666422858731274,3241.9331796828874,520.485780058335,-16.78986387284931
754,2055.7552248586117,205.57552248586117,62.36235152772679,2.083333333333326,186.17795482427573,5.742806668288175,3241.9331796828874,580.4495796042261,-16.78986387284931
755,2012.5812891855703,201.25812891855702,-43.17393567304134,-1.412872841444257,229.35189049731707,7.074540953979542,3241.9331796828874,580.4495796042261,-16.78986387284931
756,2072.5450887314614,207.25450887314616,59.963799545891106,1.9904458598726027,169.38809095142597,5.22491000163041,3241.9331796828874,597.2394434770758,-16.78986387284931
757,2070.1465367496257,207.0146536749626,-2.3985519818356806,-0.07806401249024209,171.78664293326165,5.298895239724376,3241.9331796828874,597.2394434770758,-16.78986387284931
758,2038.9653609857623,203.89653609857623,-31.181175763863394,-1.0156249999999978,202.96781869712504,6.260703334945926,3241.9331796828874,597.2394434770758,-16.78986387284931
759,2082.139296658804,208.21392966588039,43.1739356730418,1.4206787687450761,159.79388302408324,4.928969049254545,3241.9331796828874,606.8336514044186,-16.78986387284931
760,2118.1175763863384,211.81175763863385,35.9782797275343,1.1673151750972721,123.81560329654894,3.8191904778450763,3241.9331796828874,642.8119311319529,-16.78986387284931
761,2175.6828239503943,217.56828239503943,57.56524756405588,1.846153846153853,66.25035573249306,2.043544763589896,3241.9331796828874,700.3771786960087,-16.78986387284931
762,1959.8131455851862,195.98131455851862,-215.86967836520807,-6.797583081571002,282.12003409770114,8.702216192046777,3241.9331796828874,700.3771786960087,-16.78986387284931
763,2026.972601076584,202.6972601076584,67.1594554913977,2.269043760129641,214.96057860630344,6.630629525415759,3241.9331796828874,700.3771786960087,-16.78986387284931
764,2041.363912967598,204.1363912967598,14.391311891014084,0.47543581616482644,200.56926671528936,6.18671809685196,3241.9331796828874,700.3771786960087,-16.78986387284931
765,1959.8131455851862,195.98131455851862,-81.55076738241178,-2.681388012618291,282.12003409770114,8.702216192046777,3241.9331796828874,700.3771786960087,-16.78986387284931
766,1993.3928733308849,199.3392873330885,33.57972774569862,1.1345218800648205,248.54030635200252,7.666422858731274,3241.9331796828874,700.3771786960087,-16.78986387284931
767,2014.979841167406,201.49798411674058,21.586967836521126,0.7211538461538547,226.9533385154814,7.000555715885577,3241.9331796828874,700.3771786960087,-16.78986387284931
768,2029.3711530584196,202.93711530584196,14.391311891013629,0.4773269689737347,212.56202662446776,6.556644287321792,3241.9331796828874,700.3771786960087,-16.78986387284931
769,2060.552328822283,206.05523288222832,31.181175763863394,1.0292953285827355,181.38085086060437,5.594836192100242,3241.9331796828874,700.3771786960087,-16.78986387284931
770,2094.132056567982,209.4132056567982,33.579727745699074,1.0971786833855912,147.8011231149053,4.559042858784727,3241.9331796828874,700.3771786960087,-16.78986387284931
771,2108.523368458996,210.8523368458996,14.391311891014084,0.46511627906977715,133.4098112238912,4.115131430220928,3241.9331796828874,700.3771786960087,-16.78986387284931
772,2118.1175763863384,211.81175763863385,9.594207927342268,0.30864197530862114,123.81560329654894,3.8191904778450763,3241.9331796828874,700.3771786960087,-16.78986387284931
773,2022.175497112913,202.2175497112913,-95.9420792734254,-3.076923076923066,219.75768256997435,6.778600001603677,3241.9331796828874,700.3771786960087,-16.78986387284931
774,2031.7697050402553,203.17697050402552,9.594207927342268,0.31746031746031633,210.16347464263208,6.482659049227825,3241.9331796828874,700.3771786960087,-16.78986387284931
775,2041.363912967598,204.1363912967598,9.594207927342723,0.31645569620253333,200.56926671528936,6.18671809685196,3241.9331796828874,700.3771786960087,-16.78986387284931
776,2079.7407446769685,207.97407446769688,38.376831709370435,1.2618296529968598,162.19243500591892,5.002954287348511,3241.9331796828874,700.3771786960087,-16.78986387284931
777,2108.523368458996,210.8523368458996,28.782623782027713,0.9345794392523255,133.4098112238912,4.115131430220928,3241.9331796828874,700.3771786960087,-16.78986387284931
778,2146.9002001683666,214.69002001683668,38.376831709370435,1.2345679012345734,95.03297951452078,2.931367620717479,3241.9331796828874,700.3771786960087,-16.78986387284931
779,2127.711784313681,212.77117843136813,-19.188415854685445,-0.6097560975609873,114.22139536920622,3.52324952546921,3241.9331796828874,700.3771786960087,-16.78986387284931
780,2156.494408095709,215.64944080957088,28.782623782027713,0.9202453987730008,85.43877158717851,2.6354266683416276,3241.9331796828874,700.3771786960087,-16.78986387284931
781,2190.074135841408,219.0074135841408,33.579727745699074,1.0638297872340496,51.85904384147943,1.5996333350261116,3241.9331796828874,714.7684905870224,-16.78986387284931
782,2235.6466234962854,223.56466234962852,45.57248765487748,1.4285714285714457,6.286556186601956,0.19391381124076348,3241.9331796828874,760.3409782418998,-16.78986387284931
783,2209.262551696093,220.9262551696093,-26.384071800192487,-0.8154188287620601,32.67062798679444,1.0077514302743942,3241.9331796828874,760.3409782418998,-16.78986387284931
784,2166.0886160230516,216.60886160230515,-43.17393567304134,-1.3452914798206206,75.84456365983579,2.339485715965762,3241.9331796828874,760.3409782418998,-16.78986387284931
785,2170.885719986723,217.08857199867228,4.797103963671361,0.15151515151514694,71.04745969616442,2.191515239777829,3241.9331796828874,760.3409782418998,-16.78986387284931
786,2238.045175478121,223.8045175478121,67.15945549139815,2.1180030257186067,3.8880042047662755,0.11992857314679706,3241.9331796828874,762.7395302237355,-16.78986387284931
787,2348.3785666425606,234.83785666425607,110.33339116443949,3.4074074074073923,0.0,0.0,3348.3785666425606,873.072921388175,-16.78986387284931
788,2247.6393834054634,224.76393834054633,-100.73918323709722,-3.008595988538687,100.73918323709722,3.0085959885386857,3348.3785666425606,873.072921388175,-16.78986387284931
789,2190.074135841408,219.0074135841408,-57.565247564055426,-1.7725258493353047,158.30443080115265,4.727793696275074,3348.3785666425606,873.072921388175,-16.78986387284931
790,2252.4364873691347,225.24364873691349,62.36235152772679,1.9548872180451093,95.94207927342586,2.865329512893984,3348.3785666425606,873.072921388175,-16.78986387284931
791,2185.2770318777366,218.52770318777365,-67.15945549139815,-2.064896755162249,163.101534764824,4.871060171919775,3348.3785666425606,873.072921388175,-16.78986387284931
792,2127.711784313681,212.77117843136813,-57.565247564055426,-1.8072289156626509,220.66678232887944,6.590257879656162,3348.3785666425606,873.072921388175,-16.78986387284931
793,2029.3711530584196,202.93711530584196,-98.34063125526154,-3.144171779141103,319.007413584141,9.527220630372497,3348.3785666425606,873.072921388175,-16.78986387284931
794,1950.2189376578435,195.02189376578434,-79.1522154005761,-2.6128266033254133,398.1596289847171,11.89111747851003,3348.3785666425606,873.072921388175,-16.78986387284931
795,1959.8131455851862,195.98131455851862,9.594207927342723,0.3252032520325354,388.56542105737435,11.604584527220625,3348.3785666425606,873.072921388175,-16.78986387284931
796,1921.4363138758158,192.1436313875816,-38.376831709370435,-1.296596434359809,426.9422527667448,12.750716332378223,3348.3785666425606,873.072921388175,-16.78986387284931
797,2026.972601076584,202.6972601076584,105.53628720076813,3.6124794745484357,321.40596556597666,9.598853868194848,3348.3785666425606,873.072921388175,-16.78986387284931
798,2014.979841167406,201.49798411674058,-11.992759909177948,-0.3961965134706702,333.3987254751546,9.957020057306588,3348.3785666425606,873.072921388175,-16.78986387284931
799,2070.1465367496257,207.0146536749626,55.166695582219745,1.829753381066035,278.23202989293486,8.309455587392552,3348.3785666425606,873.072921388175,-16.78986387284931
800,2113.3204724226675,211.33204724226675,43.1739356730418,1.4062500000000089,235.05809421989306,7.020057306590253,3348.3785666425606,873.072921388175,-16.78986387284931
801,2166.0886160230516,216.60886160230515,52.768143600384064,1.6949152542372836,182.289950619509,5.444126074498566,3348.3785666425606,873.072921388175,-16.78986387284931
802,2161.2915120593802,216.129151205938,-4.797103963671361,-0.15151515151515804,187.08705458318036,5.587392550143268,3348.3785666425606,873.072921388175,-16.78986387284931
803,2245.2408314236277,224.52408314236277,83.94931936424746,2.6555386949923987,103.1377352189329,3.0802292263610367,3348.3785666425606,873.072921388175,-16.78986387284931
804,2314.7988388968615,231.47988388968614,69.55800747323383,2.143385070214343,33.579727745699074,1.0028653295128953,3348.3785666425606,873.072921388175,-16.78986387284931
805,2458.711957807,245.8711957807,143.91311891013856,4.341534008683068,0.0,0.0,3458.711957807,983.4063125526145,-16.78986387284931
806,2492.291685552699,249.22916855526992,33.579727745699074,0.9708737864077666,0.0,0.0,3492.291685552699,1016.9860402983136,-16.78986387284931
807,2535.465621225741,253.5465621225741,43.1739356730418,1.2362637362637319,0.0,0.0,3535.465621225741,1060.1599759713554,-16.78986387284931
808,2338.784358715218,233.8784358715218,-196.68126251052308,-5.563093622795123,196.68126251052308,5.563093622795121,3535.465621225741,1060.1599759713554,-16.78986387284931
809,2420.33512609763,242.03351260976302,81.55076738241223,2.442528735632199,115.13049512811085,3.2564450474898208,3535.465621225741,1060.1599759713554,-16.78986387284931
810,2446.719197897822,244.6719197897822,26.384071800192032,0.7713884992987419,88.74642332791882,2.5101763907734043,3535.465621225741,1060.1599759713554,-16.78986387284931
811,2295.6104230421765,229.56104230421764,-151.1087748556456,-4.384133611691022,239.85519818356443,6.784260515603796,3535.465621225741,1060.1599759713554,-16.78986387284931
812,2377.1611904245883,237.7161190424588,81.55076738241178,2.4745269286754024,158.30443080115265,4.477611940298509,3535.465621225741,1060.1599759713554,-16.78986387284931
813,2365.16843051541,236.51684305154097,-11.992759909178403,-0.35511363636364646,170.29719071033105,4.816824966078705,3535.465621225741,1060.1599759713554,-16.78986387284931
814,2305.204630969519,230.52046309695186,-59.963799545891106,-1.781895937277267,230.26099025622216,6.512890094979654,3535.465621225741,1060.1599759713554,-16.78986387284931
815,2319.595942860533,231.9595942860533,14.391311891014084,0.43541364296082463,215.86967836520807,6.1058344640434195,3535.465621225741,1060.1599759713554,-16.78986387284931
816,2269.2263512419845,226.92263512419845,-50.369591618548384,-1.5173410404624277,266.23926998375646,7.530529172320214,3535.465621225741,1060.1599759713554,-16.78986387284931
817,2357.9727745699033,235.79727745699034,88.74642332791882,2.7146001467351466,177.49284665583764,5.0203527815468085,3535.465621225741,1060.1599759713554,-16.78986387284931
818,2262.0306952964775,226.20306952964773,-95.94207927342586,-2.857142857142858,273.4349259292635,7.734056987788329,3535.465621225741,1060.1599759713554,-16.78986387284931
819,2278.8205591693268,227.8820559169327,16.78986387284931,0.5147058823529393,256.6450620564142,7.259158751696069,3535.465621225741,1060.1599759713554,-16.78986387284931
820,2345.980014660725,234.5980014660725,67.15945549139815,2.048280907095834,189.48560656501604,5.359565807327003,3535.465621225741,1060.1599759713554,-16.78986387284931
821,2434.7264379886437,243.47264379886434,88.74642332791882,2.6523297491039433,100.73918323709722,2.849389416553599,3535.465621225741,1060.1599759713554,-16.78986387284931
822,2518.675757352891,251.8675757352891,83.94931936424746,2.44413407821229,16.789863872849764,0.474898236092273,3535.465621225741,1060.1599759713554,-16.78986387284931
823,2578.6395568987823,257.8639556898782,59.963799545891106,1.7041581458759447,0.0,0.0,3578.6395568987823,1103.3339116443967,-16.78986387284931
824,2461.1105097888358,246.11105097888358,-117.52904710994653,-3.2841823056300234,117.52904710994653,3.284182305630025,3578.6395568987823,1103.3339116443967,-16.78986387284931
825,2578.6395568987823,257.8639556898782,117.52904710994653,3.3957033957033866,0.0,0.0,3578.6395568987823,1103.3339116443967,-16.78986387284931
826,2684.175844099551,268.4175844099551,105.53628720076858,2.9490616621983934,0.0,0.0,3684.175844099551,1208.8701988451653,-16.78986387284931
827,2828.0889630096895,282.80889630096897,143.91311891013856,3.90625,0.0,0.0,3828.0889630096895,1352.7833177553039,-16.78986387284931
828,2801.7048912094974,280.17048912094975,-26.384071800192032,-0.6892230576441061,26.384071800192032,0.6892230576441086,3828.0889630096895,1352.7833177553039,-16.78986387284931
829,2835.2846189551965,283.5284618955197,33.579727745699074,0.8832807570977819,0.0,0.0,3835.2846189551965,1359.978973700811,-16.78986387284931
830,2854.4730348098815,285.4473034809882,19.18841585468499,0.500312695434646,0.0,0.0,3854.4730348098815,1379.167389555496,-16.78986387284931
831,2931.2266982286224,293.12266982286224,76.75366341874087,1.991288114499068,0.0,0.0,3931.2266982286224,1455.9210529742368,-16.78986387284931
832,2909.6397303921017,290.9639730392102,-21.58696783652067,-0.5491153142159866,21.58696783652067,0.5491153142159819,3931.2266982286224,1455.9210529742368,-16.78986387284931
833,3000.784705701856,300.07847057018563,91.1449753097545,2.331288343558291,0.0,0.0,4000.784705701856,1525.4790604474706,-16.78986387284931
834,3103.922440920789,310.39224409207895,103.1377352189329,2.577937649880102,0.0,0.0,4103.922440920789,1628.6167956664035,-16.78986387284931
835,3000.784705701856,300.07847057018563,-103.1377352189329,-2.513150204558745,103.1377352189329,2.513150204558741,4103.922440920789,1628.6167956664035,-16.78986387284931
836,3005.5818096655275,300.55818096655275,4.797103963671361,0.11990407673860837,98.34063125526154,2.396259497369961,4103.922440920789,1628.6167956664035,-16.78986387284931
837,2988.791945792678,298.8791945792678,-16.789863872849764,-0.41916167664671766,115.1304951281113,2.805376972530692,4103.922440920789,1628.6167956664035,-16.78986387284931
838,2981.5962898471707,298.1596289847171,-7.195655945507042,-0.18039687312086938,122.32615107361835,2.980713033313862,4103.922440920789,1628.6167956664035,-16.78986387284931
839,2943.2194581378008,294.3219458137801,-38.37683170936998,-0.9638554216867434,160.70298278298833,3.915838690824082,4103.922440920789,1628.6167956664035,-16.78986387284931
840,2900.045522464759,290.0045522464759,-43.1739356730418,-1.0948905109489093,203.87691845603013,4.967855055523093,4103.922440920789,1628.6167956664035,-16.78986387284931
841,2813.697651118676,281.3697651118676,-86.34787134608314,-2.2140221402214055,290.22478980211326,7.0718877849211035,4103.922440920789,1628.6167956664035,-16.78986387284931
842,2799.3063392276617,279.93063392276616,-14.391311891014084,-0.37735849056604875,304.61610169312735,7.422559906487444,4103.922440920789,1628.6167956664035,-16.78986387284931
843,2806.501995173169,280.6501995173169,7.195655945507042,0.18939393939394478,297.4204457476203,7.247223845704273,4103.922440920789,1628.6167956664035,-16.78986387284931
844,2832.886066973361,283.2886066973361,26.384071800192032,0.6931316950220534,271.0363739474283,6.604324956165994,4103.922440920789,1628.6167956664035,-16.78986387284931
845,2897.6469704829233,289.7646970482923,64.76090350956247,1.689612015018782,206.2754704378658,5.026300409117482,4103.922440920789,1628.6167956664035,-16.78986387284931
846,3067.9441611932543,306.79441611932543,170.29719071033105,4.36923076923077,35.978279727534755,0.8766803039158406,4103.922440920789,1628.6167956664035,-16.78986387284931
847,3096.7267849752816,309.6726784975282,28.782623782027258,0.7075471698113178,7.195655945507497,0.1753360607831814,4103.922440920789,1628.6167956664035,-16.78986387284931
848,3031.9658814657196,303.19658814657197,-64.76090350956201,-1.5807962529273856,71.95655945506951,1.7533606078316812,4103.922440920789,1628.6167956664035,-16.78986387284931
849,3111.1180968662957,311.11180968662956,79.1522154005761,1.9631171921475232,0.0,0.0,4111.118096866296,1635.81245161191,-16.78986387284931
850,3144.6978246119943,314.46978246119943,33.57972774569862,0.8168028004667427,0.0,0.0,4144.697824611994,1669.3921793576087,-16.78986387284931
851,3163.8862404666797,316.388624046668,19.188415854685445,0.4629629629629761,0.0,0.0,4163.88624046668,1688.5805952122942,-16.78986387284931
852,3132.7050647028163,313.2705064702816,-31.181175763863394,-0.748847926267282,31.181175763863394,0.7488479262672814,4163.88624046668,1688.5805952122942,-16.78986387284931
853,3139.900720648324,313.9900720648324,7.195655945507497,0.17411491584446992,23.985519818355897,0.5760368663594337,4163.88624046668,1688.5805952122942,-16.78986387284931
854,3202.2630721760506,320.22630721760504,62.36235152772679,1.5063731170336103,0.0,0.0,4202.263072176051,1726.957426921665,-16.78986387284931
855,3214.2558320852286,321.4255832085229,11.992759909177948,0.28538812785388057,0.0,0.0,4214.255832085229,1738.950186830843,-16.78986387284931
856,3154.292032539337,315.42920325393374,-59.96379954589156,-1.4228799089356925,59.96379954589156,1.422879908935696,4214.255832085229,1738.950186830843,-16.78986387284931
857,3192.668864248708,319.26688642487073,38.37683170937089,0.9237875288683695,21.58696783652067,0.5122367672168436,4214.255832085229,1738.950186830843,-16.78986387284931
858,3106.3209929026243,310.63209929026243,-86.3478713460836,-2.0594965675057253,107.93483918260426,2.56118383608424,4214.255832085229,1738.950186830843,-16.78986387284931
859,3130.306512720981,313.0306512720981,23.985519818356806,0.5841121495327117,83.94931936424746,1.9920318725099573,4214.255832085229,1738.950186830843,-16.78986387284931
860,2972.0020819198285,297.2002081919828,-158.30443080115265,-3.83275261324042,242.2537501654001,5.74843483210017,4214.255832085229,1738.950186830843,-16.78986387284931
861,2895.2484185010876,289.52484185010877,-76.75366341874087,-1.9323671497584627,319.007413584141,7.5697211155378525,4214.255832085229,1738.950186830843,-16.78986387284931
862,3103.922440920789,310.39224409207895,208.6740224197015,5.35714285714286,110.33339116443949,2.6180990324416573,4214.255832085229,1738.950186830843,-16.78986387284931
863,3077.5383691205966,307.7538369120597,-26.384071800192487,-0.6428988895382903,136.71746296463198,3.2441661923733682,4214.255832085229,1738.950186830843,-16.78986387284931
864,3173.4804483940225,317.3480448394023,95.94207927342586,2.35294117647058,40.775383691206116,0.9675583380762699,4214.255832085229,1738.950186830843,-16.78986387284931
865,3279.0167355947906,327.9016735594791,105.53628720076813,2.5287356321838983,0.0,0.0,4279.016735594791,1803.711090340405,-16.78986387284931
866,3077.5383691205966,307.7538369120597,-201.478366474194,-4.708520179372188,201.478366474194,4.708520179372193,4279.016735594791,1803.711090340405,-16.78986387284931
867,3067.9441611932543,306.79441611932543,-9.594207927342268,-0.23529411764705577,211.07257440153626,4.932735426008957,4279.016735594791,1803.711090340405,-16.78986387284931
868,2972.0020819198285,297.2002081919828,-95.94207927342586,-2.358490566037741,307.0146536749621,7.174887892376672,4279.016735594791,1803.711090340405,-16.78986387284931
869,3034.3644334475553,303.4364433447555,62.36235152772679,1.570048309178751,244.65230214723533,5.717488789237658,4279.016735594791,1803.711090340405,-16.78986387284931
870,2924.0310422831153,292.4031042283116,-110.33339116443994,-2.734839476813322,354.9856933116753,8.295964125560534,4279.016735594791,1803.711090340405,-16.78986387284931
871,2943.2194581378008,294.3219458137801,19.188415854685445,0.4889975550122383,335.79727745698983,7.847533632286985,4279.016735594791,1803.711090340405,-16.78986387284931
872,2828.0889630096895,282.80889630096897,-115.1304951281113,-2.919708029197088,450.92777258510114,10.538116591928247,4279.016735594791,1803.711090340405,-16.78986387284931
873,2904.8426264284303,290.484262642843,76.75366341874087,2.0050125313283207,374.17410916636027,8.744394618834072,4279.016735594791,1803.711090340405,-16.78986387284931
874,2828.0889630096895,282.80889630096897,-76.75366341874087,-1.9656019656019708,450.92777258510114,10.538116591928247,4279.016735594791,1803.711090340405,-16.78986387284931
875,2684.175844099551,268.4175844099551,-143.91311891013856,-3.7593984962405957,594.8408914952397,13.901345291479814,4279.016735594791,1803.711090340405,-16.78986387284931
876,2837.683170937032,283.7683170937032,153.5073268374813,4.166666666666674,441.3335646577584,10.313901345291473,4279.016735594791,1803.711090340405,-16.78986387284931
877,2964.8064259743214,296.48064259743217,127.12325503728925,3.312500000000007,314.21030962046916,7.343049327354252,4279.016735594791,1803.711090340405,-16.78986387284931
878,3027.168777502048,302.71687775020484,62.36235152772679,1.5728977616454864,251.84795809274237,5.885650224215238,4279.016735594791,1803.711090340405,-16.78986387284931
879,2943.2194581378008,294.3219458137801,-83.94931936424746,-2.084574151280516,335.79727745698983,7.847533632286985,4279.016735594791,1803.711090340405,-16.78986387284931
880,2847.277378864375,284.7277378864375,-95.94207927342586,-2.4330900243308973,431.7393567304157,10.089686098654699,4279.016735594791,1803.711090340405,-16.78986387284931
881,2919.233938319444,291.9233938319444,71.95655945506905,1.8703241895261735,359.78279727534664,8.408071748878921,4279.016735594791,1803.711090340405,-16.78986387284931
882,2856.871586791717,285.6871586791717,-62.36235152772679,-1.591187270501837,422.1451488030734,9.865470852017935,4279.016735594791,1803.711090340405,-16.78986387284931
883,2832.886066973361,283.2886066973361,-23.98551981835635,-0.6218905472636815,446.1306686214298,10.42600896860986,4279.016735594791,1803.711090340405,-16.78986387284931
884,2799.3063392276617,279.93063392276616,-33.579727745699074,-0.8760951188986232,479.71039636712885,11.210762331838561,4279.016735594791,1803.711090340405,-16.78986387284931
885,2691.371500045058,269.13715000450577,-107.93483918260381,-2.840909090909083,587.6452355497327,13.733183856502235,4279.016735594791,1803.711090340405,-16.78986387284931
886,2656.5301339569132,265.65301339569135,-34.841366088144696,-0.9438596491228135,622.4866016378774,14.547421524663672,4279.016735594791,1803.711090340405,-16.78986387284931
887,2656.5301339569132,265.65301339569135,0.0,0.0,622.4866016378774,14.547421524663672,4279.016735594791,0.0,0.0
888,2656.5301339569132,265.65301339569135,0.0,0.0,622.4866016378774,14.547421524663672,4279.016735594791,0.0,0.0
889,2656.5301339569132,265.65301339569135,0.0,0.0,622.4866016378774,14.547421524663672,4279.016735594791,0.0,0.0
890,2656.5301339569132,265.65301339569135,0.0,0.0,622.4866016378774,14.547421524663672,4279.016735594791,0.0,0.0
891,2656.5301339569132,265.65301339569135,0.0,0.0,622.4866016378774,14.547421524663672,4279.016735594791,0.0,0.0
892,2656.5301339569132,265.65301339569135,0.0,0.0,622.4866016378774,14.547421524663672,4279.016735594791,0.0,0.0
893,2656.5301339569132,265.65301339569135,0.0,0.0,622.4866016378774,14.547421524663672,4279.016735594791,0.0,0.0
894,2656.5301339569132,265.65301339569135,0.0,0.0,622.4866016378774,14.547421524663672,4279.016735594791,0.0,0.0
895,2652.8772567002134,265.2877256700213,-3.652877256699867,-0.09990009990008542,626.1394788945772,14.632788735927734,4279.016735594791,0.0,0.0
896,2641.8613421745795,264.18613421745795,-11.015914525633889,-0.3015681544028981,637.1553934202111,14.890229059402019,4279.016735594791,0.0,-11.015914525633889
897,2613.219964407931,261.3219964407931,-28.641377766648475,-0.7864488808227543,665.7967711868596,15.559573900435158,4279.016735594791,0.0,-39.657292292282364
898,2542.718111443874,254.27181114438739,-70.50185296405698,-1.9512195121951126,736.2986241509166,17.207191970670564,4279.016735594791,0.0,-110.15914525633934
899,2520.6862823926062,252.06862823926062,-22.031829051267778,-0.6218905472636815,758.3304532021843,17.72207261761913,4279.016735594791,0.0,-132.19097430760712
900,2604.407232787424,260.44072327874244,83.72095039481792,2.377972465581979,674.6095028073664,15.765526159214579,4279.016735594791,0.0,-132.19097430760712
901,2670.5027199412275,267.05027199412274,66.09548715380333,1.833740831295838,608.5140156535631,14.220884218368887,4279.016735594791,17.62546324101413,-132.19097430760712
902,2718.9727438540167,271.89727438540166,48.4700239127892,1.3205282112844996,560.0439917407739,13.088146795082045,4279.016735594791,66.09548715380333,-132.19097430760712
903,2683.7218173719884,268.37218173719884,-35.25092648202826,-0.9478672985781866,595.2949182228022,13.911955830199743,4279.016735594791,66.09548715380333,-132.19097430760712
904,2648.4708908899597,264.847089088996,-35.25092648202872,-0.9569377990430672,630.5458447048309,14.73576486531745,4279.016735594791,66.09548715380333,-132.19097430760712
905,2745.4109387155386,274.54109387155387,96.94004782557886,2.657004830917886,533.605796879252,12.470290018743754,4279.016735594791,92.53368201532521,-132.19097430760712
906,2820.319157489849,282.03191574898494,74.90821877431063,2.0000000000000018,458.6975781049414,10.719695819118632,4279.016735594791,167.44190078963584,-132.19097430760712
907,2754.2236703360454,275.42236703360453,-66.09548715380379,-1.730103806228378,524.7930652587452,12.264337759964336,4279.016735594791,167.44190078963584,-132.19097430760712
908,2758.630036146299,275.8630036146299,4.4063658102536465,0.11737089201877549,520.3866994484915,12.16136163057462,4279.016735594791,167.44190078963584,-132.19097430760712
909,2780.661865197567,278.0661865197567,22.031829051267778,0.5861664712778492,498.35487039722375,11.646480983626056,4279.016735594791,167.44190078963584,-132.19097430760712
910,2771.84913357706,277.184913357706,-8.812731620506838,-0.2331002331002252,507.1676020177306,11.852433242405477,4279.016735594791,167.44190078963584,-132.19097430760712
911,2745.4109387155386,274.54109387155387,-26.438194861521424,-0.7009345794392496,533.605796879252,12.470290018743754,4279.016735594791,167.44190078963584,-132.19097430760712
912,2771.84913357706,277.184913357706,26.438194861521424,0.7058823529411784,507.1676020177306,11.852433242405477,4279.016735594791,167.44190078963584,-132.19097430760712
913,2718.9727438540167,271.89727438540166,-52.8763897230433,-1.4018691588785104,560.0439917407739,13.088146795082045,4279.016735594791,167.44190078963584,-132.19097430760712
914,2666.096354130974,266.6096354130974,-52.87638972304285,-1.4218009478673022,612.9203814638167,14.323860347758602,4279.016735594791,167.44190078963584,-132.19097430760712
915,2652.8772567002134,265.2877256700213,-13.219097430760485,-0.36057692307691624,626.1394788945772,14.632788735927734,4279.016735594791,167.44190078963584,-132.19097430760712
916,2525.0926482028594,252.50926482028592,-127.78460849735393,-3.498190591073591,753.9240873919312,17.619096488229424,4279.016735594791,167.44190078963584,-132.19097430760712
917,2516.2799165823526,251.62799165823526,-8.812731620506838,-0.24999999999999467,762.736819012438,17.825048747008847,4279.016735594791,167.44190078963584,-136.59734011786077
918,2798.2873284385814,279.8287328438581,282.0074118562288,8.020050125313283,480.72940715620916,11.234576466067198,4279.016735594791,167.44190078963584,-136.59734011786077
919,2846.7573523513706,284.67573523513704,48.4700239127892,1.2761020881670415,432.25938324341996,10.101839042780353,4279.016735594791,193.88009565115726,-136.59734011786077
920,2877.6019130231457,287.7601913023146,30.84456067177507,0.8018327605956443,401.4148225716449,9.381006137052362,4279.016735594791,224.72465632293233,-136.59734011786077
921,2956.91649760771,295.691649760771,79.31458458456427,2.0454545454545503,322.1002379870806,7.5274358080375245,4279.016735594791,304.0392409074966,-136.59734011786077
922,2890.821010453906,289.08210104539063,-66.09548715380379,-1.6703786191536785,388.1957251408844,9.072077748883228,4279.016735594791,304.0392409074966,-136.59734011786077
923,2904.040107884667,290.40401078846673,13.21909743076094,0.3397508493771184,374.97662771012347,8.763149360714081,4279.016735594791,304.0392409074966,-136.59734011786077
924,2692.5345489924953,269.2534548992495,-211.50555889217185,-5.417607223476306,586.4821866022953,13.706003571420322,4279.016735594791,304.0392409074966,-136.59734011786077
925,2626.439061838692,262.6439061838692,-66.09548715380333,-1.7899761336515385,652.5776737560986,15.250645512266015,4279.016735594791,304.0392409074966,-136.59734011786077
926,2573.562672115649,257.35626721156495,-52.87638972304285,-1.4580801944106936,705.4540634791415,16.486359064942572,4279.016735594791,304.0392409074966,-136.59734011786077
927,2710.16001223351,271.016001223351,136.59734011786077,3.8224414303329235,568.8567233612807,13.294099053861464,4279.016735594791,304.0392409074966,-136.59734011786077
928,2745.4109387155386,274.54109387155387,35.25092648202872,0.9501187648456089,533.605796879252,12.470290018743754,4279.016735594791,304.0392409074966,-136.59734011786077
929,3000.9801557102455,300.0980155710246,255.56921699470695,6.823529411764695,278.03657988454506,6.497674514140396,4279.016735594791,348.10289901003216,-136.59734011786077
930,3115.5456667768385,311.5545666776838,114.56551106659299,2.8634361233480288,163.47106881795207,3.8202951500078512,4279.016735594791,462.66841007662515,-136.59734011786077
931,3119.9520325870926,311.99520325870924,4.406365810254101,0.10706638115633993,159.06470300769797,3.717319020618126,4279.016735594791,467.07477588687925,-136.59734011786077
932,3212.485714602417,321.24857146024175,92.5336820153243,2.245989304812812,66.53102099237367,1.5548203034341659,4279.016735594791,559.6084579022036,-136.59734011786077
933,3097.920203535824,309.7920203535824,-114.56551106659299,-2.7196652719665315,181.09653205896666,4.232199667566712,4279.016735594791,559.6084579022036,-136.59734011786077
934,3075.8883744845566,307.5888374484556,-22.031829051267323,-0.537634408602139,203.12836111023398,4.747080314515265,4279.016735594791,559.6084579022036,-136.59734011786077
935,3084.7011061050634,308.4701106105063,8.812731620506838,0.216216216216214,194.31562948972714,4.541128055735845,4279.016735594791,559.6084579022036,-136.59734011786077
936,3080.2947402948103,308.0294740294811,-4.406365810253192,-0.10787486515640987,198.72199529998034,4.644104185125549,4279.016735594791,559.6084579022036,-136.59734011786077
937,3080.2947402948103,308.0294740294811,0.0,0.0,198.72199529998034,4.644104185125549,4279.016735594791,559.6084579022036,-136.59734011786077
938,3058.262911243542,305.8262911243542,-22.031829051268232,-0.5399568034557323,220.75382435124857,5.158984832074124,4279.016735594791,559.6084579022036,-136.59734011786077
939,3300.613030807489,330.0613030807489,242.35011956394692,5.9717698154180265,0.0,0.0,4300.613030807489,647.7357741072756,-136.59734011786077
940,3282.9875675664744,328.29875675664744,-17.625463241014586,-0.4098360655737765,17.625463241014586,0.40983606557377716,4300.613030807489,647.7357741072756,-136.59734011786077
941,3498.8994922689,349.88994922689,215.9119247024255,5.041152263374493,0.0,0.0,4498.8994922689,846.0222355686865,-136.59734011786077
942,3503.305858079153,350.33058580791527,4.406365810253192,0.09794319294809117,0.0,0.0,4503.305858079153,850.4286013789397,-136.59734011786077
943,3551.7758819919427,355.17758819919425,48.47002391278966,1.0763209393346518,0.0,0.0,4551.775881991943,898.8986252917293,-136.59734011786077
944,3626.6841007662533,362.6684100766253,74.90821877431063,1.645692158760892,0.0,0.0,4626.684100766253,973.80684406604,-136.59734011786077
945,3622.277734956,362.22777349560005,-4.406365810253192,-0.09523809523808158,4.406365810253192,0.09523809523808696,4626.684100766253,973.80684406604,-136.59734011786077
946,3512.1185896996603,351.2118589699661,-110.1591452563398,-2.3832221163012535,114.56551106659299,2.476190476190477,4626.684100766253,973.80684406604,-136.59734011786077
947,3494.4931264586457,349.44931264586455,-17.625463241014586,-0.3906250000000111,132.19097430760758,2.8571428571428643,4626.684100766253,973.80684406604,-136.59734011786077
948,3582.6204426637178,358.26204426637173,88.12731620507202,1.9607843137255054,44.063658102535555,0.9523809523809483,4626.684100766253,973.80684406604,-136.59734011786077
949,3569.4013452329564,356.9401345232956,-13.219097430761394,-0.28846153846154854,57.28275553329695,1.2380952380952486,4626.684100766253,973.80684406604,-136.59734011786077
950,3556.182247802196,355.61822478021963,-13.219097430760485,-0.2892960462873573,70.50185296405743,1.523809523809529,4626.684100766253,973.80684406604,-136.59734011786077
951,3617.871369145746,361.7871369145746,61.68912134355014,1.3539651837524147,8.812731620507293,0.19047619047619357,4626.684100766253,973.80684406604,-136.59734011786077
952,3587.026808473971,358.7026808473971,-30.84456067177507,-0.6679389312977069,39.657292292282364,0.8571428571428613,4626.684100766253,973.80684406604,-136.59734011786077
953,3609.0586375252387,360.9058637525239,22.031829051267778,0.4803073967339033,17.625463241014586,0.38095238095238715,4626.684100766253,973.80684406604,-136.59734011786077
954,3648.715929817521,364.8715929817521,39.657292292282364,0.8604206500956169,0.0,0.0,4648.715929817521,995.8386731173077,-136.59734011786077
955,3613.465003335493,361.3465003335493,-35.25092648202826,-0.758293838862556,35.25092648202826,0.7582938388625521,4648.715929817521,995.8386731173077,-136.59734011786077
956,3587.026808473971,358.7026808473971,-26.43819486152188,-0.5730659025788065,61.68912134355014,1.3270142180094808,4648.715929817521,995.8386731173077,-136.59734011786077
957,3697.1859537303108,369.71859537303106,110.1591452563398,2.401536983669561,0.0,0.0,4697.185953730311,1044.3086970300974,-136.59734011786077
958,3692.7795879200567,369.2779587920056,-4.406365810254101,-0.09380863039401,4.406365810254101,0.09380863039400746,4697.185953730311,1044.3086970300974,-136.59734011786077
959,3657.5286614380284,365.7528661438028,-35.25092648202826,-0.7511737089201831,39.657292292282364,0.8442776735459703,4697.185953730311,1044.3086970300974,-136.59734011786077
960,3653.1222956277743,365.3122295627775,-4.406365810254101,-0.09460737937559971,44.063658102536465,0.9380863039399776,4697.185953730311,1044.3086970300974,-136.59734011786077
961,3679.560490489296,367.9560490489296,26.43819486152188,0.5681818181818343,17.625463241014586,0.37523452157599113,4697.185953730311,1044.3086970300974,-136.59734011786077
962,3653.1222956277743,365.3122295627775,-26.43819486152188,-0.5649717514124353,44.063658102536465,0.9380863039399776,4697.185953730311,1044.3086970300974,-136.59734011786077
963,3723.6241485918317,372.3624148591831,70.50185296405743,1.5151515151515138,0.0,0.0,4723.624148591832,1070.7468918916184,-136.59734011786077
964,3653.1222956277743,365.3122295627775,-70.50185296405743,-1.4925373134328401,70.50185296405743,1.492537313432841,4723.624148591832,1070.7468918916184,-136.59734011786077
965,3635.4968323867606,363.54968323867604,-17.625463241013676,-0.37878787878786735,88.12731620507111,1.8656716417910366,4723.624148591832,1070.7468918916184,-136.59734011786077
966,3719.2177827815785,371.9217782781579,83.72095039481792,1.8060836501901045,4.406365810253192,0.09328358208954414,4723.624148591832,1070.7468918916184,-136.59734011786077
967,3556.182247802196,355.61822478021963,-163.03553497938265,-3.4547152194211117,167.44190078963584,3.5447761194029854,4723.624148591832,1070.7468918916184,-136.59734011786077
968,3450.42946835611,345.042946835611,-105.7527794460857,-2.321083172146998,273.19468023572153,5.783582089552238,4723.624148591832,1070.7468918916184,-136.59734011786077
969,3225.7048120331783,322.5704812033178,-224.72465632293188,-5.049504950495043,497.9193365586534,10.541044776119394,4723.624148591832,1070.7468918916184,-136.59734011786077
970,3247.736641084446,324.77366410844456,22.031829051267778,0.5213764337851812,475.88750750738564,10.074626865671634,4723.624148591832,1070.7468918916184,-136.59734011786077
971,3111.1393009665853,311.1139300966586,-136.59734011786077,-3.2157676348547715,612.4848476252464,12.966417910447753,4723.624148591832,1070.7468918916184,-136.59734011786077
972,3058.262911243542,305.8262911243542,-52.8763897230433,-1.2861736334405238,665.3612373482897,14.085820895522389,4723.624148591832,1070.7468918916184,-136.59734011786077
973,3089.107471915317,308.9107471915317,30.84456067177507,0.7600434310532034,634.5166766765146,13.43283582089552,4723.624148591832,1070.7468918916184,-136.59734011786077
974,3150.796593258867,315.07965932588667,61.68912134354969,1.5086206896551602,572.827555332965,12.126865671641797,4723.624148591832,1070.7468918916184,-136.59734011786077
975,3269.768470135714,326.97684701357133,118.97187687684709,2.866242038216571,453.85567845611786,9.608208955223873,4723.624148591832,1070.7468918916184,-136.59734011786077
976,3366.7085179612923,336.6708517961292,96.9400478255784,2.270381836945301,356.91563063053945,7.55597014925373,4723.624148591832,1070.7468918916184,-136.59734011786077
977,3468.054931597125,346.8054931597125,101.3464136358325,2.320887991927356,255.56921699470695,5.410447761194022,4723.624148591832,1070.7468918916184,-136.59734011786077
978,3463.6485657868707,346.36485657868707,-4.406365810254101,-0.09861932938857176,259.97558280496105,5.503731343283586,4723.624148591832,1070.7468918916184,-136.59734011786077
979,3450.42946835611,345.042946835611,-13.219097430760485,-0.29615004935833467,273.19468023572153,5.783582089552238,4723.624148591832,1070.7468918916184,-136.59734011786077
980,3406.3658102535746,340.63658102535743,-44.063658102535555,-0.990099009900991,317.2583383382571,6.716417910447755,4723.624148591832,1070.7468918916184,-136.59734011786077
981,3388.74034701256,338.87403470125605,-17.625463241014586,-0.40000000000001146,334.8838015792717,7.089552238805971,4723.624148591832,1070.7468918916184,-136.59734011786077
982,3547.3695161816886,354.7369516181688,158.62916916912855,3.6144578313253017,176.25463241014313,3.7313432835820928,4723.624148591832,1070.7468918916184,-136.59734011786077
983,3578.2140768534637,357.8214076853464,30.84456067177507,0.6782945736434121,145.41007173836806,3.078358208955226,4723.624148591832,1070.7468918916184,-136.59734011786077
984,3573.8077110432105,357.38077110432107,-4.406365810253192,-0.09624639076033503,149.81643754862125,3.17164179104477,4723.624148591832,1070.7468918916184,-136.59734011786077
985,3485.6803948381385,348.56803948381383,-88.12731620507202,-1.9267822736030893,237.94375375369327,5.037313432835826,4723.624148591832,1070.7468918916184,-136.59734011786077
986,3322.6448598587567,332.2644859858757,-163.03553497938174,-3.6345776031434074,400.979288733075,8.488805970149247,4723.624148591832,1070.7468918916184,-136.59734011786077
987,3089.107471915317,308.9107471915317,-233.53738794343963,-5.402650356778804,634.5166766765146,13.43283582089552,4723.624148591832,1070.7468918916184,-136.59734011786077
988,3230.1111778434315,323.0111177843431,141.0037059281144,3.4482758620689724,493.5129707484002,10.44776119402985,4723.624148591832,1070.7468918916184,-136.59734011786077
989,3384.333981202307,338.43339812023066,154.22280335887535,3.645833333333348,339.29016738952487,7.182835820895515,4723.624148591832,1070.7468918916184,-136.59734011786077
990,3406.3658102535746,340.63658102535743,22.031829051267778,0.5025125628140614,317.2583383382571,6.716417910447755,4723.624148591832,1070.7468918916184,-136.59734011786077
991,3569.4013452329564,356.9401345232956,163.03553497938174,3.699999999999992,154.22280335887535,3.2649253731343335,4723.624148591832,1070.7468918916184,-136.59734011786077
992,3450.42946835611,345.042946835611,-118.97187687684618,-2.6036644165863043,273.19468023572153,5.783582089552238,4723.624148591832,1070.7468918916184,-136.59734011786077
993,3045.0438138127815,304.5043813812781,-405.38565454332866,-9.108910891089106,678.5803347790502,14.365671641791039,4723.624148591832,1070.7468918916184,-136.59734011786077
994,2785.6851222212563,278.5685122221256,-259.35869159152526,-6.41176470588235,937.9390263705754,19.85634328358208,4723.624148591832,1070.7468918916184,-136.59734011786077
995,2785.6851222212563,278.5685122221256,0.0,0.0,937.9390263705754,19.85634328358208,4723.624148591832,0.0,0.0
996,2785.6851222212563,278.5685122221256,0.0,0.0,937.9390263705754,19.85634328358208,4723.624148591832,0.0,0.0
997,2785.6851222212563,278.5685122221256,0.0,0.0,937.9390263705754,19.85634328358208,4723.624148591832,0.0,0.0
998,2785.6851222212563,278.5685122221256,0.0,0.0,937.9390263705754,19.85634328358208,4723.624148591832,0.0,0.0
999,2785.6851222212563,278.5685122221256,0.0,0.0,937.9390263705754,19.85634328358208,4723.624148591832,0.0,0.0
1000,2785.6851222212563,278.5685122221256,0.0,0.0,937.9390263705754,19.85634328358208,4723.624148591832,0.0,0.0
1001,2785.6851222212563,278.5685122221256,0.0,0.0,937.9390263705754,19.85634328358208,4723.624148591832,0.0,0.0
1002,2785.6851222212563,278.5685122221256,0.0,0.0,937.9390263705754,19.85634328358208,4723.624148591832,0.0,0.0
1003,2785.6851222212563,278.5685122221256,0.0,0.0,937.9390263705754,19.85634328358208,4723.624148591832,0.0,0.0
1004,2785.6851222212563,278.5685122221256,0.0,0.0,937.9390263705754,19.85634328358208,4723.624148591832,0.0,0.0
1005,2785.6851222212563,278.5685122221256,0.0,0.0,937.9390263705754,19.85634328358208,4723.624148591832,0.0,0.0
1006,2785.6851222212563,278.5685122221256,0.0,0.0,937.9390263705754,19.85634328358208,4723.624148591832,0.0,0.0
1007,2785.6851222212563,278.5685122221256,0.0,0.0,937.9390263705754,19.85634328358208,4723.624148591832,0.0,0.0
1008,2785.6851222212563,278.5685122221256,0.0,0.0,937.9390263705754,19.85634328358208,4723.624148591832,0.0,0.0
1009,2785.6851222212563,278.5685122221256,0.0,0.0,937.9390263705754,19.85634328358208,4723.624148591832,0.0,0.0
1010,2785.6851222212563,278.5685122221256,0.0,0.0,937.9390263705754,19.85634328358208,4723.624148591832,0.0,0.0
1011,2785.6851222212563,278.5685122221256,0.0,0.0,937.9390263705754,19.85634328358208,4723.624148591832,0.0,0.0
1012,2785.6851222212563,278.5685122221256,0.0,0.0,937.9390263705754,19.85634328358208,4723.624148591832,0.0,0.0
1013,2785.6851222212563,278.5685122221256,0.0,0.0,937.9390263705754,19.85634328358208,4723.624148591832,0.0,0.0
1014,2785.6851222212563,278.5685122221256,0.0,0.0,937.9390263705754,19.85634328358208,4723.624148591832,0.0,0.0
1015,2785.6851222212563,278.5685122221256,0.0,0.0,937.9390263705754,19.85634328358208,4723.624148591832,0.0,0.0
1016,2785.6851222212563,278.5685122221256,0.0,0.0,937.9390263705754,19.85634328358208,4723.624148591832,0.0,0.0
1017,2785.6851222212563,278.5685122221256,0.0,0.0,937.9390263705754,19.85634328358208,4723.624148591832,0.0,0.0
1018,2785.6851222212563,278.5685122221256,0.0,0.0,937.9390263705754,19.85634328358208,4723.624148591832,0.0,0.0
1019,2785.6851222212563,278.5685122221256,0.0,0.0,937.9390263705754,19.85634328358208,4723.624148591832,0.0,0.0
1020,2785.6851222212563,278.5685122221256,0.0,0.0,937.9390263705754,19.85634328358208,4723.624148591832,0.0,0.0
1021,2785.6851222212563,278.5685122221256,0.0,0.0,937.9390263705754,19.85634328358208,4723.624148591832,0.0,0.0
1022,2785.6851222212563,278.5685122221256,0.0,0.0,937.9390263705754,19.85634328358208,4723.624148591832,0.0,0.0
1023,2785.6851222212563,278.5685122221256,0.0,0.0,937.9390263705754,19.85634328358208,4723.624148591832,0.0,0.0
1024,2785.6851222212563,278.5685122221256,0.0,0.0,937.9390263705754,19.85634328358208,4723.624148591832,0.0,0.0
1025,2785.6851222212563,278.5685122221256,0.0,0.0,937.9390263705754,19.85634328358208,4723.624148591832,0.0,0.0
1026,2785.6851222212563,278.5685122221256,0.0,0.0,937.9390263705754,19.85634328358208,4723.624148591832,0.0,0.0
1027,2785.6851222212563,278.5685122221256,0.0,0.0,937.9390263705754,19.85634328358208,4723.624148591832,0.0,0.0
1028,2785.6851222212563,278.5685122221256,0.0,0.0,937.9390263705754,19.85634328358208,4723.624148591832,0.0,0.0
1029,2785.6851222212563,278.5685122221256,0.0,0.0,937.9390263705754,19.85634328358208,4723.624148591832,0.0,0.0
1030,2785.6851222212563,278.5685122221256,0.0,0.0,937.9390263705754,19.85634328358208,4723.624148591832,0.0,0.0
1031,2785.6851222212563,278.5685122221256,0.0,0.0,937.9390263705754,19.85634328358208,4723.624148591832,0.0,0.0
1032,2785.6851222212563,278.5685122221256,0.0,0.0,937.9390263705754,19.85634328358208,4723.624148591832,0.0,0.0
1033,2785.6851222212563,278.5685122221256,0.0,0.0,937.9390263705754,19.85634328358208,4723.624148591832,0.0,0.0
1034,2785.6851222212563,278.5685122221256,0.0,0.0,937.9390263705754,19.85634328358208,4723.624148591832,0.0,0.0
1035,2785.6851222212563,278.5685122221256,0.0,0.0,937.9390263705754,19.85634328358208,4723.624148591832,0.0,0.0
1036,2785.6851222212563,278.5685122221256,0.0,0.0,937.9390263705754,19.85634328358208,4723.624148591832,0.0,0.0
1037,2785.6851222212563,278.5685122221256,0.0,0.0,937.9390263705754,19.85634328358208,4723.624148591832,0.0,0.0
1038,2785.6851222212563,278.5685122221256,0.0,0.0,937.9390263705754,19.85634328358208,4723.624148591832,0.0,0.0
1039,2785.6851222212563,278.5685122221256,0.0,0.0,937.9390263705754,19.85634328358208,4723.624148591832,0.0,0.0
1040,2785.6851222212563,278.5685122221256,0.0,0.0,937.9390263705754,19.85634328358208,4723.624148591832,0.0,0.0
1041,2785.6851222212563,278.5685122221256,0.0,0.0,937.9390263705754,19.85634328358208,4723.624148591832,0.0,0.0
1042,2785.6851222212563,278.5685122221256,0.0,0.0,937.9390263705754,19.85634328358208,4723.624148591832,0.0,0.0
1043,2785.6851222212563,278.5685122221256,0.0,0.0,937.9390263705754,19.85634328358208,4723.624148591832,0.0,0.0
1044,2785.6851222212563,278.5685122221256,0.0,0.0,937.9390263705754,19.85634328358208,4723.624148591832,0.0,0.0
1045,2785.6851222212563,278.5685122221256,0.0,0.0,937.9390263705754,19.85634328358208,4723.624148591832,0.0,0.0
1046,2785.6851222212563,278.5685122221256,0.0,0.0,937.9390263705754,19.85634328358208,4723.624148591832,0.0,0.0
1047,2785.6851222212563,278.5685122221256,0.0,0.0,937.9390263705754,19.85634328358208,4723.624148591832,0.0,0.0
1048,2785.6851222212563,278.5685122221256,0.0,0.0,937.9390263705754,19.85634328358208,4723.624148591832,0.0,0.0
1049,2785.6851222212563,278.5685122221256,0.0,0.0,937.9390263705754,19.85634328358208,4723.624148591832,0.0,0.0
1050,2785.6851222212563,278.5685122221256,0.0,0.0,937.9390263705754,19.85634328358208,4723.624148591832,0.0,0.0
1051,2785.6851222212563,278.5685122221256,0.0,0.0,937.9390263705754,19.85634328358208,4723.624148591832,0.0,0.0
1052,2785.6851222212563,278.5685122221256,0.0,0.0,937.9390263705754,19.85634328358208,4723.624148591832,0.0,0.0
1053,2785.6851222212563,278.5685122221256,0.0,0.0,937.9390263705754,19.85634328358208,4723.624148591832,0.0,0.0
1054,2785.6851222212563,278.5685122221256,0.0,0.0,937.9390263705754,19.85634328358208,4723.624148591832,0.0,0.0
1055,2781.9032190022544,278.19032190022546,-3.7819032190018333,-0.09990009990008542,941.7209295895773,19.936406876705366,4723.624148591832,0.0,0.0
1056,2751.1003873542722,275.1100387354272,-30.802831647982202,-0.8144796380090469,972.5237612375595,20.588508540153015,4723.624148591832,0.0,-30.802831647982202
1057,2600.508765964137,260.05087659641373,-150.59162139013506,-4.014598540145986,1123.1153826276945,23.77656111700819,4723.624148591832,0.0,-181.39445303811726
1058,2655.26935556055,265.526935556055,54.760589596412956,1.5209125475285301,1068.3547930312816,22.61726927087903,4723.624148591832,0.0,-181.39445303811726
1059,3045.438556434991,304.5438556434991,390.1692008744408,10.67415730337078,678.1855921568408,14.357314867208814,4723.624148591832,263.53533743273647,-181.39445303811726
1060,3103.6216828811794,310.36216828811797,58.18312644618845,1.4382402707275865,620.0024657106524,13.12556728069659,4723.624148591832,321.7184638789249,-181.39445303811726
1061,3107.044219730955,310.70442197309546,3.422536849775497,0.08340283569641116,616.5799288608769,13.053111540313525,4723.624148591832,325.1410007287004,-181.39445303811726
1062,3107.044219730955,310.70442197309546,0.0,0.0,616.5799288608769,13.053111540313525,4723.624148591832,325.1410007287004,-181.39445303811726
1063,3695.720557892392,369.57205578923924,588.6763381614373,14.333333333333353,27.90359069943952,0.5907241944251198,4723.624148591832,913.8173388901378,-181.39445303811726
1064,3623.8472840471004,362.38472840471,-71.8732738452918,-1.5306122448979664,99.77686454473132,2.112294742469635,4723.624148591832,913.8173388901378,-181.39445303811726
1065,3483.5232732062923,348.35232732062923,-140.3240108408081,-3.0347890451517534,240.10087538553944,5.0829800981756,4723.624148591832,913.8173388901378,-181.39445303811726
1066,3360.3119466143644,336.0311946614364,-123.2113265919279,-2.7480916030534153,363.31220197746734,7.691386751966178,4723.624148591832,913.8173388901378,-181.39445303811726
1067,3555.396547051584,355.53965470515845,195.0846004372197,4.474097331240179,168.22760154024763,3.5614095501310845,4723.624148591832,913.8173388901378,-181.39445303811726
1068,3534.8613259529293,353.4861325952929,-20.5352210986548,-0.4507888805409421,188.76282263890243,3.9961439924295177,4723.624148591832,913.8173388901378,-181.39445303811726
1069,3551.9740102018086,355.19740102018085,17.112684248879305,0.37735849056603765,171.65013839002313,3.63386529051415,4723.624148591832,913.8173388901378,-181.39445303811726
1070,4037.974242869972,403.7974242869972,486.00023266816333,10.676691729323306,0.0,0.0,5037.974242869972,1256.0710238677175,-181.39445303811726
1071,3873.6924740807335,387.3692474080734,-164.2817687892384,-3.2608695652173947,164.2817687892384,3.2608695652173956,5037.974242869972,1256.0710238677175,-181.39445303811726
1072,4277.551822354278,427.7551822354278,403.85934827354413,8.286516853932579,0.0,0.0,5277.551822354278,1495.6486033520232,-181.39445303811726
1073,4233.058843307192,423.3058843307192,-44.49297904708601,-0.8430609597924854,44.49297904708601,0.8430609597924897,5277.551822354278,1495.6486033520232,-181.39445303811726
1074,3918.1854531278186,391.8185453127818,-314.873390179373,-6.01700457815565,359.366369226459,6.809338521400786,5277.551822354278,1495.6486033520232,-181.39445303811726
1075,3736.791000089702,373.6791000089702,-181.3944530381168,-3.6882393876130792,540.7608222645758,10.246433203631648,5277.551822354278,1495.6486033520232,-181.39445303811726
1076,4034.5517060201955,403.45517060201956,297.7607059304937,6.28612716763004,243.00011633408212,4.604409857328156,5277.551822354278,1495.6486033520232,-181.39445303811726
1077,4476.058959641274,447.6058959641274,441.50725362107823,8.769544527532315,0.0,0.0,5476.058959641274,1694.1557406390193,-181.39445303811726
1078,4188.5658642601065,418.85658642601067,-287.4930953811672,-5.250000000000011,287.4930953811672,5.250000000000006,5476.058959641274,1694.1557406390193,-181.39445303811726
1079,4369.960317298224,436.9960317298224,181.39445303811772,3.496042216358841,106.0986423430495,1.937499999999997,5476.058959641274,1694.1557406390193,-181.39445303811726
1080,4311.777190852035,431.1777190852036,-58.18312644618891,-1.08349267049076,164.2817687892384,3.0000000000000036,5476.058959641274,1694.1557406390193,-181.39445303811726
1081,4085.8897587668325,408.5889758766832,-225.88743208520282,-4.252577319587636,390.16920087444123,7.125000000000009,5476.058959641274,1694.1557406390193,-181.39445303811726
1082,4154.340495762349,415.4340495762349,68.45073699551631,1.3458950201884257,321.7184638789249,5.875000000000002,5476.058959641274,1694.1557406390193,-181.39445303811726
1083,4845.692939417059,484.56929394170595,691.3524436547104,13.41301460823372,0.0,0.0,5845.692939417059,2063.789720414805,-181.39445303811726
1084,4667.721023228718,466.7721023228718,-177.9719161883413,-3.0444964871194413,177.9719161883413,3.044496487119437,5845.692939417059,2063.789720414805,-181.39445303811726
1085,4352.847633049345,435.28476330493453,-314.873390179373,-5.5555555555555465,492.84530636771433,8.430913348946131,5845.692939417059,2063.789720414805,-181.39445303811726
1086,4496.594180739929,449.65941807399287,143.7465476905836,2.6854219948849067,349.0987586771307,5.971896955503505,5845.692939417059,2063.789720414805,-181.39445303811726
1087,4547.932233486566,454.79322334865657,51.338052746637004,0.9339975093399788,297.7607059304937,5.093676814988282,5845.692939417059,2063.789720414805,-181.39445303811726
1088,4397.34061209643,439.734061209643,-150.59162139013551,-2.7143738433066056,448.35232732062923,7.669789227166277,5845.692939417059,2063.789720414805,-181.39445303811726
1089,3955.8333584753527,395.5833358475353,-441.5072536210773,-8.180088776157257,889.8595809417066,15.222482435597184,5845.692939417059,2063.789720414805,-181.39445303811726
1090,4191.988401109883,419.19884011098833,236.15504263453022,4.765193370165743,653.7045383071763,11.182669789227155,5845.692939417059,2063.789720414805,-181.39445303811726
1091,3935.298137376698,393.52981373766977,-256.690263733185,-4.943968358602513,910.3948020403614,15.573770491803273,5845.692939417059,2063.789720414805,-181.39445303811726
1092,3815.5093476345446,381.55093476345445,-119.78878974215331,-2.4271844660194275,1030.1835917825147,17.622950819672134,5845.692939417059,2063.789720414805,-181.39445303811726
1093,3705.9881684417196,370.59881684417195,-109.521179192825,-2.27434257285003,1139.7047709753397,19.496487119437933,5845.692939417059,2063.789720414805,-181.39445303811726
1094,3558.8190839013605,355.881908390136,-147.1690845403591,-3.127272727272723,1286.8738555156988,22.014051522248234,5845.692939417059,2063.789720414805,-181.39445303811726
1095,4215.946159058313,421.5946159058313,657.1270751569527,14.414414414414424,629.746780358746,10.772833723653388,5845.692939417059,2063.789720414805,-181.39445303811726
1096,4352.847633049345,435.28476330493453,136.9014739910317,2.6246719160105014,492.84530636771433,8.430913348946131,5845.692939417059,2063.789720414805,-181.39445303811726
1097,3925.0305268273705,392.50305268273706,-427.8171062219744,-7.992327365728902,920.6624125896888,15.749414519906319,5845.692939417059,2063.789720414805,-181.39445303811726
1098,4106.424979865487,410.64249798654873,181.3944530381168,3.6831132731063088,739.267959551572,12.646370023419204,5845.692939417059,2063.789720414805,-181.39445303811726
1099,3860.0023266816306,386.0002326681631,-246.4226531838567,-4.825737265415542,985.6906127354287,16.861826697892262,5845.692939417059,2063.789720414805,-181.39445303811726
1100,3808.6642739349936,380.8664273934993,-51.338052746637004,-1.0563380281690127,1037.0286654820657,17.740046838407487,5845.692939417059,2063.789720414805,-181.39445303811726
1101,3723.100852690598,372.31008526905975,-85.56342124439561,-1.7793594306049987,1122.5920867264613,19.203747072599537,5845.692939417059,2063.789720414805,-181.39445303811726
1102,4215.946159058313,421.5946159058313,492.84530636771524,10.43478260869566,629.746780358746,10.772833723653388,5845.692939417059,2063.789720414805,-181.39445303811726
1103,3771.0163685874595,377.10163685874596,-444.92979047085373,-8.530183727034125,1074.6765708295998,18.38407494145199,5845.692939417059,2063.789720414805,-181.39445303811726
1104,3822.3544213340965,382.2354421334096,51.338052746637004,1.076040172166426,1023.3385180829628,17.505854800936767,5845.692939417059,2063.789720414805,-181.39445303811726
1105,4024.284095470868,402.42840954708686,201.9296741367716,4.187366926898495,821.4088439461912,14.051522248243561,5845.692939417059,2063.789720414805,-181.39445303811726
1106,4103.002443015712,410.30024430157124,78.71834754484371,1.5667574931880202,742.6904964013474,12.70491803278688,5845.692939417059,2063.789720414805,-181.39445303811726
1107,4332.31241195069,433.23124119506906,229.30996893497831,4.493628437290398,513.3805274663691,8.78220140515222,5845.692939417059,2063.789720414805,-181.39445303811726
1108,4257.016601255623,425.70166012556234,-75.2958106950673,-1.4120667522464658,588.6763381614364,10.07025761124121,5845.692939417059,2063.789720414805,-181.39445303811726
1109,3972.946042724231,397.29460427242304,-284.0705585313917,-5.403645833333348,872.7468966928282,14.929742388758784,5845.692939417059,2063.789720414805,-181.39445303811726
1110,3849.734716132303,384.97347161323034,-123.2113265919279,-2.47763248451478,995.9582232847561,17.037470725995306,5845.692939417059,2063.789720414805,-181.39445303811726
1111,3836.0445687331994,383.6044568733199,-13.690147399103807,-0.28228652081864203,1009.6483706838599,17.271662763466043,5845.692939417059,2063.789720414805,-181.39445303811726
1112,3620.424747197325,362.0424747197325,-215.6198215358745,-4.458598726114637,1225.2681922197344,20.960187353629966,5845.692939417059,2063.789720414805,-181.39445303811726
1113,3240.523156872211,324.0523156872211,-379.90159032511383,-8.22222222222223,1605.1697825448482,27.45901639344262,5845.692939417059,2063.789720414805,-181.39445303811726
1114,3278.171062219745,327.81710622197454,37.647905347534106,0.8878127522195411,1567.521877197314,26.814988290398116,5845.692939417059,2063.789720414805,-181.39445303811726
1115,3507.4810311547235,350.74810311547236,229.30996893497831,5.360000000000009,1338.2119082623358,22.89227166276346,5845.692939417059,2063.789720414805,-181.39445303811726
1116,3534.8613259529293,353.4861325952929,27.380294798205796,0.6074411541381775,1310.83161346413,22.423887587822016,5845.692939417059,2063.789720414805,-181.39445303811726
1117,3394.537315112122,339.4537315112122,-140.3240108408072,-3.0943396226414954,1451.1556243049372,24.824355971896953,5845.692939417059,2063.789720414805,-181.39445303811726
1118,3712.8332421412715,371.2833242141271,318.2959270291494,7.242990654205617,1132.8596972757878,19.379391100702563,5845.692939417059,2063.789720414805,-181.39445303811726
1119,3962.6784321749037,396.26784321749034,249.8451900336322,5.301379811183704,883.0145072421556,15.10538641686183,5845.692939417059,2063.789720414805,-181.39445303811726
1120,3733.3684632399254,373.3368463239925,-229.30996893497831,-4.620689655172416,1112.3244761771339,19.02810304449649,5845.692939417059,2063.789720414805,-181.39445303811726
1121,4188.5658642601065,418.85658642601067,455.19740102018113,9.616775126536513,657.1270751569527,11.241217798594846,5845.692939417059,2063.789720414805,-181.39445303811726
1122,4072.1996113677296,407.2199611367729,-116.3662528923769,-2.242744063324531,773.4933280493296,13.231850117096014,5845.692939417059,2063.789720414805,-181.39445303811726
1123,3986.636190123335,398.66361901233347,-85.5634212443947,-1.686909581646423,859.0567492937244,14.69555035128805,5845.692939417059,2063.789720414805,-181.39445303811726
1124,3764.1712948879076,376.4171294887908,-222.46489523542732,-4.46122168840084,1081.5216445291517,18.50117096018736,5845.692939417059,2063.789720414805,-181.39445303811726
1125,3870.269937230958,387.0269937230958,106.09864234305041,2.227011494252884,975.4230021861013,16.68618266978922,5845.692939417059,2063.789720414805,-181.39445303811726
1126,4020.8615586210926,402.08615586210925,150.5916213901346,3.092059030217831,824.8313807959667,14.110070257611238,5845.692939417059,2063.789720414805,-181.39445303811726
1127,4044.819316569523,404.48193165695227,23.9577579484303,0.47716428084525475,800.8736228475364,13.700234192037472,5845.692939417059,2063.789720414805,-181.39445303811726
1128,4106.424979865487,410.64249798654873,61.605663295964405,1.2211668928086894,739.267959551572,12.646370023419204,5845.692939417059,2063.789720414805,-181.39445303811726
1129,3931.8756005269224,393.1875600526922,-174.5493793385649,-3.4182305630026666,913.8173388901369,15.63231850117095,5845.692939417059,2063.789720414805,-181.39445303811726
1130,4024.284095470868,402.42840954708686,92.4084949439457,1.8736988202636917,821.4088439461912,14.051522248243561,5845.692939417059,2063.789720414805,-181.39445303811726
1131,4000.326337522438,400.0326337522438,-23.9577579484303,-0.47683923705721387,845.3666018946215,14.461358313817327,5845.692939417059,2063.789720414805,-181.39445303811726
1132,4000.326337522438,400.0326337522438,0.0,0.0,845.3666018946215,14.461358313817327,5845.692939417059,2063.789720414805,-181.39445303811726
1133,4133.805274663694,413.3805274663694,133.4789371412562,2.6694045174538106,711.8876647533652,12.177985948477748,5845.692939417059,2063.789720414805,-181.39445303811726
1134,4229.636306457416,422.9636306457416,95.8310317937221,1.866666666666661,616.0566329596431,10.538641686182668,5845.692939417059,2063.789720414805,-181.39445303811726
1135,4284.396896053829,428.43968960538285,54.7605895964125,1.0471204188481575,561.2960433632306,9.601873536299768,5845.692939417059,2063.789720414805,-181.39445303811726
1136,4089.312295616609,408.9312295616609,-195.0846004372197,-3.6917098445595764,756.3806438004503,12.939110070257604,5845.692939417059,2063.789720414805,-181.39445303811726
1137,3928.453063677146,392.84530636771467,-160.85923193946292,-3.160726294552796,917.2398757399133,15.690866510538642,5845.692939417059,2063.789720414805,-181.39445303811726
1138,3777.8614422870114,377.7861442287011,-150.5916213901346,-3.0555555555555447,1067.8314971300479,18.26697892271662,5845.692939417059,2063.789720414805,-181.39445303811726
1139,3870.269937230958,387.0269937230958,92.40849494394661,1.9340974212034512,975.4230021861013,16.68618266978922,5845.692939417059,2063.789720414805,-181.39445303811726
1140,3839.467105582976,383.9467105582976,-30.802831647982202,-0.6324666198172846,1006.2258338340835,17.213114754098353,5845.692939417059,2063.789720414805,-181.39445303811726
1141,3815.5093476345446,381.55093476345445,-23.957757948431208,-0.4950495049505066,1030.1835917825147,17.622950819672134,5845.692939417059,2063.789720414805,-181.39445303811726
1142,4144.072885213021,414.4072885213022,328.5635375784768,6.823027718550123,701.6200542040378,12.002341920374702,5845.692939417059,2063.789720414805,-181.39445303811726
1143,4174.875716861004,417.48757168610035,30.802831647982202,0.5988023952095745,670.8172225560556,11.475409836065568,5845.692939417059,2063.789720414805,-181.39445303811726
1144,4482.904033340825,448.2904033340825,308.0283164798211,5.952380952380931,362.7889060762345,6.206088992974242,5845.692939417059,2063.789720414805,-181.39445303811726
1145,5009.974708206298,500.99747082062976,527.0706748654729,9.612983770287142,0.0,0.0,6009.974708206298,2228.0714892040432,-181.39445303811726
1146,4729.326686524682,472.9326686524683,-280.6480216816153,-4.669703872437358,280.6480216816153,4.669703872437358,6009.974708206298,2228.0714892040432,-181.39445303811726
1147,4756.706981322889,475.6706981322889,27.380294798206705,0.4778972520907976,253.2677268834086,4.214123006833708,6009.974708206298,2228.0714892040432,-181.39445303811726
1148,4640.340728430512,464.03407284305126,-116.3662528923769,-2.021403091557672,369.6339797757855,6.150341685649195,6009.974708206298,2228.0714892040432,-181.39445303811726
1149,4585.580138834099,458.5580138834099,-54.76058959641341,-0.9708737864077777,424.39456937219893,7.061503416856496,6009.974708206298,2228.0714892040432,-181.39445303811726
1150,4749.861907623337,474.98619076233376,164.2817687892384,2.941176470588247,260.1128005829605,4.328018223234625,6009.974708206298,2228.0714892040432,-181.39445303811726
1151,4900.453529013473,490.04535290134726,150.59162139013551,2.619047619047632,109.521179192825,1.8223234624145708,6009.974708206298,2228.0714892040432,-181.39445303811726
1152,5098.960666300469,509.8960666300469,198.5071372869961,3.3642691415313175,0.0,0.0,6098.960666300469,2317.0574472982144,-181.39445303811726
1153,5140.031108497778,514.0031108497778,41.0704421973096,0.6734006734006703,0.0,0.0,6140.031108497778,2358.127889495524,-181.39445303811726
1154,5458.327035526927,545.8327035526927,318.2959270291485,5.1839464882943,0.0,0.0,6458.327035526927,2676.4238165246725,-181.39445303811726
1155,5571.270751569528,557.1270751569529,112.94371604260141,1.748807631160565,0.0,0.0,6571.270751569528,2789.367532567274,-181.39445303811726
1156,5629.453878015717,562.9453878015717,58.18312644618891,0.885416666666683,0.0,0.0,6629.453878015717,2847.550659013463,-181.39445303811726
1157,5786.890573105404,578.6890573105404,157.4366950896865,2.374806401652041,0.0,0.0,6786.890573105404,3004.9873541031493,-181.39445303811726
1158,5845.073699551592,584.5073699551592,58.183126446188,0.8572869389813276,0.0,0.0,6845.073699551592,3063.1704805493373,-181.39445303811726
1159,5557.580604170425,555.7580604170425,-287.4930953811663,-4.199999999999992,287.4930953811663,4.199999999999992,6845.073699551592,3063.1704805493373,-181.39445303811726
1160,5187.946624394639,518.7946624394639,-369.63397977578643,-5.636743215031325,657.1270751569527,9.6,6845.073699551592,3063.1704805493373,-181.39445303811726
1161,5872.453994349798,587.2453994349798,684.5073699551594,11.061946902654874,0.0,0.0,6872.453994349798,3090.550775347544,-181.39445303811726
1162,5533.622846221994,553.3622846221994,-338.8311481278042,-4.930278884462158,338.8311481278042,4.930278884462157,6872.453994349798,3090.550775347544,-181.39445303811726
1163,5845.073699551592,584.5073699551592,311.4508533295975,4.7668936616029445,27.380294798206705,0.39840637450199695,6872.453994349798,3090.550775347544,-181.39445303811726
1164,6091.496352735449,609.149635273545,246.42265318385762,3.600000000000003,0.0,0.0,7091.496352735449,3309.593133733195,-181.39445303811726
1165,5837.372991639596,583.7372991639595,-254.1233610958534,-3.58349420849422,254.1233610958534,3.583494208494216,7091.496352735449,3309.593133733195,-181.39445303811726
1166,6098.341426435001,609.8341426435002,260.9684347954053,3.8167938931297885,0.0,0.0,7098.341426435001,3316.438207432747,-181.39445303811726
1167,6652.79239609868,665.279239609868,554.4509696636787,7.810993249758913,0.0,0.0,7652.79239609868,3870.8891770964256,-181.39445303811726
1168,5927.214583946211,592.7214583946211,-725.577812152469,-9.48121645796065,725.577812152469,9.481216457960647,7652.79239609868,3870.8891770964256,-181.39445303811726
1169,6146.256942331862,614.6256942331862,219.0423583856509,3.1620553359683834,506.53545376681814,6.618962432915926,7652.79239609868,3870.8891770964256,-181.39445303811726
1170,6611.72195390137,661.1721953901371,465.46501156950853,6.513409961685834,41.0704421973096,0.5366726296958861,7652.79239609868,3870.8891770964256,-181.39445303811726
1171,6611.72195390137,661.1721953901371,0.0,0.0,41.0704421973096,0.5366726296958861,7652.79239609868,3870.8891770964256,-181.39445303811726
1172,7046.384133822897,704.6384133822897,434.66217992152633,5.710431654676262,0.0,0.0,8046.384133822897,4264.480914820642,-181.39445303811726
1173,6488.510627309442,648.8510627309441,-557.8735065134551,-6.933219906422805,557.8735065134551,6.933219906422804,8046.384133822897,4264.480914820642,-181.39445303811726
1174,6228.397826726481,622.8397826726481,-260.1128005829605,-3.4734917733089565,817.9863070964157,10.165886856656746,8046.384133822897,4264.480914820642,-181.39445303811726
1175,6864.989680784779,686.4989680784779,636.5918540582979,8.806818181818187,181.39445303811772,2.2543598468736774,8046.384133822897,4264.480914820642,-181.39445303811726
1176,6337.919005919307,633.7919005919307,-527.070674865472,-6.701479547432543,708.4651279035897,8.80476393024245,8046.384133822897,4264.480914820642,-181.39445303811726
1177,6047.003373688364,604.7003373688364,-290.9156322309427,-3.964552238805974,999.3807601345325,12.420246703530413,8046.384133822897,4264.480914820642,-181.39445303811726
1178,6183.904847679396,618.3904847679396,136.9014739910317,1.942690626517729,862.4792861435008,10.71884304551255,8046.384133822897,4264.480914820642,-181.39445303811726
1179,5995.665320941727,599.5665320941728,-188.2395267376687,-2.62029537875178,1050.7188128811695,13.058273075287113,8046.384133822897,4264.480914820642,-181.39445303811726
1180,6016.200542040382,601.6200542040382,20.5352210986548,0.29354207436398383,1030.1835917825147,12.803062526584434,8046.384133822897,4264.480914820642,-181.39445303811726
1181,5691.059541311681,569.1059541311681,-325.14100072870133,-4.634146341463429,1355.324592511216,16.84389621437687,8046.384133822897,4264.480914820642,-181.39445303811726
1182,6153.102016031414,615.3102016031414,462.04247471973304,6.905370843989789,893.282117791483,11.101658868566568,8046.384133822897,4264.480914820642,-181.39445303811726
1183,5838.228625852041,583.822862585204,-314.873390179373,-4.401913875598085,1208.155507970856,15.014887282007654,8046.384133822897,4264.480914820642,-181.39445303811726
1184,5557.580604170425,555.7580604170425,-280.6480216816153,-4.104104104104101,1488.8035296524713,18.50276478094428,8046.384133822897,4264.480914820642,-181.39445303811726
1185,5495.974940874461,549.5974940874462,-61.605663295964405,-0.9394572025052228,1550.4091929484357,19.26839642705232,8046.384133822897,4264.480914820642,-181.39445303811726
1186,6378.989448116616,637.8989448116615,883.0145072421547,13.593256059009473,667.394685706281,8.294342832837101,8046.384133822897,4264.480914820642,-181.39445303811726
1187,6122.299184383432,612.2299184383431,-256.6902637331841,-3.4786641929498985,924.0849494394652,11.48447469162059,8046.384133822897,4264.480914820642,-181.39445303811726
1188,6247.221779400248,624.7221779400248,124.92259501681656,1.7539644401729948,799.1623544226486,9.931943853679288,8046.384133822897,4264.480914820642,-181.39445303811726
1189,6389.257058665943,638.9257058665943,142.03527926569495,1.9598583234946787,657.1270751569537,8.16673755848576,8046.384133822897,4264.480914820642,-181.39445303811726
1190,6276.313342623343,627.6313342623342,-112.9437160426005,-1.5284854099119838,770.0707911995542,9.570395576350489,8046.384133822897,4264.480914820642,-181.39445303811726
1191,6310.5387111211,631.05387111211,34.2253684977577,0.470366886171214,735.8454227017965,9.145044661846025,8046.384133822897,4264.480914820642,-181.39445303811726
1192,6322.517590095315,632.2517590095315,11.97887897421515,0.1638576779026124,723.8665437275813,8.996171841769465,8046.384133822897,4264.480914820642,-181.39445303811726
1193,6420.059890313925,642.0059890313925,97.54230021860985,1.3320869362000387,626.3242435089714,7.783921735431741,8046.384133822897,4264.480914820642,-181.39445303811726
1194,6741.77835419285,674.177835419285,321.7184638789249,4.335793357933571,304.6057796300465,3.7856231390897577,8046.384133822897,4264.480914820642,-181.39445303811726
1195,7007.024960050475,700.7024960050475,265.2466058576247,3.4261715296198147,39.359173772421855,0.48915355168013863,8046.384133822897,4264.480914820642,-181.39445303811726
1196,6858.144607085227,685.8144607085227,-148.88035296524777,-1.8593716606112531,188.23952673766962,2.3394300297745745,8046.384133822897,4264.480914820642,-181.39445303811726
1197,6698.996643570653,669.8996643570653,-159.14796351457426,-2.025261324041805,347.3874902522439,4.317311782220338,8046.384133822897,4264.480914820642,-181.39445303811726
1198,6851.299533385676,685.1299533385676,152.30288981502326,1.978217381640368,195.08460043722062,2.42450021267546,8046.384133822897,4264.480914820642,-181.39445303811726
1199,6793.116406939487,679.3116406939487,-58.18312644618891,-0.7410636442894525,253.26772688340952,3.147596767333057,8046.384133822897,4264.480914820642,-181.39445303811726
1200,7049.806670672672,704.9806670672672,256.690263733185,3.293807641633739,0.0,0.0,8049.806670672672,4267.903451670418,-181.39445303811726
1201,7219.222244736575,721.9222244736575,169.41557406390257,2.104591836734704,0.0,0.0,8219.222244736575,4437.31902573432,-181.39445303811726
1202,7113.123602393524,711.3123602393525,-106.09864234305041,-1.2908598792421455,106.09864234305041,1.290859879242149,8219.222244736575,4437.31902573432,-181.39445303811726
1203,7241.468734260117,724.1468734260117,128.34513186659296,1.5819447373971895,0.0,0.0,8241.468734260117,4459.565515257863,-181.39445303811726
1204,7590.567492937247,759.0567492937247,349.0987586771298,4.235880398671088,0.0,0.0,8590.567492937247,4808.664273934993,-181.39445303811726
1205,8172.398757399133,817.2398757399133,581.8312644618854,6.7729083665338585,0.0,0.0,9172.398757399133,5390.495538396878,-181.39445303811726
1206,7669.285840482091,766.9285840482091,-503.11291691704173,-5.485074626865671,503.11291691704173,5.48507462686567,9172.398757399133,5390.495538396878,-181.39445303811726
1207,7501.581534843077,750.1581534843076,-167.7043056390139,-1.9344650611922587,670.8172225560556,7.313432835820892,9172.398757399133,5390.495538396878,-181.39445303811726
1208,7713.778819529176,771.3778819529176,212.197284686099,2.4959742351046588,458.61993786995663,5.0,9172.398757399133,5390.495538396878,-181.39445303811726
1209,7871.215514618863,787.1215514618864,157.43669508968742,1.8067556952081842,301.1832427802692,3.2835820895522296,9172.398757399133,5390.495538396878,-181.39445303811726
1210,7542.651977040387,754.2651977040385,-328.5635375784768,-3.703703703703709,629.746780358746,6.865671641791041,9172.398757399133,5390.495538396878,-181.39445303811726
1211,7433.130797847562,743.313079784756,-109.521179192825,-1.2820512820512775,739.267959551571,8.059701492537304,9172.398757399133,5390.495538396878,-181.39445303811726
1212,7460.511092645767,746.0511092645767,27.380294798205796,0.32467532467532756,711.8876647533652,7.761194029850743,9172.398757399133,5390.495538396878,-181.39445303811726
1213,7398.905429349803,739.8905429349803,-61.605663295964405,-0.7281553398058249,773.4933280493296,8.432835820895521,9172.398757399133,5390.495538396878,-181.39445303811726
1214,7439.975871547113,743.9975871547113,41.0704421973096,0.4889975550122161,732.42288585202,7.98507462686567,9172.398757399133,5390.495538396878,-181.39445303811726
1215,6953.97563887895,695.397563887895,-486.0002326681624,-5.75831305758312,1218.4231185201825,13.28358208955223,9172.398757399133,5390.495538396878,-181.39445303811726
1216,7022.4263758744655,702.2426375874466,68.4507369955154,0.8605851979345935,1149.972381524667,12.537313432835816,9172.398757399133,5390.495538396878,-181.39445303811726
1217,7282.539176457427,728.2539176457426,260.1128005829614,3.242320819112643,889.8595809417056,9.701492537313419,9172.398757399133,5390.495538396878,-181.39445303811726
1218,7378.370208251148,737.8370208251148,95.8310317937212,1.157024793388417,794.0285491479844,8.656716417910445,9172.398757399133,5390.495538396878,-181.39445303811726
1219,7378.370208251148,737.8370208251148,0.0,0.0,794.0285491479844,8.656716417910445,9172.398757399133,5390.495538396878,-181.39445303811726
1220,7159.327849865497,715.9327849865497,-219.0423583856509,-2.614379084967322,1013.0709075336354,11.044776119402982,9172.398757399133,5390.495538396878,-181.39445303811726
1221,7268.849029058323,726.8849029058323,109.52117919282591,1.342281879194629,903.5497283408095,9.85074626865671,9172.398757399133,5390.495538396878,-181.39445303811726
1222,7775.38448282514,777.5384482825141,506.5354537668172,6.12582781456954,397.0142745739922,4.328358208955223,9172.398757399133,5390.495538396878,-181.39445303811726
1223,7806.1873144731235,780.6187314473123,30.802831647983112,0.3510140405616369,366.2114429260091,3.992537313432824,9172.398757399133,5390.495538396878,-181.39445303811726
1224,8473.582000179404,847.3582000179404,667.3946857062801,7.57870190439176,0.0,0.0,9473.582000179404,5691.678781177149,-181.39445303811726
1225,7871.215514618863,787.1215514618864,-602.3664855605402,-6.358381502890175,602.3664855605402,6.3583815028901745,9473.582000179404,5691.678781177149,-181.39445303811726
1226,7994.426841210792,799.4426841210792,123.21132659192881,1.388888888888884,479.15515896861143,5.057803468208092,9473.582000179404,5691.678781177149,-181.39445303811726
1227,8897.976569551602,889.7976569551602,903.5497283408095,10.04566210045661,0.0,0.0,9897.976569551602,6116.073350549347,-181.39445303811726
1228,8747.384948161467,874.7384948161468,-150.5916213901346,-1.5214384508990264,150.5916213901346,1.5214384508990275,9897.976569551602,6116.073350549347,-181.39445303811726
1229,8692.624358565054,869.2624358565054,-54.76058959641341,-0.5617977528089901,205.35221098654802,2.0746887966805008,9897.976569551602,6116.073350549347,-181.39445303811726
1230,8542.032737174919,854.2032737174919,-150.5916213901346,-1.5536723163841804,355.9438323766826,3.596127247579528,9897.976569551602,6116.073350549347,-181.39445303811726
1231,7268.849029058323,726.8849029058323,-1273.1837081165959,-13.3428981348637,1629.1275404932785,16.459197786998615,9897.976569551602,6116.073350549347,-181.39445303811726
1232,6830.764312287021,683.0764312287022,-438.0847167713018,-5.298013245033106,2067.2122572645803,20.885200553250343,9897.976569551602,6116.073350549347,-181.39445303811726
1233,6995.04608107626,699.5046081076259,164.2817687892384,2.0979020979021046,1902.930488475342,19.22544951590594,9897.976569551602,6116.073350549347,-181.39445303811726
1234,6803.384017488815,680.3384017488814,-191.66206358744512,-2.3972602739726123,2094.592552062787,21.16182572614108,9897.976569551602,6116.073350549347,-181.39445303811726
1235,6796.538943789264,679.6538943789263,-6.845073699550994,-0.0877192982456032,2101.437625762338,21.230982019363758,9897.976569551602,6116.073350549347,-181.39445303811726
1236,6693.86283829599,669.3862838295989,-102.67610549327401,-1.3169446883230962,2204.113731255612,22.268326417704007,9897.976569551602,6116.073350549347,-181.39445303811726
1237,6529.581069506751,652.9581069506751,-164.2817687892384,-2.135231316725983,2368.3955000448505,23.928077455048406,9897.976569551602,6116.073350549347,-181.39445303811726
1238,6680.172690896886,668.0172690896886,150.5916213901346,2.0000000000000018,2217.803878654716,22.40663900414938,9897.976569551602,6116.073350549347,-181.39445303811726
1239,6953.97563887895,695.397563887895,273.8029479820643,3.5650623885918,1944.0009306726515,19.64038727524204,9897.976569551602,6116.073350549347,-181.39445303811726
1240,7460.511092645767,746.0511092645767,506.5354537668172,6.36833046471601,1437.4654769058343,14.522821576763487,9897.976569551602,6116.073350549347,-181.39445303811726
1241,7385.215281950701,738.5215281950701,-75.2958106950664,-0.8899676375404453,1512.7612876009007,15.283540802212991,9897.976569551602,6116.073350549347,-181.39445303811726
1242,6995.04608107626,699.5046081076259,-390.16920087444123,-4.653061224489797,1902.930488475342,19.22544951590594,9897.976569551602,6116.073350549347,-181.39445303811726
1243,6262.623195224239,626.2623195224239,-732.422885852021,-9.160958904109595,2635.353374327363,26.625172890733058,9897.976569551602,6116.073350549347,-181.39445303811726
1244,6639.102248699576,663.9102248699576,376.4790534753374,5.183788878416595,2258.8743208520254,22.821576763485478,9897.976569551602,6116.073350549347,-181.39445303811726
1245,6899.215049282537,689.9215049282537,260.1128005829605,3.405017921146958,1998.761520269065,20.193637621023512,9897.976569551602,6116.073350549347,-181.39445303811726
1246,6351.095772790944,635.1095772790943,-548.1192764915932,-6.93890814558058,2546.880796760658,25.731327800829874,9897.976569551602,6116.073350549347,-181.39445303811726
1247,6351.095772790944,635.1095772790943,0.0,0.0,2546.880796760658,25.731327800829874,9897.976569551602,0.0,0.0
1248,6351.095772790944,635.1095772790943,0.0,0.0,2546.880796760658,25.731327800829874,9897.976569551602,0.0,0.0
1249,6351.095772790944,635.1095772790943,0.0,0.0,2546.880796760658,25.731327800829874,9897.976569551602,0.0,0.0
1250,6351.095772790944,635.1095772790943,0.0,0.0,2546.880796760658,25.731327800829874,9897.976569551602,0.0,0.0
1251,6351.095772790944,635.1095772790943,0.0,0.0,2546.880796760658,25.731327800829874,9897.976569551602,0.0,0.0
1252,6351.095772790944,635.1095772790943,0.0,0.0,2546.880796760658,25.731327800829874,9897.976569551602,0.0,0.0
1253,6351.095772790944,635.1095772790943,0.0,0.0,2546.880796760658,25.731327800829874,9897.976569551602,0.0,0.0
1254,6351.095772790944,635.1095772790943,0.0,0.0,2546.880796760658,25.731327800829874,9897.976569551602,0.0,0.0
1255,6351.095772790944,635.1095772790943,0.0,0.0,2546.880796760658,25.731327800829874,9897.976569551602,0.0,0.0
1256,6351.095772790944,635.1095772790943,0.0,0.0,2546.880796760658,25.731327800829874,9897.976569551602,0.0,0.0
1257,6351.095772790944,635.1095772790943,0.0,0.0,2546.880796760658,25.731327800829874,9897.976569551602,0.0,0.0
1258,6351.095772790944,635.1095772790943,0.0,0.0,2546.880796760658,25.731327800829874,9897.976569551602,0.0,0.0
1259,6351.095772790944,635.1095772790943,0.0,0.0,2546.880796760658,25.731327800829874,9897.976569551602,0.0,0.0
1260,6351.095772790944,635.1095772790943,0.0,0.0,2546.880796760658,25.731327800829874,9897.976569551602,0.0,0.0
1261,6351.095772790944,635.1095772790943,0.0,0.0,2546.880796760658,25.731327800829874,9897.976569551602,0.0,0.0
1262,6351.095772790944,635.1095772790943,0.0,0.0,2546.880796760658,25.731327800829874,9897.976569551602,0.0,0.0
1263,6351.095772790944,635.1095772790943,0.0,0.0,2546.880796760658,25.731327800829874,9897.976569551602,0.0,0.0
1264,6351.095772790944,635.1095772790943,0.0,0.0,2546.880796760658,25.731327800829874,9897.976569551602,0.0,0.0
1265,6351.095772790944,635.1095772790943,0.0,0.0,2546.880796760658,25.731327800829874,9897.976569551602,0.0,0.0
1266,6351.095772790944,635.1095772790943,0.0,0.0,2546.880796760658,25.731327800829874,9897.976569551602,0.0,0.0
1267,6351.095772790944,635.1095772790943,0.0,0.0,2546.880796760658,25.731327800829874,9897.976569551602,0.0,0.0
1268,6351.095772790944,635.1095772790943,0.0,0.0,2546.880796760658,25.731327800829874,9897.976569551602,0.0,0.0
1269,6351.095772790944,635.1095772790943,0.0,0.0,2546.880796760658,25.731327800829874,9897.976569551602,0.0,0.0
1270,6351.095772790944,635.1095772790943,0.0,0.0,2546.880796760658,25.731327800829874,9897.976569551602,0.0,0.0
1271,6351.095772790944,635.1095772790943,0.0,0.0,2546.880796760658,25.731327800829874,9897.976569551602,0.0,0.0
1272,6351.095772790944,635.1095772790943,0.0,0.0,2546.880796760658,25.731327800829874,9897.976569551602,0.0,0.0
1273,6351.095772790944,635.1095772790943,0.0,0.0,2546.880796760658,25.731327800829874,9897.976569551602,0.0,0.0
1274,6351.095772790944,635.1095772790943,0.0,0.0,2546.880796760658,25.731327800829874,9897.976569551602,0.0,0.0
1275,6351.095772790944,635.1095772790943,0.0,0.0,2546.880796760658,25.731327800829874,9897.976569551602,0.0,0.0
1276,6351.095772790944,635.1095772790943,0.0,0.0,2546.880796760658,25.731327800829874,9897.976569551602,0.0,0.0
1277,6343.752020770175,634.3752020770174,-7.343752020768989,-0.09990009990008542,2554.224548781427,25.805522278551308,9897.976569551602,0.0,0.0
1278,6532.053354636077,653.2053354636076,188.30133386590205,2.564102564102555,2365.923214915525,23.903099772873134,9897.976569551602,188.30133386590205,0.0
1279,6679.163771718812,667.9163771718812,147.1104170827357,1.953125,2218.8127978327893,22.416832190312068,9897.976569551602,335.41175094863775,0.0
1280,6714.470271818669,671.4470271818669,35.30650009985675,0.45977011494253706,2183.5062977329326,22.060127970497405,9897.976569551602,370.7182510484945,0.0
1281,6467.324771119673,646.7324771119672,-247.14550069899633,-3.203661327231122,2430.651798431929,24.557057509200007,9897.976569551602,370.7182510484945,0.0
1282,6537.937771319386,653.7937771319387,70.6130001997135,0.9456264775413725,2360.0387982322154,23.84364906957069,9897.976569551602,370.7182510484945,0.0
1283,6432.018271019816,643.2018271019816,-105.91950029957025,-1.4051522248243575,2465.9582985317857,24.913761729014666,9897.976569551602,370.7182510484945,0.0
1284,6679.163771718812,667.9163771718812,247.14550069899633,3.325415676959631,2218.8127978327893,22.416832190312068,9897.976569551602,370.7182510484945,0.0
1285,6426.133854336506,642.6133854336507,-253.02991738230594,-3.2950191570881304,2471.8427152150953,24.97321243231711,9897.976569551602,370.7182510484945,0.0
1286,5849.461019372182,584.9461019372181,-576.6728349643245,-7.765451664025358,3048.5155501794197,30.799381355956513,9897.976569551602,370.7182510484945,-494.29100139799266
1287,6167.219520270892,616.7219520270892,317.7585008987098,4.6391752577319645,2730.75704928071,27.589043377624588,9897.976569551602,370.7182510484945,-494.29100139799266
1288,6296.676687303699,629.6676687303699,129.45716703280686,1.8062397372742067,2601.299882247903,26.28112790497086,9897.976569551602,370.7182510484945,-494.29100139799266
1289,6526.168937952767,652.6168937952767,229.4922506490684,3.1451612903225845,2371.8076315988346,23.96255047617558,9897.976569551602,370.7182510484945,-494.29100139799266
1290,6796.852105385001,679.6852105385001,270.68316743223386,3.596559812353406,2101.124464166601,21.22781812426321,9897.976569551602,453.1000846148263,-494.29100139799266
1291,6861.580688901405,686.1580688901404,64.72858351640389,0.8301886792452917,2036.395880650197,20.57386038793634,9897.976569551602,517.8286681312302,-494.29100139799266
1292,6426.133854336506,642.6133854336507,-435.4468345648984,-5.53892215568863,2471.8427152150953,24.97321243231711,9897.976569551602,517.8286681312302,-494.29100139799266
1293,6014.224686504846,601.4224686504847,-411.90916783165994,-5.546751188589538,2883.751883046755,29.134761663488106,9897.976569551602,517.8286681312302,-494.29100139799266
1294,5590.546685306567,559.0546685306567,-423.67800119827916,-6.040268456375841,3307.4298842450344,33.41521230126399,9897.976569551602,517.8286681312302,-753.2053354636073
1295,5272.788184407857,527.2788184407857,-317.7585008987098,-4.8214285714285765,3625.188385143744,36.625550279595906,9897.976569551602,517.8286681312302,-1070.9638363623171
1296,5060.949183808718,506.0949183808718,-211.83900059913958,-3.3771106941838602,3837.027385742884,38.765775598483856,9897.976569551602,517.8286681312302,-1282.8028369614567
1297,5195.973009023935,519.5973009023936,135.02382521521758,2.227766990291258,3702.003560527666,37.40161976050601,9897.976569551602,517.8286681312302,-1282.8028369614567
1298,5195.973009023935,519.5973009023936,0.0,0.0,3702.003560527666,37.40161976050601,9897.976569551602,0.0,0.0
1299,5195.973009023935,519.5973009023936,0.0,0.0,3702.003560527666,37.40161976050601,9897.976569551602,0.0,0.0
1300,5195.973009023935,519.5973009023936,0.0,0.0,3702.003560527666,37.40161976050601,9897.976569551602,0.0,0.0
1301,5195.973009023935,519.5973009023936,0.0,0.0,3702.003560527666,37.40161976050601,9897.976569551602,0.0,0.0
1302,5195.973009023935,519.5973009023936,0.0,0.0,3702.003560527666,37.40161976050601,9897.976569551602,0.0,0.0
1303,5195.973009023935,519.5973009023936,0.0,0.0,3702.003560527666,37.40161976050601,9897.976569551602,0.0,0.0
1304,5195.973009023935,519.5973009023936,0.0,0.0,3702.003560527666,37.40161976050601,9897.976569551602,0.0,0.0
1305,5195.973009023935,519.5973009023936,0.0,0.0,3702.003560527666,37.40161976050601,9897.976569551602,0.0,0.0
1306,5195.973009023935,519.5973009023936,0.0,0.0,3702.003560527666,37.40161976050601,9897.976569551602,0.0,0.0
1307,5195.973009023935,519.5973009023936,0.0,0.0,3702.003560527666,37.40161976050601,9897.976569551602,0.0,0.0
1308,5195.973009023935,519.5973009023936,0.0,0.0,3702.003560527666,37.40161976050601,9897.976569551602,0.0,0.0
1309,5195.973009023935,519.5973009023936,0.0,0.0,3702.003560527666,37.40161976050601,9897.976569551602,0.0,0.0
1310,5195.973009023935,519.5973009023936,0.0,0.0,3702.003560527666,37.40161976050601,9897.976569551602,0.0,0.0
1311,5195.973009023935,519.5973009023936,0.0,0.0,3702.003560527666,37.40161976050601,9897.976569551602,0.0,0.0
1312,5195.973009023935,519.5973009023936,0.0,0.0,3702.003560527666,37.40161976050601,9897.976569551602,0.0,0.0
1313,5195.973009023935,519.5973009023936,0.0,0.0,3702.003560527666,37.40161976050601,9897.976569551602,0.0,0.0
1314,5195.973009023935,519.5973009023936,0.0,0.0,3702.003560527666,37.40161976050601,9897.976569551602,0.0,0.0
1315,5195.973009023935,519.5973009023936,0.0,0.0,3702.003560527666,37.40161976050601,9897.976569551602,0.0,0.0
1316,5195.973009023935,519.5973009023936,0.0,0.0,3702.003560527666,37.40161976050601,9897.976569551602,0.0,0.0
1317,5195.973009023935,519.5973009023936,0.0,0.0,3702.003560527666,37.40161976050601,9897.976569551602,0.0,0.0
1318,5195.973009023935,519.5973009023936,0.0,0.0,3702.003560527666,37.40161976050601,9897.976569551602,0.0,0.0
1319,5195.973009023935,519.5973009023936,0.0,0.0,3702.003560527666,37.40161976050601,9897.976569551602,0.0,0.0
1320,5195.973009023935,519.5973009023936,0.0,0.0,3702.003560527666,37.40161976050601,9897.976569551602,0.0,0.0
1321,5195.973009023935,519.5973009023936,0.0,0.0,3702.003560527666,37.40161976050601,9897.976569551602,0.0,0.0
1322,5195.973009023935,519.5973009023936,0.0,0.0,3702.003560527666,37.40161976050601,9897.976569551602,0.0,0.0
1323,5195.973009023935,519.5973009023936,0.0,0.0,3702.003560527666,37.40161976050601,9897.976569551602,0.0,0.0
1324,5195.973009023935,519.5973009023936,0.0,0.0,3702.003560527666,37.40161976050601,9897.976569551602,0.0,0.0
1325,5195.973009023935,519.5973009023936,0.0,0.0,3702.003560527666,37.40161976050601,9897.976569551602,0.0,0.0
1326,5195.973009023935,519.5973009023936,0.0,0.0,3702.003560527666,37.40161976050601,9897.976569551602,0.0,0.0
1327,5195.973009023935,519.5973009023936,0.0,0.0,3702.003560527666,37.40161976050601,9897.976569551602,0.0,0.0
1328,5195.973009023935,519.5973009023936,0.0,0.0,3702.003560527666,37.40161976050601,9897.976569551602,0.0,0.0
1329,5195.973009023935,519.5973009023936,0.0,0.0,3702.003560527666,37.40161976050601,9897.976569551602,0.0,0.0
1330,5195.973009023935,519.5973009023936,0.0,0.0,3702.003560527666,37.40161976050601,9897.976569551602,0.0,0.0
1331,5195.973009023935,519.5973009023936,0.0,0.0,3702.003560527666,37.40161976050601,9897.976569551602,0.0,0.0
1332,5195.973009023935,519.5973009023936,0.0,0.0,3702.003560527666,37.40161976050601,9897.976569551602,0.0,0.0
1333,5195.973009023935,519.5973009023936,0.0,0.0,3702.003560527666,37.40161976050601,9897.976569551602,0.0,0.0
1334,5195.973009023935,519.5973009023936,0.0,0.0,3702.003560527666,37.40161976050601,9897.976569551602,0.0,0.0
1335,5195.973009023935,519.5973009023936,0.0,0.0,3702.003560527666,37.40161976050601,9897.976569551602,0.0,0.0
1336,5195.973009023935,519.5973009023936,0.0,0.0,3702.003560527666,37.40161976050601,9897.976569551602,0.0,0.0
1337,5195.973009023935,519.5973009023936,0.0,0.0,3702.003560527666,37.40161976050601,9897.976569551602,0.0,0.0
1338,5195.973009023935,519.5973009023936,0.0,0.0,3702.003560527666,37.40161976050601,9897.976569551602,0.0,0.0
1339,5195.973009023935,519.5973009023936,0.0,0.0,3702.003560527666,37.40161976050601,9897.976569551602,0.0,0.0
1340,5195.973009023935,519.5973009023936,0.0,0.0,3702.003560527666,37.40161976050601,9897.976569551602,0.0,0.0
1341,5195.973009023935,519.5973009023936,0.0,0.0,3702.003560527666,37.40161976050601,9897.976569551602,0.0,0.0
1342,5195.973009023935,519.5973009023936,0.0,0.0,3702.003560527666,37.40161976050601,9897.976569551602,0.0,0.0
1343,5195.973009023935,519.5973009023936,0.0,0.0,3702.003560527666,37.40161976050601,9897.976569551602,0.0,0.0
1344,5195.973009023935,519.5973009023936,0.0,0.0,3702.003560527666,37.40161976050601,9897.976569551602,0.0,0.0
1345,5195.973009023935,519.5973009023936,0.0,0.0,3702.003560527666,37.40161976050601,9897.976569551602,0.0,0.0
1346,5195.973009023935,519.5973009023936,0.0,0.0,3702.003560527666,37.40161976050601,9897.976569551602,0.0,0.0
1347,5195.973009023935,519.5973009023936,0.0,0.0,3702.003560527666,37.40161976050601,9897.976569551602,0.0,0.0
1348,5195.973009023935,519.5973009023936,0.0,0.0,3702.003560527666,37.40161976050601,9897.976569551602,0.0,0.0
1349,5195.973009023935,519.5973009023936,0.0,0.0,3702.003560527666,37.40161976050601,9897.976569551602,0.0,0.0
1350,5195.973009023935,519.5973009023936,0.0,0.0,3702.003560527666,37.40161976050601,9897.976569551602,0.0,0.0
1351,5195.973009023935,519.5973009023936,0.0,0.0,3702.003560527666,37.40161976050601,9897.976569551602,0.0,0.0
1352,5195.973009023935,519.5973009023936,0.0,0.0,3702.003560527666,37.40161976050601,9897.976569551602,0.0,0.0
1353,5195.973009023935,519.5973009023936,0.0,0.0,3702.003560527666,37.40161976050601,9897.976569551602,0.0,0.0
1354,5195.973009023935,519.5973009023936,0.0,0.0,3702.003560527666,37.40161976050601,9897.976569551602,0.0,0.0
1355,5195.973009023935,519.5973009023936,0.0,0.0,3702.003560527666,37.40161976050601,9897.976569551602,0.0,0.0
1356,5195.973009023935,519.5973009023936,0.0,0.0,3702.003560527666,37.40161976050601,9897.976569551602,0.0,0.0
1357,5195.973009023935,519.5973009023936,0.0,0.0,3702.003560527666,37.40161976050601,9897.976569551602,0.0,0.0
1358,5195.973009023935,519.5973009023936,0.0,0.0,3702.003560527666,37.40161976050601,9897.976569551602,0.0,0.0
1359,5195.973009023935,519.5973009023936,0.0,0.0,3702.003560527666,37.40161976050601,9897.976569551602,0.0,0.0
1360,5195.973009023935,519.5973009023936,0.0,0.0,3702.003560527666,37.40161976050601,9897.976569551602,0.0,0.0
1361,5195.973009023935,519.5973009023936,0.0,0.0,3702.003560527666,37.40161976050601,9897.976569551602,0.0,0.0
1362,5195.973009023935,519.5973009023936,0.0,0.0,3702.003560527666,37.40161976050601,9897.976569551602,0.0,0.0
1363,5195.973009023935,519.5973009023936,0.0,0.0,3702.003560527666,37.40161976050601,9897.976569551602,0.0,0.0
1364,5195.973009023935,519.5973009023936,0.0,0.0,3702.003560527666,37.40161976050601,9897.976569551602,0.0,0.0
1365,5195.973009023935,519.5973009023936,0.0,0.0,3702.003560527666,37.40161976050601,9897.976569551602,0.0,0.0
1366,5195.973009023935,519.5973009023936,0.0,0.0,3702.003560527666,37.40161976050601,9897.976569551602,0.0,0.0
1367,5195.973009023935,519.5973009023936,0.0,0.0,3702.003560527666,37.40161976050601,9897.976569551602,0.0,0.0
1368,5195.973009023935,519.5973009023936,0.0,0.0,3702.003560527666,37.40161976050601,9897.976569551602,0.0,0.0
1369,5195.973009023935,519.5973009023936,0.0,0.0,3702.003560527666,37.40161976050601,9897.976569551602,0.0,0.0
1370,5195.973009023935,519.5973009023936,0.0,0.0,3702.003560527666,37.40161976050601,9897.976569551602,0.0,0.0
1371,5195.973009023935,519.5973009023936,0.0,0.0,3702.003560527666,37.40161976050601,9897.976569551602,0.0,0.0
1372,5195.973009023935,519.5973009023936,0.0,0.0,3702.003560527666,37.40161976050601,9897.976569551602,0.0,0.0
1373,5195.973009023935,519.5973009023936,0.0,0.0,3702.003560527666,37.40161976050601,9897.976569551602,0.0,0.0
1374,5195.973009023935,519.5973009023936,0.0,0.0,3702.003560527666,37.40161976050601,9897.976569551602,0.0,0.0
1375,5195.973009023935,519.5973009023936,0.0,0.0,3702.003560527666,37.40161976050601,9897.976569551602,0.0,0.0
1376,5195.973009023935,519.5973009023936,0.0,0.0,3702.003560527666,37.40161976050601,9897.976569551602,0.0,0.0
1377,5195.973009023935,519.5973009023936,0.0,0.0,3702.003560527666,37.40161976050601,9897.976569551602,0.0,0.0
1378,5195.973009023935,519.5973009023936,0.0,0.0,3702.003560527666,37.40161976050601,9897.976569551602,0.0,0.0
1379,5195.973009023935,519.5973009023936,0.0,0.0,3702.003560527666,37.40161976050601,9897.976569551602,0.0,0.0
1380,5195.973009023935,519.5973009023936,0.0,0.0,3702.003560527666,37.40161976050601,9897.976569551602,0.0,0.0
1381,5195.973009023935,519.5973009023936,0.0,0.0,3702.003560527666,37.40161976050601,9897.976569551602,0.0,0.0
1382,5195.973009023935,519.5973009023936,0.0,0.0,3702.003560527666,37.40161976050601,9897.976569551602,0.0,0.0
1383,5195.973009023935,519.5973009023936,0.0,0.0,3702.003560527666,37.40161976050601,9897.976569551602,0.0,0.0
1384,5195.973009023935,519.5973009023936,0.0,0.0,3702.003560527666,37.40161976050601,9897.976569551602,0.0,0.0
1385,5195.973009023935,519.5973009023936,0.0,0.0,3702.003560527666,37.40161976050601,9897.976569551602,0.0,0.0
1386,5195.973009023935,519.5973009023936,0.0,0.0,3702.003560527666,37.40161976050601,9897.976569551602,0.0,0.0
1387,5195.973009023935,519.5973009023936,0.0,0.0,3702.003560527666,37.40161976050601,9897.976569551602,0.0,0.0
1388,5195.973009023935,519.5973009023936,0.0,0.0,3702.003560527666,37.40161976050601,9897.976569551602,0.0,0.0
1389,5189.783225798138,518.9783225798137,-6.189783225797328,-0.09990009990008542,3708.1933437534635,37.464155604901094,9897.976569551602,0.0,0.0
1390,4889.405089364956,488.94050893649563,-300.3781364331817,-4.8528054291343885,4008.571480186645,40.49889845686149,9897.976569551602,0.0,-300.3781364331817
1391,5029.654938162004,502.96549381620036,140.2498487970479,2.3813924610197157,3868.3216313895973,39.08194371048951,9897.976569551602,0.0,-300.3781364331817
1392,5133.462456863602,513.3462456863601,103.80751870159747,1.7216162411648916,3764.514112688,38.033168559607326,9897.976569551602,0.0,-300.3781364331817
1393,4852.961916730721,485.29619167307214,-280.5005401328808,-4.573282091569486,4045.0146528208807,40.86708656458386,9897.976569551602,0.0,-336.82130906741713
1394,4532.7053414584525,453.27053414584526,-320.2565752722685,-5.47170099222436,4365.271228093149,44.10266277576069,9897.976569551602,0.0,-657.0778843396856
1395,4480.837257727454,448.08372577274537,-51.86808373099848,-0.9374814043020319,4417.139311824148,44.626689917737934,9897.976569551602,0.0,-708.9459680706841
1396,4480.837257727454,448.08372577274537,0.0,0.0,4417.139311824148,44.626689917737934,9897.976569551602,0.0,0.0
1397,4480.837257727454,448.08372577274537,0.0,0.0,4417.139311824148,44.626689917737934,9897.976569551602,0.0,0.0
1398,4480.837257727454,448.08372577274537,0.0,0.0,4417.139311824148,44.626689917737934,9897.976569551602,0.0,0.0
1399,4480.837257727454,448.08372577274537,0.0,0.0,4417.139311824148,44.626689917737934,9897.976569551602,0.0,0.0
1400,4480.837257727454,448.08372577274537,0.0,0.0,4417.139311824148,44.626689917737934,9897.976569551602,0.0,0.0
1401,4480.837257727454,448.08372577274537,0.0,0.0,4417.139311824148,44.626689917737934,9897.976569551602,0.0,0.0
1402,4480.837257727454,448.08372577274537,0.0,0.0,4417.139311824148,44.626689917737934,9897.976569551602,0.0,0.0
1403,4480.837257727454,448.08372577274537,0.0,0.0,4417.139311824148,44.626689917737934,9897.976569551602,0.0,0.0
1404,4480.837257727454,448.08372577274537,0.0,0.0,4417.139311824148,44.626689917737934,9897.976569551602,0.0,0.0
1405,4480.837257727454,448.08372577274537,0.0,0.0,4417.139311824148,44.626689917737934,9897.976569551602,0.0,0.0
1406,4480.837257727454,448.08372577274537,0.0,0.0,4417.139311824148,44.626689917737934,9897.976569551602,0.0,0.0
1407,4480.837257727454,448.08372577274537,0.0,0.0,4417.139311824148,44.626689917737934,9897.976569551602,0.0,0.0
1408,4480.837257727454,448.08372577274537,0.0,0.0,4417.139311824148,44.626689917737934,9897.976569551602,0.0,0.0
1409,4480.837257727454,448.08372577274537,0.0,0.0,4417.139311824148,44.626689917737934,9897.976569551602,0.0,0.0
1410,4480.837257727454,448.08372577274537,0.0,0.0,4417.139311824148,44.626689917737934,9897.976569551602,0.0,0.0
1411,4480.837257727454,448.08372577274537,0.0,0.0,4417.139311824148,44.626689917737934,9897.976569551602,0.0,0.0
1412,4480.837257727454,448.08372577274537,0.0,0.0,4417.139311824148,44.626689917737934,9897.976569551602,0.0,0.0
1413,4480.837257727454,448.08372577274537,0.0,0.0,4417.139311824148,44.626689917737934,9897.976569551602,0.0,0.0
1414,4480.837257727454,448.08372577274537,0.0,0.0,4417.139311824148,44.626689917737934,9897.976569551602,0.0,0.0
1415,4480.837257727454,448.08372577274537,0.0,0.0,4417.139311824148,44.626689917737934,9897.976569551602,0.0,0.0
1416,4480.837257727454,448.08372577274537,0.0,0.0,4417.139311824148,44.626689917737934,9897.976569551602,0.0,0.0
1417,4480.837257727454,448.08372577274537,0.0,0.0,4417.139311824148,44.626689917737934,9897.976569551602,0.0,0.0
1418,4480.837257727454,448.08372577274537,0.0,0.0,4417.139311824148,44.626689917737934,9897.976569551602,0.0,0.0
1419,4480.837257727454,448.08372577274537,0.0,0.0,4417.139311824148,44.626689917737934,9897.976569551602,0.0,0.0
1420,4480.837257727454,448.08372577274537,0.0,0.0,4417.139311824148,44.626689917737934,9897.976569551602,0.0,0.0
1421,4480.837257727454,448.08372577274537,0.0,0.0,4417.139311824148,44.626689917737934,9897.976569551602,0.0,0.0
1422,4480.837257727454,448.08372577274537,0.0,0.0,4417.139311824148,44.626689917737934,9897.976569551602,0.0,0.0
1423,4480.837257727454,448.08372577274537,0.0,0.0,4417.139311824148,44.626689917737934,9897.976569551602,0.0,0.0
1424,4480.837257727454,448.08372577274537,0.0,0.0,4417.139311824148,44.626689917737934,9897.976569551602,0.0,0.0
1425,4480.837257727454,448.08372577274537,0.0,0.0,4417.139311824148,44.626689917737934,9897.976569551602,0.0,0.0
1426,4480.837257727454,448.08372577274537,0.0,0.0,4417.139311824148,44.626689917737934,9897.976569551602,0.0,0.0
1427,4480.837257727454,448.08372577274537,0.0,0.0,4417.139311824148,44.626689917737934,9897.976569551602,0.0,0.0
1428,4480.837257727454,448.08372577274537,0.0,0.0,4417.139311824148,44.626689917737934,9897.976569551602,0.0,0.0
1429,4480.837257727454,448.08372577274537,0.0,0.0,4417.139311824148,44.626689917737934,9897.976569551602,0.0,0.0
1430,4480.837257727454,448.08372577274537,0.0,0.0,4417.139311824148,44.626689917737934,9897.976569551602,0.0,0.0
1431,4480.837257727454,448.08372577274537,0.0,0.0,4417.139311824148,44.626689917737934,9897.976569551602,0.0,0.0
1432,4480.837257727454,448.08372577274537,0.0,0.0,4417.139311824148,44.626689917737934,9897.976569551602,0.0,0.0
1433,4480.837257727454,448.08372577274537,0.0,0.0,4417.139311824148,44.626689917737934,9897.976569551602,0.0,0.0
1434,4480.837257727454,448.08372577274537,0.0,0.0,4417.139311824148,44.626689917737934,9897.976569551602,0.0,0.0
1435,4480.837257727454,448.08372577274537,0.0,0.0,4417.139311824148,44.626689917737934,9897.976569551602,0.0,0.0
1436,4480.837257727454,448.08372577274537,0.0,0.0,4417.139311824148,44.626689917737934,9897.976569551602,0.0,0.0
1437,4480.837257727454,448.08372577274537,0.0,0.0,4417.139311824148,44.626689917737934,9897.976569551602,0.0,0.0
1438,4480.837257727454,448.08372577274537,0.0,0.0,4417.139311824148,44.626689917737934,9897.976569551602,0.0,0.0
1439,4480.837257727454,448.08372577274537,0.0,0.0,4417.139311824148,44.626689917737934,9897.976569551602,0.0,0.0
1440,4480.837257727454,448.08372577274537,0.0,0.0,4417.139311824148,44.626689917737934,9897.976569551602,0.0,0.0
1441,4480.837257727454,448.08372577274537,0.0,0.0,4417.139311824148,44.626689917737934,9897.976569551602,0.0,0.0
1442,4480.837257727454,448.08372577274537,0.0,0.0,4417.139311824148,44.626689917737934,9897.976569551602,0.0,0.0
1443,4480.837257727454,448.08372577274537,0.0,0.0,4417.139311824148,44.626689917737934,9897.976569551602,0.0,0.0
1444,4480.837257727454,448.08372577274537,0.0,0.0,4417.139311824148,44.626689917737934,9897.976569551602,0.0,0.0
1445,4480.837257727454,448.08372577274537,0.0,0.0,4417.139311824148,44.626689917737934,9897.976569551602,0.0,0.0
1446,4480.837257727454,448.08372577274537,0.0,0.0,4417.139311824148,44.626689917737934,9897.976569551602,0.0,0.0
1447,4480.837257727454,448.08372577274537,0.0,0.0,4417.139311824148,44.626689917737934,9897.976569551602,0.0,0.0
1448,4480.837257727454,448.08372577274537,0.0,0.0,4417.139311824148,44.626689917737934,9897.976569551602,0.0,0.0
1449,4480.837257727454,448.08372577274537,0.0,0.0,4417.139311824148,44.626689917737934,9897.976569551602,0.0,0.0
1450,4480.837257727454,448.08372577274537,0.0,0.0,4417.139311824148,44.626689917737934,9897.976569551602,0.0,0.0
1451,4480.837257727454,448.08372577274537,0.0,0.0,4417.139311824148,44.626689917737934,9897.976569551602,0.0,0.0
1452,4480.837257727454,448.08372577274537,0.0,0.0,4417.139311824148,44.626689917737934,9897.976569551602,0.0,0.0
1453,4480.837257727454,448.08372577274537,0.0,0.0,4417.139311824148,44.626689917737934,9897.976569551602,0.0,0.0
1454,4480.837257727454,448.08372577274537,0.0,0.0,4417.139311824148,44.626689917737934,9897.976569551602,0.0,0.0
1455,4480.837257727454,448.08372577274537,0.0,0.0,4417.139311824148,44.626689917737934,9897.976569551602,0.0,0.0
1456,4480.837257727454,448.08372577274537,0.0,0.0,4417.139311824148,44.626689917737934,9897.976569551602,0.0,0.0
1457,4480.837257727454,448.08372577274537,0.0,0.0,4417.139311824148,44.626689917737934,9897.976569551602,0.0,0.0
1458,4480.837257727454,448.08372577274537,0.0,0.0,4417.139311824148,44.626689917737934,9897.976569551602,0.0,0.0
1459,4480.837257727454,448.08372577274537,0.0,0.0,4417.139311824148,44.626689917737934,9897.976569551602,0.0,0.0
1460,4480.837257727454,448.08372577274537,0.0,0.0,4417.139311824148,44.626689917737934,9897.976569551602,0.0,0.0
1461,4480.837257727454,448.08372577274537,0.0,0.0,4417.139311824148,44.626689917737934,9897.976569551602,0.0,0.0
1462,4480.837257727454,448.08372577274537,0.0,0.0,4417.139311824148,44.626689917737934,9897.976569551602,0.0,0.0
1463,4480.837257727454,448.08372577274537,0.0,0.0,4417.139311824148,44.626689917737934,9897.976569551602,0.0,0.0
1464,4480.837257727454,448.08372577274537,0.0,0.0,4417.139311824148,44.626689917737934,9897.976569551602,0.0,0.0
1465,4480.837257727454,448.08372577274537,0.0,0.0,4417.139311824148,44.626689917737934,9897.976569551602,0.0,0.0
1466,4480.837257727454,448.08372577274537,0.0,0.0,4417.139311824148,44.626689917737934,9897.976569551602,0.0,0.0
1467,4480.837257727454,448.08372577274537,0.0,0.0,4417.139311824148,44.626689917737934,9897.976569551602,0.0,0.0
1468,4480.837257727454,448.08372577274537,0.0,0.0,4417.139311824148,44.626689917737934,9897.976569551602,0.0,0.0
1469,4480.837257727454,448.08372577274537,0.0,0.0,4417.139311824148,44.626689917737934,9897.976569551602,0.0,0.0
1470,4480.837257727454,448.08372577274537,0.0,0.0,4417.139311824148,44.626689917737934,9897.976569551602,0.0,0.0
1471,4480.837257727454,448.08372577274537,0.0,0.0,4417.139311824148,44.626689917737934,9897.976569551602,0.0,0.0
1472,4480.837257727454,448.08372577274537,0.0,0.0,4417.139311824148,44.626689917737934,9897.976569551602,0.0,0.0
1473,4480.837257727454,448.08372577274537,0.0,0.0,4417.139311824148,44.626689917737934,9897.976569551602,0.0,0.0
1474,4480.837257727454,448.08372577274537,0.0,0.0,4417.139311824148,44.626689917737934,9897.976569551602,0.0,0.0
1475,4480.837257727454,448.08372577274537,0.0,0.0,4417.139311824148,44.626689917737934,9897.976569551602,0.0,0.0
1476,4480.837257727454,448.08372577274537,0.0,0.0,4417.139311824148,44.626689917737934,9897.976569551602,0.0,0.0
1477,4475.361895831623,447.53618958316224,-5.475361895831156,-0.09990009990009652,4422.614673719979,44.6820079098281,9897.976569551602,0.0,0.0
1478,4765.139423398575,476.51394233985746,289.7775275669519,5.292390404140379,4132.837146153027,41.75436380468471,9897.976569551602,289.7775275669519,0.0
1479,4843.587857881594,484.35878578815937,78.4484344830189,1.3607378542247472,4054.388711670008,40.96179338454102,9897.976569551602,368.2259620499708,0.0
1480,4739.523720231444,473.95237202314433,-104.06413765014986,-1.7808260982983715,4158.452849320158,42.01316117591642,9897.976569551602,368.2259620499708,0.0
1481,4693.095678115512,469.3095678115512,-46.42804211593193,-0.8089180283770925,4204.88089143609,42.4822271692504,9897.976569551602,368.2259620499708,0.0
1482,4774.745541108701,477.47455411087014,81.64986299318934,1.4341909500494632,4123.2310284429,41.65731247664179,9897.976569551602,368.2259620499708,0.0
1483,4907.627421162692,490.7627421162692,132.88188005399115,2.301086326800794,3990.3491483889093,40.31479687135368,9897.976569551602,432.2655253310695,0.0
1484,4995.681362629299,499.56813626292984,88.05394146660637,1.4905127759271553,3902.295206922303,39.425181293383126,9897.976569551602,520.3194667976759,0.0
1485,4805.163997767627,480.5163997767627,-190.51736486167192,-3.1775765478324836,4092.812571783975,41.349992526496635,9897.976569551602,520.3194667976759,0.0
1486,4874.006314540519,487.40063145405196,68.84231677289245,1.1858806538345146,4023.9702550110824,40.65447343439586,9897.976569551602,520.3194667976759,0.0
1487,4763.5387091434895,476.35387091434893,-110.46760539702973,-1.8806177501644483,4134.437860408112,41.77053594091717,9897.976569551602,520.3194667976759,0.0
1488,4664.2779357116715,466.4277935711672,-99.26077343181805,-1.7222192552354576,4233.69863383993,42.7733749831631,9897.976569551602,520.3194667976759,0.0
1489,4688.29231389718,468.829231389718,24.014378185508576,0.42396186165414296,4209.684255654422,42.53075591837988,9897.976569551602,520.3194667976759,0.0
1490,4603.440411667281,460.3440411667282,-84.85190222989877,-1.4916937728849722,4294.53615788432,43.388021053669476,9897.976569551602,520.3194667976759,0.0
1491,4488.16944205192,448.81694420519193,-115.27096961536154,-2.0571463448660676,4409.807127499682,44.55261230932025,9897.976569551602,520.3194667976759,0.0
1492,4955.656788260247,495.5656788260247,467.4873462083269,8.51809243764059,3942.319781291355,39.829552571571206,9897.976569551602,520.3194667976759,0.0
1493,4845.188572136679,484.5188572136679,-110.4682161235678,-1.8548452345562016,4052.7879974149228,40.945621248308555,9897.976569551602,520.3194667976759,0.0
1494,5003.686155357802,500.36861553578024,158.49758322112302,2.7115905888248415,3894.2904141937997,39.34430827178871,9897.976569551602,528.324259526179,0.0
1495,4914.030888909571,491.4030888909571,-89.65526644823058,-1.4933369954427178,3983.9456806420303,40.25010215620778,9897.976569551602,528.324259526179,0.0
1496,4872.405600285434,487.2405600285434,-41.62528862413728,-0.7038395538683462,4025.5709692661676,40.670645570628324,9897.976569551602,528.324259526179,0.0
1497,4648.267739528128,464.8267739528128,-224.13786075730604,-3.816798021349399,4249.708830023474,42.935127196567954,9897.976569551602,528.324259526179,0.0
1498,4681.8888461503,468.18888461502996,33.62110662217219,0.5952463334356839,4216.087723401301,42.595450633525786,9897.976569551602,528.324259526179,0.0
1499,4699.499145862392,469.9499145862392,17.610299712091546,0.3099374202651495,4198.47742368921,42.4175324541045,9897.976569551602,528.324259526179,0.0
1500,4707.504549317432,470.75045493174315,8.005403455040323,0.14045801657593948,4190.47202023417,42.33665326229406,9897.976569551602,528.324259526179,0.0
1501,4789.154412310621,478.9154412310621,81.64986299318934,1.430570265650588,4108.82215724098,41.51173856968544,9897.976569551602,528.324259526179,0.0
1502,4963.66158098875,496.36615809887496,174.50716867812844,3.0143809656733245,3934.314988562852,39.74867954997679,9897.976569551602,528.324259526179,0.0
1503,4987.676569900796,498.76765699007956,24.014988912045737,0.4026886600775992,3910.299999650806,39.50605431497753,9897.976569551602,528.324259526179,0.0
1504,5085.336018350991,508.53360183509915,97.65944845019567,1.631007408468177,3812.6405512006104,38.5193935791801,9897.976569551602,609.9741225193684,0.0
1505,5099.744889552911,509.9744889552912,14.408871201920192,0.23678020668815858,3798.23167999869,38.37381967222375,9897.976569551602,624.3829937212886,0.0
1506,5120.557839228249,512.0557839228248,20.812949675337222,0.34121016619865774,3777.418730323353,38.163544879905466,9897.976569551602,645.1959433966258,0.0
1507,5250.237680045531,525.0237680045532,129.67984081728264,2.1187585220767025,3647.7388895060703,36.853379717298324,9897.976569551602,774.8757842139084,0.0
1508,5082.13458984082,508.21345898408197,-168.1030902047114,-2.6895471630046353,3815.8419797107817,38.551737851645036,9897.976569551602,774.8757842139084,0.0
1509,5040.508690490145,504.0508690490145,-41.625899350674445,-0.6843962220139499,3857.467879061456,38.97228743628161,9897.976569551602,774.8757842139084,0.0
1510,4955.656788260247,495.5656788260247,-84.85190222989877,-1.4047145129264527,3942.319781291355,39.829552571571206,9897.976569551602,774.8757842139084,0.0
1511,5067.7257186389,506.77257186389,112.06893037865302,1.881722442427547,3830.250850912702,38.69731175860138,9897.976569551602,774.8757842139084,0.0
1512,4968.464334480544,496.84643344805437,-99.26138415835612,-1.6358910860694298,3929.512235071058,39.70015697106336,9897.976569551602,774.8757842139084,0.0
1513,4896.420589197481,489.6420589197481,-72.04374528306289,-1.207073398543368,4001.555980354121,40.42802033562906,9897.976569551602,774.8757842139084,0.0
1514,5027.701144269848,502.77011442698483,131.28055507236695,2.2264448929046665,3870.275425281754,39.10168303678946,9897.976569551602,774.8757842139084,0.0
1515,4974.8684129539615,497.4868412953962,-52.83273131588612,-0.8764988517406924,3923.10815659764,39.635456085701406,9897.976569551602,774.8757842139084,0.0
1516,4958.858827496955,495.88588274969555,-16.009585457006324,-0.26794875385534045,3939.1177420546464,39.797202128890234,9897.976569551602,774.8757842139084,0.0
1517,4805.163997767627,480.5163997767627,-153.69482972932838,-2.579266167879468,4092.812571783975,41.349992526496635,9897.976569551602,774.8757842139084,0.0
1518,4886.814471487354,488.6814471487354,81.65047371972742,1.4065145058972606,4011.1620980642474,40.52507166367197,9897.976569551602,774.8757842139084,0.0
1519,4851.592650610097,485.15926506100965,-35.221820877257414,-0.598317155192396,4046.383918941505,40.88092036294661,9897.976569551602,774.8757842139084,0.0
1520,4763.5387091434895,476.35387091434893,-88.05394146660728,-1.5047859057213508,4134.437860408112,41.77053594091717,9897.976569551602,774.8757842139084,0.0
1521,5018.095026559722,501.8095026559722,254.55631741623256,4.416667090521931,3879.8815429918795,39.19873436483237,9897.976569551602,774.8757842139084,0.0
1522,5187.799441746056,518.7799441746056,169.7044151863338,2.8199025511789877,3710.1771278055458,37.48419792403716,9897.976569551602,774.8757842139084,0.0
1523,5216.617184149896,521.6617184149897,28.817742403840384,0.4657187530904938,3681.3593854017054,37.19305011012446,9897.976569551602,774.8757842139084,0.0
1524,5123.759878464958,512.3759878464958,-92.85730568493818,-1.4936950906626612,3774.2166910866436,38.13119443722449,9897.976569551602,774.8757842139084,0.0
1525,5085.336018350991,508.53360183509915,-38.42386011396684,-0.6274553685406525,3812.6405512006104,38.5193935791801,9897.976569551602,774.8757842139084,0.0
1526,5003.686155357802,500.36861553578024,-81.64986299318934,-1.3417478138752825,3894.2904141937997,39.34430827178871,9897.976569551602,774.8757842139084,0.0
1527,4803.563283512542,480.3563283512542,-200.1228718452603,-3.3333333333333326,4094.41328603906,41.36616466272909,9897.976569551602,774.8757842139084,0.0
1528,4739.523720231444,473.95237202314433,-64.0395632810978,-1.1034524851831762,4158.452849320158,42.01316117591642,9897.976569551602,774.8757842139084,0.0
1529,4739.523720231444,473.95237202314433,0.0,0.0,4158.452849320158,42.01316117591642,9897.976569551602,774.8757842139084,0.0
1530,4798.760530020748,479.8760530020748,59.23680978930406,1.0320858084530204,4099.216039530854,41.414687241642525,9897.976569551602,774.8757842139084,0.0
1531,5059.720315183859,505.9720315183859,260.9597851631115,4.500268355833925,3838.2562543677423,38.778190950411826,9897.976569551602,774.8757842139084,0.0
1532,5237.429523098696,523.7429523098697,177.70920791483695,2.9326305286656584,3660.5470464529053,36.98278148802221,9897.976569551602,774.8757842139084,0.0
1533,5232.626769606903,523.2626769606902,-4.802753491793737,-0.07699892197592373,3665.349799944699,37.03130406693564,9897.976569551602,774.8757842139084,0.0
1534,5227.824016115108,522.7824016115109,-4.802753491794647,-0.07705825600234917,3670.1525534364937,37.07982664584908,9897.976569551602,774.8757842139084,0.0
1535,5239.03084808032,523.903084808032,11.206831965211677,0.1799477945461092,3658.945721471282,36.9666031815737,9897.976569551602,774.8757842139084,0.0
1536,5517.601543682061,551.7601543682061,278.57069560174114,4.464967434604916,3380.375025869541,34.15218254070568,9897.976569551602,1042.239647850438,0.0
1537,5275.853383212663,527.5853383212664,-241.7481604693976,-3.7091583283998086,3622.1231863389385,36.594582346066595,9897.976569551602,1042.239647850438,0.0
1538,5403.931899048322,540.3931899048322,128.07851583565844,2.0408143405366452,3494.04467050328,35.30059548990796,9897.976569551602,1042.239647850438,0.0
1539,5203.809027203062,520.3809027203063,-200.1228718452594,-3.124999999999989,3694.1675423485394,37.322451880848334,9897.976569551602,1042.239647850438,0.0
1540,5203.809027203062,520.3809027203063,0.0,0.0,3694.1675423485394,37.322451880848334,9897.976569551602,1042.239647850438,0.0
1541,5082.13458984082,508.21345898408197,-121.67443736224232,-1.9612859910534408,3815.8419797107817,38.551737851645036,9897.976569551602,1042.239647850438,0.0
1542,5226.222691133485,522.6222691133485,144.08810129266476,2.3690383559308303,3671.753878418117,37.09600495229759,9897.976569551602,1042.239647850438,0.0
1543,5202.208312947976,520.2208312947976,-24.014378185508576,-0.38569738630945816,3695.7682566036256,37.338624017080804,9897.976569551602,1042.239647850438,0.0
1544,5064.523679402191,506.45236794021906,-137.6846335457849,-2.219929202609161,3833.4528901494105,38.72966220128235,9897.976569551602,1042.239647850438,0.0
1545,5147.774867377004,514.7774867377004,83.25118797481264,1.3727572415550116,3750.201702174598,37.888569202225234,9897.976569551602,1042.239647850438,0.0
1546,5139.7694639219635,513.9769463921963,-8.005403455040323,-0.13021627544497205,3758.207105629638,37.96944839403567,9897.976569551602,1042.239647850438,0.0
1547,5037.306651253436,503.7306651253436,-102.46281266852748,-1.6688381098119653,3860.6699182981656,39.00463787896259,9897.976569551602,1042.239647850438,0.0
1548,4955.656788260247,495.5656788260247,-81.64986299318934,-1.352421993940589,3942.319781291355,39.829552571571206,9897.976569551602,1042.239647850438,0.0
1549,4795.558490784038,479.5558490784038,-160.09829747620824,-2.688171987878696,4102.418078767563,41.447037684323504,9897.976569551602,1042.239647850438,0.0
1550,4539.4008483861835,453.9400848386183,-256.15764239785494,-4.419895732312784,4358.575721165418,44.0350175668568,9897.976569551602,1042.239647850438,0.0
1551,4619.449997124288,461.94499971242874,80.04914873810412,1.445086768931425,4278.526572427314,43.226275010480656,9897.976569551602,1042.239647850438,0.0
1552,4421.905196205334,442.19051962053334,-197.54480091895402,-3.5153760780867516,4476.071373346268,45.22208495740097,9897.976569551602,1042.239647850438,-53.456699626289264
1553,4421.905196205334,442.19051962053334,0.0,0.0,4476.071373346268,45.22208495740097,9897.976569551602,0.0,0.0
1554,4421.905196205334,442.19051962053334,0.0,0.0,4476.071373346268,45.22208495740097,9897.976569551602,0.0,0.0
1555,4421.905196205334,442.19051962053334,0.0,0.0,4476.071373346268,45.22208495740097,9897.976569551602,0.0,0.0
1556,4421.905196205334,442.19051962053334,0.0,0.0,4476.071373346268,45.22208495740097,9897.976569551602,0.0,0.0
1557,4421.905196205334,442.19051962053334,0.0,0.0,4476.071373346268,45.22208495740097,9897.976569551602,0.0,0.0
1558,4421.905196205334,442.19051962053334,0.0,0.0,4476.071373346268,45.22208495740097,9897.976569551602,0.0,0.0
1559,4421.905196205334,442.19051962053334,0.0,0.0,4476.071373346268,45.22208495740097,9897.976569551602,0.0,0.0
1560,4421.905196205334,442.19051962053334,0.0,0.0,4476.071373346268,45.22208495740097,9897.976569551602,0.0,0.0
1561,4421.905196205334,442.19051962053334,0.0,0.0,4476.071373346268,45.22208495740097,9897.976569551602,0.0,0.0
1562,4421.905196205334,442.19051962053334,0.0,0.0,4476.071373346268,45.22208495740097,9897.976569551602,0.0,0.0
1563,4421.905196205334,442.19051962053334,0.0,0.0,4476.071373346268,45.22208495740097,9897.976569551602,0.0,0.0
1564,4421.905196205334,442.19051962053334,0.0,0.0,4476.071373346268,45.22208495740097,9897.976569551602,0.0,0.0
1565,4421.905196205334,442.19051962053334,0.0,0.0,4476.071373346268,45.22208495740097,9897.976569551602,0.0,0.0
1566,4421.905196205334,442.19051962053334,0.0,0.0,4476.071373346268,45.22208495740097,9897.976569551602,0.0,0.0
1567,4421.905196205334,442.19051962053334,0.0,0.0,4476.071373346268,45.22208495740097,9897.976569551602,0.0,0.0
1568,4421.905196205334,442.19051962053334,0.0,0.0,4476.071373346268,45.22208495740097,9897.976569551602,0.0,0.0
1569,4421.905196205334,442.19051962053334,0.0,0.0,4476.071373346268,45.22208495740097,9897.976569551602,0.0,0.0
1570,4421.905196205334,442.19051962053334,0.0,0.0,4476.071373346268,45.22208495740097,9897.976569551602,0.0,0.0
1571,4421.905196205334,442.19051962053334,0.0,0.0,4476.071373346268,45.22208495740097,9897.976569551602,0.0,0.0
1572,4421.905196205334,442.19051962053334,0.0,0.0,4476.071373346268,45.22208495740097,9897.976569551602,0.0,0.0
1573,4421.905196205334,442.19051962053334,0.0,0.0,4476.071373346268,45.22208495740097,9897.976569551602,0.0,0.0
1574,4421.905196205334,442.19051962053334,0.0,0.0,4476.071373346268,45.22208495740097,9897.976569551602,0.0,0.0
1575,4421.905196205334,442.19051962053334,0.0,0.0,4476.071373346268,45.22208495740097,9897.976569551602,0.0,0.0
1576,4421.905196205334,442.19051962053334,0.0,0.0,4476.071373346268,45.22208495740097,9897.976569551602,0.0,0.0
1577,4421.905196205334,442.19051962053334,0.0,0.0,4476.071373346268,45.22208495740097,9897.976569551602,0.0,0.0
1578,4421.905196205334,442.19051962053334,0.0,0.0,4476.071373346268,45.22208495740097,9897.976569551602,0.0,0.0
1579,4421.905196205334,442.19051962053334,0.0,0.0,4476.071373346268,45.22208495740097,9897.976569551602,0.0,0.0
1580,4421.905196205334,442.19051962053334,0.0,0.0,4476.071373346268,45.22208495740097,9897.976569551602,0.0,0.0
1581,4421.905196205334,442.19051962053334,0.0,0.0,4476.071373346268,45.22208495740097,9897.976569551602,0.0,0.0
1582,4421.905196205334,442.19051962053334,0.0,0.0,4476.071373346268,45.22208495740097,9897.976569551602,0.0,0.0
1583,4421.905196205334,442.19051962053334,0.0,0.0,4476.071373346268,45.22208495740097,9897.976569551602,0.0,0.0
1584,4421.905196205334,442.19051962053334,0.0,0.0,4476.071373346268,45.22208495740097,9897.976569551602,0.0,0.0
1585,4421.905196205334,442.19051962053334,0.0,0.0,4476.071373346268,45.22208495740097,9897.976569551602,0.0,0.0
1586,4421.905196205334,442.19051962053334,0.0,0.0,4476.071373346268,45.22208495740097,9897.976569551602,0.0,0.0
1587,4421.905196205334,442.19051962053334,0.0,0.0,4476.071373346268,45.22208495740097,9897.976569551602,0.0,0.0
1588,4421.905196205334,442.19051962053334,0.0,0.0,4476.071373346268,45.22208495740097,9897.976569551602,0.0,0.0
1589,4421.905196205334,442.19051962053334,0.0,0.0,4476.071373346268,45.22208495740097,9897.976569551602,0.0,0.0
1590,4421.905196205334,442.19051962053334,0.0,0.0,4476.071373346268,45.22208495740097,9897.976569551602,0.0,0.0
1591,4421.905196205334,442.19051962053334,0.0,0.0,4476.071373346268,45.22208495740097,9897.976569551602,0.0,0.0
1592,4421.905196205334,442.19051962053334,0.0,0.0,4476.071373346268,45.22208495740097,9897.976569551602,0.0,0.0
1593,4421.905196205334,442.19051962053334,0.0,0.0,4476.071373346268,45.22208495740097,9897.976569551602,0.0,0.0
1594,4421.905196205334,442.19051962053334,0.0,0.0,4476.071373346268,45.22208495740097,9897.976569551602,0.0,0.0
1595,4421.905196205334,442.19051962053334,0.0,0.0,4476.071373346268,45.22208495740097,9897.976569551602,0.0,0.0
1596,4421.905196205334,442.19051962053334,0.0,0.0,4476.071373346268,45.22208495740097,9897.976569551602,0.0,0.0
1597,4421.905196205334,442.19051962053334,0.0,0.0,4476.071373346268,45.22208495740097,9897.976569551602,0.0,0.0
1598,4421.905196205334,442.19051962053334,0.0,0.0,4476.071373346268,45.22208495740097,9897.976569551602,0.0,0.0
1599,4421.905196205334,442.19051962053334,0.0,0.0,4476.071373346268,45.22208495740097,9897.976569551602,0.0,0.0
1600,4421.905196205334,442.19051962053334,0.0,0.0,4476.071373346268,45.22208495740097,9897.976569551602,0.0,0.0
1601,4421.905196205334,442.19051962053334,0.0,0.0,4476.071373346268,45.22208495740097,9897.976569551602,0.0,0.0
1602,4421.905196205334,442.19051962053334,0.0,0.0,4476.071373346268,45.22208495740097,9897.976569551602,0.0,0.0
1603,4421.905196205334,442.19051962053334,0.0,0.0,4476.071373346268,45.22208495740097,9897.976569551602,0.0,0.0
1604,4421.905196205334,442.19051962053334,0.0,0.0,4476.071373346268,45.22208495740097,9897.976569551602,0.0,0.0
1605,4421.905196205334,442.19051962053334,0.0,0.0,4476.071373346268,45.22208495740097,9897.976569551602,0.0,0.0
1606,4421.905196205334,442.19051962053334,0.0,0.0,4476.071373346268,45.22208495740097,9897.976569551602,0.0,0.0
1607,4421.905196205334,442.19051962053334,0.0,0.0,4476.071373346268,45.22208495740097,9897.976569551602,0.0,0.0
1608,4421.905196205334,442.19051962053334,0.0,0.0,4476.071373346268,45.22208495740097,9897.976569551602,0.0,0.0
1609,4421.905196205334,442.19051962053334,0.0,0.0,4476.071373346268,45.22208495740097,9897.976569551602,0.0,0.0
1610,4421.905196205334,442.19051962053334,0.0,0.0,4476.071373346268,45.22208495740097,9897.976569551602,0.0,0.0
1611,4421.905196205334,442.19051962053334,0.0,0.0,4476.071373346268,45.22208495740097,9897.976569551602,0.0,0.0
1612,4421.905196205334,442.19051962053334,0.0,0.0,4476.071373346268,45.22208495740097,9897.976569551602,0.0,0.0
1613,4421.905196205334,442.19051962053334,0.0,0.0,4476.071373346268,45.22208495740097,9897.976569551602,0.0,0.0
1614,4421.905196205334,442.19051962053334,0.0,0.0,4476.071373346268,45.22208495740097,9897.976569551602,0.0,0.0
1615,4421.905196205334,442.19051962053334,0.0,0.0,4476.071373346268,45.22208495740097,9897.976569551602,0.0,0.0
1616,4421.905196205334,442.19051962053334,0.0,0.0,4476.071373346268,45.22208495740097,9897.976569551602,0.0,0.0
1617,4421.905196205334,442.19051962053334,0.0,0.0,4476.071373346268,45.22208495740097,9897.976569551602,0.0,0.0
1618,4421.905196205334,442.19051962053334,0.0,0.0,4476.071373346268,45.22208495740097,9897.976569551602,0.0,0.0
1619,4421.905196205334,442.19051962053334,0.0,0.0,4476.071373346268,45.22208495740097,9897.976569551602,0.0,0.0
1620,4421.905196205334,442.19051962053334,0.0,0.0,4476.071373346268,45.22208495740097,9897.976569551602,0.0,0.0
1621,4421.905196205334,442.19051962053334,0.0,0.0,4476.071373346268,45.22208495740097,9897.976569551602,0.0,0.0
1622,4421.905196205334,442.19051962053334,0.0,0.0,4476.071373346268,45.22208495740097,9897.976569551602,0.0,0.0
1623,4421.905196205334,442.19051962053334,0.0,0.0,4476.071373346268,45.22208495740097,9897.976569551602,0.0,0.0
1624,4421.905196205334,442.19051962053334,0.0,0.0,4476.071373346268,45.22208495740097,9897.976569551602,0.0,0.0
1625,4421.905196205334,442.19051962053334,0.0,0.0,4476.071373346268,45.22208495740097,9897.976569551602,0.0,0.0
1626,4421.905196205334,442.19051962053334,0.0,0.0,4476.071373346268,45.22208495740097,9897.976569551602,0.0,0.0
1627,4421.905196205334,442.19051962053334,0.0,0.0,4476.071373346268,45.22208495740097,9897.976569551602,0.0,0.0
1628,4421.905196205334,442.19051962053334,0.0,0.0,4476.071373346268,45.22208495740097,9897.976569551602,0.0,0.0
1629,4421.905196205334,442.19051962053334,0.0,0.0,4476.071373346268,45.22208495740097,9897.976569551602,0.0,0.0
1630,4421.905196205334,442.19051962053334,0.0,0.0,4476.071373346268,45.22208495740097,9897.976569551602,0.0,0.0
1631,4421.905196205334,442.19051962053334,0.0,0.0,4476.071373346268,45.22208495740097,9897.976569551602,0.0,0.0
1632,4421.905196205334,442.19051962053334,0.0,0.0,4476.071373346268,45.22208495740097,9897.976569551602,0.0,0.0
1633,4421.905196205334,442.19051962053334,0.0,0.0,4476.071373346268,45.22208495740097,9897.976569551602,0.0,0.0
1634,4421.905196205334,442.19051962053334,0.0,0.0,4476.071373346268,45.22208495740097,9897.976569551602,0.0,0.0
1635,4421.905196205334,442.19051962053334,0.0,0.0,4476.071373346268,45.22208495740097,9897.976569551602,0.0,0.0
1636,4421.905196205334,442.19051962053334,0.0,0.0,4476.071373346268,45.22208495740097,9897.976569551602,0.0,0.0
1637,4421.905196205334,442.19051962053334,0.0,0.0,4476.071373346268,45.22208495740097,9897.976569551602,0.0,0.0
1638,4421.905196205334,442.19051962053334,0.0,0.0,4476.071373346268,45.22208495740097,9897.976569551602,0.0,0.0
1639,4421.905196205334,442.19051962053334,0.0,0.0,4476.071373346268,45.22208495740097,9897.976569551602,0.0,0.0
1640,4421.905196205334,442.19051962053334,0.0,0.0,4476.071373346268,45.22208495740097,9897.976569551602,0.0,0.0
1641,4421.905196205334,442.19051962053334,0.0,0.0,4476.071373346268,45.22208495740097,9897.976569551602,0.0,0.0
1642,4421.905196205334,442.19051962053334,0.0,0.0,4476.071373346268,45.22208495740097,9897.976569551602,0.0,0.0
1643,4421.905196205334,442.19051962053334,0.0,0.0,4476.071373346268,45.22208495740097,9897.976569551602,0.0,0.0
1644,4421.905196205334,442.19051962053334,0.0,0.0,4476.071373346268,45.22208495740097,9897.976569551602,0.0,0.0
1645,4421.905196205334,442.19051962053334,0.0,0.0,4476.071373346268,45.22208495740097,9897.976569551602,0.0,0.0
1646,4421.905196205334,442.19051962053334,0.0,0.0,4476.071373346268,45.22208495740097,9897.976569551602,0.0,0.0
1647,4421.905196205334,442.19051962053334,0.0,0.0,4476.071373346268,45.22208495740097,9897.976569551602,0.0,0.0
1648,4421.905196205334,442.19051962053334,0.0,0.0,4476.071373346268,45.22208495740097,9897.976569551602,0.0,0.0
1649,4421.905196205334,442.19051962053334,0.0,0.0,4476.071373346268,45.22208495740097,9897.976569551602,0.0,0.0
1650,4421.905196205334,442.19051962053334,0.0,0.0,4476.071373346268,45.22208495740097,9897.976569551602,0.0,0.0
1651,4421.905196205334,442.19051962053334,0.0,0.0,4476.071373346268,45.22208495740097,9897.976569551602,0.0,0.0
1652,4421.905196205334,442.19051962053334,0.0,0.0,4476.071373346268,45.22208495740097,9897.976569551602,0.0,0.0
1653,4421.905196205334,442.19051962053334,0.0,0.0,4476.071373346268,45.22208495740097,9897.976569551602,0.0,0.0
1654,4421.905196205334,442.19051962053334,0.0,0.0,4476.071373346268,45.22208495740097,9897.976569551602,0.0,0.0
1655,4421.905196205334,442.19051962053334,0.0,0.0,4476.071373346268,45.22208495740097,9897.976569551602,0.0,0.0
1656,4421.905196205334,442.19051962053334,0.0,0.0,4476.071373346268,45.22208495740097,9897.976569551602,0.0,0.0
1657,4421.905196205334,442.19051962053334,0.0,0.0,4476.071373346268,45.22208495740097,9897.976569551602,0.0,0.0
1658,4421.905196205334,442.19051962053334,0.0,0.0,4476.071373346268,45.22208495740097,9897.976569551602,0.0,0.0
1659,4421.905196205334,442.19051962053334,0.0,0.0,4476.071373346268,45.22208495740097,9897.976569551602,0.0,0.0
1660,4421.905196205334,442.19051962053334,0.0,0.0,4476.071373346268,45.22208495740097,9897.976569551602,0.0,0.0
1661,4421.905196205334,442.19051962053334,0.0,0.0,4476.071373346268,45.22208495740097,9897.976569551602,0.0,0.0
1662,4421.905196205334,442.19051962053334,0.0,0.0,4476.071373346268,45.22208495740097,9897.976569551602,0.0,0.0
1663,4421.905196205334,442.19051962053334,0.0,0.0,4476.071373346268,45.22208495740097,9897.976569551602,0.0,0.0
1664,4421.905196205334,442.19051962053334,0.0,0.0,4476.071373346268,45.22208495740097,9897.976569551602,0.0,0.0
1665,4421.905196205334,442.19051962053334,0.0,0.0,4476.071373346268,45.22208495740097,9897.976569551602,0.0,0.0
1666,4421.905196205334,442.19051962053334,0.0,0.0,4476.071373346268,45.22208495740097,9897.976569551602,0.0,0.0
1667,4421.905196205334,442.19051962053334,0.0,0.0,4476.071373346268,45.22208495740097,9897.976569551602,0.0,0.0
1668,4421.905196205334,442.19051962053334,0.0,0.0,4476.071373346268,45.22208495740097,9897.976569551602,0.0,0.0
1669,4421.905196205334,442.19051962053334,0.0,0.0,4476.071373346268,45.22208495740097,9897.976569551602,0.0,0.0
1670,4421.905196205334,442.19051962053334,0.0,0.0,4476.071373346268,45.22208495740097,9897.976569551602,0.0,0.0
1671,4421.905196205334,442.19051962053334,0.0,0.0,4476.071373346268,45.22208495740097,9897.976569551602,0.0,0.0
1672,4421.905196205334,442.19051962053334,0.0,0.0,4476.071373346268,45.22208495740097,9897.976569551602,0.0,0.0
1673,4421.905196205334,442.19051962053334,0.0,0.0,4476.071373346268,45.22208495740097,9897.976569551602,0.0,0.0
1674,4421.905196205334,442.19051962053334,0.0,0.0,4476.071373346268,45.22208495740097,9897.976569551602,0.0,0.0
1675,4421.905196205334,442.19051962053334,0.0,0.0,4476.071373346268,45.22208495740097,9897.976569551602,0.0,0.0
1676,4421.905196205334,442.19051962053334,0.0,0.0,4476.071373346268,45.22208495740097,9897.976569551602,0.0,0.0
1677,4421.905196205334,442.19051962053334,0.0,0.0,4476.071373346268,45.22208495740097,9897.976569551602,0.0,0.0
1678,4421.905196205334,442.19051962053334,0.0,0.0,4476.071373346268,45.22208495740097,9897.976569551602,0.0,0.0
1679,4421.905196205334,442.19051962053334,0.0,0.0,4476.071373346268,45.22208495740097,9897.976569551602,0.0,0.0
1680,4421.905196205334,442.19051962053334,0.0,0.0,4476.071373346268,45.22208495740097,9897.976569551602,0.0,0.0
1681,4421.905196205334,442.19051962053334,0.0,0.0,4476.071373346268,45.22208495740097,9897.976569551602,0.0,0.0
1682,4421.905196205334,442.19051962053334,0.0,0.0,4476.071373346268,45.22208495740097,9897.976569551602,0.0,0.0
1683,4421.905196205334,442.19051962053334,0.0,0.0,4476.071373346268,45.22208495740097,9897.976569551602,0.0,0.0
1684,4421.905196205334,442.19051962053334,0.0,0.0,4476.071373346268,45.22208495740097,9897.976569551602,0.0,0.0
1685,4421.905196205334,442.19051962053334,0.0,0.0,4476.071373346268,45.22208495740097,9897.976569551602,0.0,0.0
1686,4421.905196205334,442.19051962053334,0.0,0.0,4476.071373346268,45.22208495740097,9897.976569551602,0.0,0.0
1687,4421.905196205334,442.19051962053334,0.0,0.0,4476.071373346268,45.22208495740097,9897.976569551602,0.0,0.0
1688,4421.905196205334,442.19051962053334,0.0,0.0,4476.071373346268,45.22208495740097,9897.976569551602,0.0,0.0
1689,4421.905196205334,442.19051962053334,0.0,0.0,4476.071373346268,45.22208495740097,9897.976569551602,0.0,0.0
1690,4421.905196205334,442.19051962053334,0.0,0.0,4476.071373346268,45.22208495740097,9897.976569551602,0.0,0.0
1691,4421.905196205334,442.19051962053334,0.0,0.0,4476.071373346268,45.22208495740097,9897.976569551602,0.0,0.0
1692,4421.905196205334,442.19051962053334,0.0,0.0,4476.071373346268,45.22208495740097,9897.976569551602,0.0,0.0
1693,4421.905196205334,442.19051962053334,0.0,0.0,4476.071373346268,45.22208495740097,9897.976569551602,0.0,0.0
1694,4421.905196205334,442.19051962053334,0.0,0.0,4476.071373346268,45.22208495740097,9897.976569551602,0.0,0.0
1695,4421.905196205334,442.19051962053334,0.0,0.0,4476.071373346268,45.22208495740097,9897.976569551602,0.0,0.0
1696,4421.905196205334,442.19051962053334,0.0,0.0,4476.071373346268,45.22208495740097,9897.976569551602,0.0,0.0
1697,4421.905196205334,442.19051962053334,0.0,0.0,4476.071373346268,45.22208495740097,9897.976569551602,0.0,0.0
1698,4421.905196205334,442.19051962053334,0.0,0.0,4476.071373346268,45.22208495740097,9897.976569551602,0.0,0.0
1699,4421.905196205334,442.19051962053334,0.0,0.0,4476.071373346268,45.22208495740097,9897.976569551602,0.0,0.0
1700,4416.488707497836,441.64887074978355,-5.416488707497592,-0.09990009990009652,4481.487862053766,45.27680814925172,9897.976569551602,0.0,0.0
1701,4412.42523209492,441.242523209492,-4.063475402916083,-0.07502047216106922,4485.551337456682,45.317861746159764,9897.976569551602,0.0,-4.063475402916083
1702,4282.397119316338,428.2397119316338,-130.028112778582,-2.4024001663345618,4615.579450235264,46.631545526525315,9897.976569551602,0.0,-134.09158818149808
1703,4359.601214400035,435.9601214400035,77.20409508369721,1.4615352337177034,4538.3753551515665,45.85154676070489,9897.976569551602,0.0,-134.09158818149808
1704,4176.749083926569,417.6749083926569,-182.85213047346588,-3.4116741742311607,4721.227485625032,47.698915555615564,9897.976569551602,0.0,-239.73962357126675
1705,4085.323212447008,408.5323212447007,-91.42587147956147,-1.7660865921323543,4812.653357104594,48.622597995527656,9897.976569551602,0.0,-331.1654950508282
1706,4060.9427475438515,406.09427475438514,-24.38046490315628,-0.47942803012956947,4837.03382200775,48.868915661889446,9897.976569551602,0.0,-355.5459599539845
1707,4075.1645239397158,407.5164523939716,14.221776395864254,0.28101041851869013,4822.812045611886,48.72523198779778,9897.976569551602,0.0,-355.5459599539845
1708,3827.298337076959,382.7298337076959,-247.86618686275688,-4.883904466418065,5070.678232474643,51.229442672891224,9897.976569551602,0.0,-589.1903704208771
1709,3904.502432160656,390.45024321606564,77.20409508369721,1.5993230517931112,4993.4741373909455,50.4494439070708,9897.976569551602,0.0,-589.1903704208771
1710,3815.1082983825527,381.5108298382553,-89.39413377810342,-1.8226952685742925,5082.868271169049,51.352599548528865,9897.976569551602,0.0,-601.3804091152833
1711,3880.1223547718437,388.0122354771844,65.014056389291,1.3502096393372964,5017.854214779758,50.695757658346096,9897.976569551602,0.0,-601.3804091152833
1712,4193.002598023892,419.3002598023892,312.8802432520479,6.411319645420566,4704.97397152771,47.53470508306987,9897.976569551602,0.0,-601.3804091152833
1713,4428.678746192242,442.8678746192242,235.67614816835066,4.538340655905571,4469.297823359359,45.153651273614074,9897.976569551602,12.190038694406212,-601.3804091152833
1714,4422.583920602211,442.25839206022107,-6.094825590031178,-0.11227088348718661,4475.392648949391,45.21522775388965,9897.976569551602,12.190038694406212,-601.3804091152833
1715,4266.143605219016,426.6143605219016,-156.4403153831954,-2.8849773036951354,4631.832964332586,46.795755999071005,9897.976569551602,12.190038694406212,-601.3804091152833
1716,4258.016654413183,425.8016654413183,-8.126950805833076,-0.15432451932717584,4639.959915138419,46.8778631928871,9897.976569551602,12.190038694406212,-601.3804091152833
1717,4184.876034732401,418.4876034732401,-73.14061968078113,-1.3910305822137814,4713.1005348192,47.61680836179948,9897.976569551602,12.190038694406212,-601.3804091152833
1718,4105.639814432903,410.56398144329034,-79.2362202994982,-1.5282182210087814,4792.336755118698,48.41733784116041,9897.976569551602,12.190038694406212,-601.3804091152833
1719,3997.9604288560195,399.79604288560193,-107.67938557688376,-2.1090282411322825,4900.016140695582,49.50523075361819,9897.976569551602,12.190038694406212,-601.3804091152833
1720,3839.488375771365,383.94883757713654,-158.47205308465436,-3.170734449390733,5058.4881937802365,51.10628579725357,9897.976569551602,12.190038694406212,-601.3804091152833
1721,3997.9604288560195,399.79604288560193,158.47205308465436,3.274562118550306,4900.016140695582,49.50523075361819,9897.976569551602,12.190038694406212,-601.3804091152833
1722,3943.1046734596766,394.31046734596765,-54.85575539634283,-1.0975628194178966,4954.871896091925,50.05944256661734,9897.976569551602,12.190038694406212,-601.3804091152833
1723,4012.1822052518837,401.2182205251884,69.07753179220708,1.3974523372546788,4885.794364299718,49.36154707952652,9897.976569551602,12.190038694406212,-601.3804091152833
1724,4274.270168510505,427.42701685105044,262.08796325862113,5.229019068460827,4623.706401041097,46.71365272034141,9897.976569551602,12.190038694406212,-601.3804091152833
1725,4231.604839322912,423.16048393229124,-42.66532918759276,-0.8089333277298105,4666.37173022869,47.144703742616414,9897.976569551602,12.190038694406212,-601.3804091152833
1726,3999.9921665574775,399.9992166557478,-231.61267276543458,-4.4271820957220935,4897.984402994124,49.484703955164164,9897.976569551602,12.190038694406212,-601.3804091152833
1727,3926.8511593623534,392.6851159362354,-73.14100719512408,-1.4628224356895703,4971.125410189248,50.22365303916304,9897.976569551602,12.190038694406212,-601.3804091152833
1728,4144.242055731924,414.4242055731924,217.39089636957033,4.412369875563793,4753.734513819678,48.027336500706944,9897.976569551602,12.190038694406212,-601.3804091152833
1729,4018.2774183562587,401.82774183562583,-125.964637375665,-2.4486529990421,4879.699151195343,49.299966684164445,9897.976569551602,12.190038694406212,-601.3804091152833
1730,3939.0411980567596,393.904119805676,-79.23622029949911,-1.5789525706502938,4958.935371494842,50.100496163525385,9897.976569551602,12.190038694406212,-601.3804091152833
1731,3821.2031239725848,382.1203123972585,-117.83807408417488,-2.3858491832491224,5076.773445579017,51.29102306825328,9897.976569551602,12.190038694406212,-601.3804091152833
1732,3833.393550181334,383.33935501813346,12.190426208749159,0.2528502926610665,5064.583019370268,51.16786227752915,9897.976569551602,12.190038694406212,-601.3804091152833
1733,4134.083754738976,413.4083754738976,300.69020455764166,6.22109913947233,4763.892814812626,48.12996657789058,9897.976569551602,12.190038694406212,-601.3804091152833
1734,4207.224374419756,420.72243744197556,73.14061968078022,1.4246090086331042,4690.752195131846,47.391021408978204,9897.976569551602,12.190038694406212,-601.3804091152833
1735,4306.777584219493,430.67775842194936,99.55320979973749,1.9118286949336705,4591.198985332108,46.38522786016354,9897.976569551602,12.190038694406212,-601.3804091152833
1736,4406.330406504888,440.6330406504888,99.55282228539454,1.8759561844353456,4491.646163046714,45.37943822643535,9897.976569551602,12.190038694406212,-601.3804091152833
1737,4576.992498283948,457.6992498283948,170.66209177906057,3.156708505527517,4320.984071267653,43.65522630716232,9897.976569551602,160.5037907861124,-601.3804091152833
1738,4465.249249789804,446.5249249789804,-111.74324849414461,-2.0036471006286694,4432.727319761798,44.78417673161464,9897.976569551602,160.5037907861124,-601.3804091152833
1739,4617.626089770083,461.7626089770083,152.37683998027933,2.788104128757518,4280.3504797815185,43.24470208334134,9897.976569551602,201.13738227224712,-601.3804091152833
1740,4499.788015685907,449.9788015685907,-117.83807408417579,-2.09764893926927,4398.188553865694,44.435228988069234,9897.976569551602,201.13738227224712,-601.3804091152833
1741,4434.773959296617,443.4773959296617,-65.01405638929009,-1.182119314487462,4463.202610254984,45.092070878252,9897.976569551602,201.13738227224712,-601.3804091152833
1742,4668.41836976351,466.841836976351,233.64441046689262,4.299063994505703,4229.558199788092,42.731543867250224,9897.976569551602,251.92966226567387,-601.3804091152833
1743,3796.8230465837723,379.68230465837723,-871.5953231797375,-15.376340741343352,5101.153522967829,51.537336819528576,9897.976569551602,251.92966226567387,-619.6656609140637
1744,3916.6928583694053,391.6692858369405,119.86981178563292,2.4989417083250975,4981.283711182196,50.32628311634666,9897.976569551602,251.92966226567387,-619.6656609140637
1745,3784.6326203750223,378.46326203750226,-132.060237994383,-2.6859566338292673,5113.343949176579,51.66049761025272,9897.976569551602,251.92966226567387,-631.8560871228137
1746,4040.625758043612,404.06257580436124,255.99313766858995,5.350319616567023,4857.350811507989,49.07417973134318,9897.976569551602,251.92966226567387,-631.8560871228137
1747,3983.7386524601543,398.3738652460154,-56.887105583457924,-1.128572290705776,4914.237917091447,49.64891442770987,9897.976569551602,251.92966226567387,-631.8560871228137
1748,3977.64343935578,397.764343935578,-6.095213104374125,-0.12230202122186506,4920.3331301958215,49.710494823071926,9897.976569551602,251.92966226567387,-631.8560871228137
1749,4140.178580329007,414.0178580329007,162.5351409732266,3.265303008410392,4757.797989222595,48.068390097615,9897.976569551602,251.92966226567387,-631.8560871228137
1750,4115.798502940194,411.5798502940194,-24.380077388812424,-0.47430409289889175,4782.178066611407,48.3147038488903,9897.976569551602,251.92966226567387,-631.8560871228137
1751,4286.460594719254,428.6460594719254,170.66209177905966,3.3359815028088935,4611.515974832348,46.59049192961727,9897.976569551602,251.92966226567387,-631.8560871228137
1752,4282.397119316338,428.2397119316338,-4.063475402916083,-0.07686570873099985,4615.579450235264,46.631545526525315,9897.976569551602,251.92966226567387,-631.8560871228137
1753,4323.0310983168165,432.30310983168164,40.633979000478575,0.7692337036132812,4574.945471234785,46.221017387617835,9897.976569551602,251.92966226567387,-631.8560871228137
1754,4392.108630109024,439.2108630109024,69.07753179220708,1.2977104682715401,4505.867939442578,45.523121900527016,9897.976569551602,251.92966226567387,-631.8560871228137
1755,4320.9993606153585,432.09993606153586,-71.10926949366512,-1.3187655214621952,4576.977208936243,46.241544186071856,9897.976569551602,251.92966226567387,-631.8560871228137
1756,4241.763140315859,424.1763140315859,-79.23622029949911,-1.4891229058583422,4656.213429235742,47.042073665432795,9897.976569551602,251.92966226567387,-631.8560871228137
1757,4093.449775738497,409.3449775738497,-148.31336457736234,-2.8294556737339605,4804.526793813105,48.54049471679806,9897.976569551602,251.92966226567387,-631.8560871228137
1758,4219.414800628506,421.9414800628506,125.96502489000886,2.4730787665761422,4678.561768923096,47.26786061825406,9897.976569551602,251.92966226567387,-631.8560871228137
1759,4266.143605219016,426.6143605219016,46.72880459050975,0.8952881956207692,4631.832964332586,46.795755999071005,9897.976569551602,251.92966226567387,-631.8560871228137
1760,4383.9816793031905,438.3981679303191,117.83807408417488,2.2376540200573114,4513.994890248411,45.60522909434311,9897.976569551602,251.92966226567387,-631.8560871228137
1761,4353.506388810003,435.3506388810003,-30.475290493187458,-0.5660362963406551,4544.470180741599,45.913123240980475,9897.976569551602,251.92966226567387,-631.8560871228137
1762,4272.23881832339,427.22388183233903,-81.2675704866133,-1.5180250957854469,4625.737751228212,46.73417560370894,9897.976569551602,251.92966226567387,-631.8560871228137
1763,4457.122686498315,445.7122686498314,184.88386817492483,3.506743046850813,4440.853883053287,44.86628001034425,9897.976569551602,251.92966226567387,-631.8560871228137
1764,4501.819753387366,450.1819753387366,44.69706688905171,0.8190592269372798,4396.156816164235,44.414702189615205,9897.976569551602,251.92966226567387,-631.8560871228137
1765,4627.784778277374,462.77847782773745,125.96502489000795,2.289515660931163,4270.191791274227,43.14206809107122,9897.976569551602,251.92966226567387,-631.8560871228137
1766,4536.35851928347,453.63585192834694,-91.42625899390441,-1.6245514460112243,4361.618050268132,44.065754446069796,9897.976569551602,251.92966226567387,-631.8560871228137
1767,4463.217512088346,446.3217512088346,-73.14100719512408,-1.3211031572534448,4434.759057463256,44.804703530068664,9897.976569551602,251.92966226567387,-631.8560871228137
1768,4260.048392114641,426.00483921146406,-203.16911997370516,-3.718854677196304,4637.928177436961,46.85733639443308,9897.976569551602,251.92966226567387,-631.8560871228137
1769,4379.918203900274,437.99182039002744,119.86981178563383,2.2788727945037834,4518.058365651327,45.64628269125115,9897.976569551602,251.92966226567387,-631.8560871228137
1770,4444.9322602895645,444.4932260289565,65.01405638929009,1.2084580829157865,4453.044309262037,44.98944080106838,9897.976569551602,251.92966226567387,-631.8560871228137
1771,4412.42523209492,441.242523209492,-32.50702819464459,-0.5970143730110622,4485.551337456682,45.317861746159764,9897.976569551602,251.92966226567387,-631.8560871228137
1772,4193.002598023892,419.3002598023892,-219.42263407102837,-4.054053860548191,4704.97397152771,47.53470508306987,9897.976569551602,251.92966226567387,-631.8560871228137
1773,4203.161286531183,420.31612865311826,10.158688507291117,0.195622634796222,4694.815283020419,47.43207109079976,9897.976569551602,251.92966226567387,-631.8560871228137
1774,4178.780821628027,417.87808216280274,-24.38046490315537,-0.46857023183706215,4719.195747923574,47.678388757161535,9897.976569551602,251.92966226567387,-631.8560871228137
1775,4154.400744239215,415.4400744239215,-24.380077388812424,-0.470768665995569,4743.575825312387,47.92470250843684,9897.976569551602,251.92966226567387,-631.8560871228137
1776,3965.453400661374,396.5453400661373,-188.9473435778409,-3.665748026849036,4932.523168890228,49.83365169870957,9897.976569551602,251.92966226567387,-631.8560871228137
1777,3884.1858301747607,388.41858301747607,-81.2675704866133,-1.6366596145235945,5013.790739376841,50.65470406143804,9897.976569551602,251.92966226567387,-631.8560871228137
1778,3956.428535333199,395.6428535333199,72.24270515843818,1.4791145888045198,4941.548034218403,49.924830590322,9897.976569551602,251.92966226567387,-631.8560871228137
1779,3956.428535333199,395.6428535333199,0.0,0.0,4941.548034218403,49.924830590322,9897.976569551602,0.0,0.0
1780,3956.428535333199,395.6428535333199,0.0,0.0,4941.548034218403,49.924830590322,9897.976569551602,0.0,0.0
1781,3956.428535333199,395.6428535333199,0.0,0.0,4941.548034218403,49.924830590322,9897.976569551602,0.0,0.0
1782,3956.428535333199,395.6428535333199,0.0,0.0,4941.548034218403,49.924830590322,9897.976569551602,0.0,0.0
1783,3956.428535333199,395.6428535333199,0.0,0.0,4941.548034218403,49.924830590322,9897.976569551602,0.0,0.0
1784,3956.428535333199,395.6428535333199,0.0,0.0,4941.548034218403,49.924830590322,9897.976569551602,0.0,0.0
1785,3956.428535333199,395.6428535333199,0.0,0.0,4941.548034218403,49.924830590322,9897.976569551602,0.0,0.0
1786,3956.428535333199,395.6428535333199,0.0,0.0,4941.548034218403,49.924830590322,9897.976569551602,0.0,0.0
1787,3956.428535333199,395.6428535333199,0.0,0.0,4941.548034218403,49.924830590322,9897.976569551602,0.0,0.0
1788,3956.428535333199,395.6428535333199,0.0,0.0,4941.548034218403,49.924830590322,9897.976569551602,0.0,0.0
1789,3956.428535333199,395.6428535333199,0.0,0.0,4941.548034218403,49.924830590322,9897.976569551602,0.0,0.0
1790,3956.428535333199,395.6428535333199,0.0,0.0,4941.548034218403,49.924830590322,9897.976569551602,0.0,0.0
1791,3956.428535333199,395.6428535333199,0.0,0.0,4941.548034218403,49.924830590322,9897.976569551602,0.0,0.0
1792,3956.428535333199,395.6428535333199,0.0,0.0,4941.548034218403,49.924830590322,9897.976569551602,0.0,0.0
1793,3956.428535333199,395.6428535333199,0.0,0.0,4941.548034218403,49.924830590322,9897.976569551602,0.0,0.0
1794,3956.428535333199,395.6428535333199,0.0,0.0,4941.548034218403,49.924830590322,9897.976569551602,0.0,0.0
1795,3956.428535333199,395.6428535333199,0.0,0.0,4941.548034218403,49.924830590322,9897.976569551602,0.0,0.0
1796,3956.428535333199,395.6428535333199,0.0,0.0,4941.548034218403,49.924830590322,9897.976569551602,0.0,0.0
1797,3956.428535333199,395.6428535333199,0.0,0.0,4941.548034218403,49.924830590322,9897.976569551602,0.0,0.0
1798,3956.428535333199,395.6428535333199,0.0,0.0,4941.548034218403,49.924830590322,9897.976569551602,0.0,0.0
1799,3956.428535333199,395.6428535333199,0.0,0.0,4941.548034218403,49.924830590322,9897.976569551602,0.0,0.0
1800,3956.428535333199,395.6428535333199,0.0,0.0,4941.548034218403,49.924830590322,9897.976569551602,0.0,0.0
1801,3956.428535333199,395.6428535333199,0.0,0.0,4941.548034218403,49.924830590322,9897.976569551602,0.0,0.0
1802,3956.428535333199,395.6428535333199,0.0,0.0,4941.548034218403,49.924830590322,9897.976569551602,0.0,0.0
1803,3956.428535333199,395.6428535333199,0.0,0.0,4941.548034218403,49.924830590322,9897.976569551602,0.0,0.0
1804,3956.428535333199,395.6428535333199,0.0,0.0,4941.548034218403,49.924830590322,9897.976569551602,0.0,0.0
1805,3956.428535333199,395.6428535333199,0.0,0.0,4941.548034218403,49.924830590322,9897.976569551602,0.0,0.0
1806,3956.428535333199,395.6428535333199,0.0,0.0,4941.548034218403,49.924830590322,9897.976569551602,0.0,0.0
1807,3956.428535333199,395.6428535333199,0.0,0.0,4941.548034218403,49.924830590322,9897.976569551602,0.0,0.0
1808,3956.428535333199,395.6428535333199,0.0,0.0,4941.548034218403,49.924830590322,9897.976569551602,0.0,0.0
1809,3956.428535333199,395.6428535333199,0.0,0.0,4941.548034218403,49.924830590322,9897.976569551602,0.0,0.0
1810,3956.428535333199,395.6428535333199,0.0,0.0,4941.548034218403,49.924830590322,9897.976569551602,0.0,0.0
1811,3956.428535333199,395.6428535333199,0.0,0.0,4941.548034218403,49.924830590322,9897.976569551602,0.0,0.0
1812,3956.428535333199,395.6428535333199,0.0,0.0,4941.548034218403,49.924830590322,9897.976569551602,0.0,0.0
1813,3956.428535333199,395.6428535333199,0.0,0.0,4941.548034218403,49.924830590322,9897.976569551602,0.0,0.0
1814,3956.428535333199,395.6428535333199,0.0,0.0,4941.548034218403,49.924830590322,9897.976569551602,0.0,0.0
1815,3956.428535333199,395.6428535333199,0.0,0.0,4941.548034218403,49.924830590322,9897.976569551602,0.0,0.0
1816,3956.428535333199,395.6428535333199,0.0,0.0,4941.548034218403,49.924830590322,9897.976569551602,0.0,0.0
1817,3956.428535333199,395.6428535333199,0.0,0.0,4941.548034218403,49.924830590322,9897.976569551602,0.0,0.0
1818,3956.428535333199,395.6428535333199,0.0,0.0,4941.548034218403,49.924830590322,9897.976569551602,0.0,0.0
1819,3956.428535333199,395.6428535333199,0.0,0.0,4941.548034218403,49.924830590322,9897.976569551602,0.0,0.0
1820,3956.428535333199,395.6428535333199,0.0,0.0,4941.548034218403,49.924830590322,9897.976569551602,0.0,0.0
1821,3956.428535333199,395.6428535333199,0.0,0.0,4941.548034218403,49.924830590322,9897.976569551602,0.0,0.0
1822,3956.428535333199,395.6428535333199,0.0,0.0,4941.548034218403,49.924830590322,9897.976569551602,0.0,0.0
1823,3956.428535333199,395.6428535333199,0.0,0.0,4941.548034218403,49.924830590322,9897.976569551602,0.0,0.0
1824,3956.428535333199,395.6428535333199,0.0,0.0,4941.548034218403,49.924830590322,9897.976569551602,0.0,0.0
1825,3956.428535333199,395.6428535333199,0.0,0.0,4941.548034218403,49.924830590322,9897.976569551602,0.0,0.0
1826,3956.428535333199,395.6428535333199,0.0,0.0,4941.548034218403,49.924830590322,9897.976569551602,0.0,0.0
1827,3951.4770582749243,395.1477058274924,-4.951477058274577,-0.09990009990009652,4946.499511276677,49.974855734587415,9897.976569551602,0.0,0.0
1828,4032.6136293559057,403.26136293559057,81.13657108098141,1.638633687000235,4865.362940195696,49.155126868683894,9897.976569551602,81.13657108098141,0.0
1829,4058.2359402120555,405.82359402120557,25.622310856149852,0.509125332147331,4839.740629339546,48.896262739474196,9897.976569551602,106.75888193713126,0.0
1830,4207.698130572349,420.7698130572349,149.4621903602938,2.954828365598705,4690.278438979252,47.38623501501915,9897.976569551602,256.22107229742505,0.0
1831,3947.2066052567634,394.72066052567635,-260.49152531558593,-5.002047330400017,4950.769964294838,50.018000441873326,9897.976569551602,256.22107229742505,-4.270453018160879
1832,3883.151438995611,388.3151438995611,-64.05516626115241,-1.2947744327695743,5014.825130555991,50.66515459313895,9897.976569551602,256.22107229742505,-68.32561927931329
1833,3816.960638972563,381.6960638972563,-66.19080002304781,-1.3554934932892948,5081.0159305790385,51.333885212553284,9897.976569551602,256.22107229742505,-134.5164193023611
1834,3902.3676630717046,390.2367663071704,85.40702409914138,1.7730479964511048,4995.608906479897,50.47101163936386,9897.976569551602,256.22107229742505,-134.5164193023611
1835,3857.529128139461,385.7529128139461,-44.83853493224342,-0.9146301953237956,5040.4474414121405,50.92401872234865,9897.976569551602,256.22107229742505,-134.5164193023611
1836,3883.151438995611,388.3151438995611,25.622310856149852,0.5274762164105384,5014.825130555991,50.66515459313895,9897.976569551602,256.22107229742505,-134.5164193023611
1837,3748.63501969325,374.863501969325,-134.5164193023611,-2.754705050270345,5149.341549858352,52.02418407110482,9897.976569551602,256.22107229742505,-202.8420385816744
1838,3660.6978588810853,366.0697858881085,-87.93716081216462,-1.8518408015667065,5237.278710670516,52.91261980536064,9897.976569551602,256.22107229742505,-290.779199393839
1839,3660.6978588810853,366.0697858881085,0.0,0.0,5237.278710670516,52.91261980536064,9897.976569551602,0.0,0.0
1840,3660.6978588810853,366.0697858881085,0.0,0.0,5237.278710670516,52.91261980536064,9897.976569551602,0.0,0.0
1841,3660.6978588810853,366.0697858881085,0.0,0.0,5237.278710670516,52.91261980536064,9897.976569551602,0.0,0.0
1842,3660.6978588810853,366.0697858881085,0.0,0.0,5237.278710670516,52.91261980536064,9897.976569551602,0.0,0.0
1843,3660.6978588810853,366.0697858881085,0.0,0.0,5237.278710670516,52.91261980536064,9897.976569551602,0.0,0.0
1844,3660.6978588810853,366.0697858881085,0.0,0.0,5237.278710670516,52.91261980536064,9897.976569551602,0.0,0.0
1845,3660.6978588810853,366.0697858881085,0.0,0.0,5237.278710670516,52.91261980536064,9897.976569551602,0.0,0.0
1846,3660.6978588810853,366.0697858881085,0.0,0.0,5237.278710670516,52.91261980536064,9897.976569551602,0.0,0.0
1847,3660.6978588810853,366.0697858881085,0.0,0.0,5237.278710670516,52.91261980536064,9897.976569551602,0.0,0.0
1848,3660.6978588810853,366.0697858881085,0.0,0.0,5237.278710670516,52.91261980536064,9897.976569551602,0.0,0.0
1849,3660.6978588810853,366.0697858881085,0.0,0.0,5237.278710670516,52.91261980536064,9897.976569551602,0.0,0.0
1850,3660.6978588810853,366.0697858881085,0.0,0.0,5237.278710670516,52.91261980536064,9897.976569551602,0.0,0.0
1851,3660.6978588810853,366.0697858881085,0.0,0.0,5237.278710670516,52.91261980536064,9897.976569551602,0.0,0.0
1852,3660.6978588810853,366.0697858881085,0.0,0.0,5237.278710670516,52.91261980536064,9897.976569551602,0.0,0.0
1853,3660.6978588810853,366.0697858881085,0.0,0.0,5237.278710670516,52.91261980536064,9897.976569551602,0.0,0.0
1854,3660.6978588810853,366.0697858881085,0.0,0.0,5237.278710670516,52.91261980536064,9897.976569551602,0.0,0.0
1855,3660.6978588810853,366.0697858881085,0.0,0.0,5237.278710670516,52.91261980536064,9897.976569551602,0.0,0.0
1856,3660.6978588810853,366.0697858881085,0.0,0.0,5237.278710670516,52.91261980536064,9897.976569551602,0.0,0.0
1857,3660.6978588810853,366.0697858881085,0.0,0.0,5237.278710670516,52.91261980536064,9897.976569551602,0.0,0.0
1858,3660.6978588810853,366.0697858881085,0.0,0.0,5237.278710670516,52.91261980536064,9897.976569551602,0.0,0.0
1859,3660.6978588810853,366.0697858881085,0.0,0.0,5237.278710670516,52.91261980536064,9897.976569551602,0.0,0.0
1860,3660.6978588810853,366.0697858881085,0.0,0.0,5237.278710670516,52.91261980536064,9897.976569551602,0.0,0.0
1861,3660.6978588810853,366.0697858881085,0.0,0.0,5237.278710670516,52.91261980536064,9897.976569551602,0.0,0.0
1862,3660.6978588810853,366.0697858881085,0.0,0.0,5237.278710670516,52.91261980536064,9897.976569551602,0.0,0.0
1863,3660.6978588810853,366.0697858881085,0.0,0.0,5237.278710670516,52.91261980536064,9897.976569551602,0.0,0.0
1864,3660.6978588810853,366.0697858881085,0.0,0.0,5237.278710670516,52.91261980536064,9897.976569551602,0.0,0.0
1865,3660.6978588810853,366.0697858881085,0.0,0.0,5237.278710670516,52.91261980536064,9897.976569551602,0.0,0.0
1866,3660.6978588810853,366.0697858881085,0.0,0.0,5237.278710670516,52.91261980536064,9897.976569551602,0.0,0.0
1867,3660.6978588810853,366.0697858881085,0.0,0.0,5237.278710670516,52.91261980536064,9897.976569551602,0.0,0.0
1868,3660.6978588810853,366.0697858881085,0.0,0.0,5237.278710670516,52.91261980536064,9897.976569551602,0.0,0.0
1869,3660.6978588810853,366.0697858881085,0.0,0.0,5237.278710670516,52.91261980536064,9897.976569551602,0.0,0.0
1870,3660.6978588810853,366.0697858881085,0.0,0.0,5237.278710670516,52.91261980536064,9897.976569551602,0.0,0.0
1871,3656.0418170640214,365.6041817064021,-4.656041817063851,-0.09990009990009652,5241.93475248758,52.95966014521542,9897.976569551602,0.0,0.0
1872,3727.3075051017595,372.73075051017594,71.26568803773807,1.5306067006648272,5170.669064449842,52.23965755138258,9897.976569551602,71.26568803773807,0.0
1873,3753.0426410552845,375.30426410552843,25.73513595352506,0.5443931016916315,5144.933928496317,51.97965354174801,9897.976569551602,97.00082399126313,0.0
1874,3663.960059032409,366.39600590324085,-89.08258202287561,-1.8742222351091131,5234.016510519193,52.879661552445,9897.976569551602,97.00082399126313,0.0
1875,3889.635807630174,388.9635807630174,225.67574859776505,4.838715292184204,5008.340761921428,50.599642530254194,9897.976569551602,233.59399056615257,0.0
1876,3905.4726691475116,390.5472669147511,15.836861517337638,0.3238863207894571,4992.50390040409,50.4396415299886,9897.976569551602,249.4308520834902,0.0
1877,3879.7375331939866,387.9737533193986,-25.73513595352506,-0.524620922166863,5018.239036357615,50.69964553962317,9897.976569551602,249.4308520834902,0.0
1878,3871.819291225598,387.1819291225598,-7.918241968388429,-0.16226778416923437,5026.1572783260035,50.7796441323936,9897.976569551602,249.4308520834902,0.0
1879,3848.0638101593113,384.8063810159311,-23.755481066286848,-0.48761006199617984,5049.91275939229,51.01964754015438,9897.976569551602,249.4308520834902,0.0
1880,3998.5141833643,399.85141833643,150.45037320498886,3.10330843603408,4899.4623861873015,49.49963613026876,9897.976569551602,342.47236630027874,0.0
1881,4083.637455612701,408.3637455612701,85.12327224840101,1.7029715056466666,4814.3391139389005,48.63962932331936,9897.976569551602,427.59563854867974,0.0
1882,4042.0654581418385,404.2065458141838,-41.5719974708627,-0.8177608618601284,4855.911111409763,49.059634333219535,9897.976569551602,427.59563854867974,0.0
1883,4131.148040164714,413.1148040164714,89.08258202287561,1.7667874953710916,4766.828529386888,48.15962632252255,9897.976569551602,475.10622310069266,0.0
1884,4285.5577231441775,428.5557723144177,154.40968297946347,3.0092618994969955,4612.418846407424,46.59961370888935,9897.976569551602,629.5159060801561,0.0
1885,4325.14968814724,432.514968814724,39.591965003062796,0.7490593628312725,4572.826881404361,46.199613115587724,9897.976569551602,669.1078710832189,0.0
1886,4184.597589378439,418.45975893784384,-140.55209876880144,-2.639401838443023,4713.378980173163,47.61962151610436,9897.976569551602,669.1078710832189,0.0
1887,4305.353516855428,430.5353516855428,120.7559274769892,2.3291282572128535,4592.6230526961735,46.39961531960091,9897.976569551602,669.1078710832189,0.0
1888,4228.148864155977,422.8148864155977,-77.20465269945089,-1.4552216445928967,4669.827705395624,47.17961971905513,9897.976569551602,669.1078710832189,0.0
1889,4384.538202022679,438.4538202022679,156.38933786670168,2.9912946614604197,4513.438367528923,45.59960650354814,9897.976569551602,728.4963849586575,0.0
1890,4424.130167025742,442.41301670257417,39.591965003062796,0.735289889636026,4473.84640252586,45.199605910246504,9897.976569551602,768.0883499617203,0.0
1891,4441.946683430317,444.19466834303165,17.81651640457494,0.32846771474779324,4456.029886121285,45.019604308107105,9897.976569551602,785.9048663662952,0.0
1892,4434.028441461929,443.4028441461929,-7.91824196838752,-0.14550385053380133,4463.9481280896725,45.099602900877535,9897.976569551602,785.9048663662952,0.0
1893,4360.782720956391,436.0782720956391,-73.24572050553797,-1.3479083021846083,4537.1938485952105,45.83960991130892,9897.976569551602,785.9048663662952,0.0
1894,4614.172882814356,461.41728828143556,253.3901618579648,4.726738147162934,4283.803686737246,43.2795900923345,9897.976569551602,958.1310657503345,0.0
1895,4606.254263265406,460.6254263265406,-7.918619548950119,-0.1410469487533983,4291.722306286196,43.35959249982969,9897.976569551602,958.1310657503345,0.0
1896,4685.438570852094,468.5438570852094,79.18430758668819,1.4124280467537442,4212.537998699508,42.559587498501664,9897.976569551602,1029.3967537880726,0.0
1897,4728.990223210195,472.89902232101946,43.55165235810091,0.7660209817652364,4168.986346341407,42.11958188672769,9897.976569551602,1072.9484061461735,0.0
1898,4859.644425123371,485.9644425123371,130.6542019131757,2.280579942061145,4038.332144428231,40.79957268085527,9897.976569551602,1203.6026080593492,0.0
1899,4869.542321978996,486.9542321978996,9.897896855625731,0.16891633924387417,4028.4342475726053,40.699573486211044,9897.976569551602,1213.500504914975,0.0
1900,4697.31650017552,469.73165001755194,-172.22582180347672,-2.934229150347256,4200.660069376082,42.43958388725889,9897.976569551602,1213.500504914975,0.0
1901,4683.458915964857,468.34589159648567,-13.857584210662935,-0.24323002259459825,4214.517653586745,42.57958810037546,9897.976569551602,1213.500504914975,0.0
1902,4740.867774953057,474.0867774953057,57.408858988200336,1.0101042311916553,4157.108794598545,41.99958209020968,9897.976569551602,1213.500504914975,0.0
1903,4736.908465178582,473.69084651785823,-3.9593097744746046,-0.06896709573679383,4161.068104373019,42.039583293957264,9897.976569551602,1213.500504914975,0.0
1904,4683.458915964857,468.34589159648567,-53.44954921372573,-0.931678612934983,4214.517653586745,42.57958810037546,9897.976569551602,1213.500504914975,0.0
1905,4808.174530796883,480.81745307968833,124.7156148320264,2.1943611571062727,4089.8020387547185,41.31957688539967,9897.976569551602,1213.500504914975,0.0
1906,4867.562667091759,486.7562667091759,59.38813629487595,1.0224922818689475,4030.4139024598426,40.71957408808483,9897.976569551602,1213.500504914975,0.0
1907,4909.134664562622,490.9134664562622,41.5719974708627,0.7085053851068279,3988.84190498898,40.29956907818466,9897.976569551602,1253.0928474986003,0.0
1908,4820.052082539746,482.0052082539746,-89.08258202287561,-1.507540225087578,4077.9244870118555,41.199577088881654,9897.976569551602,1253.0928474986003,0.0
1909,4691.377535513807,469.1377535513807,-128.67454702593932,-2.2108830849119965,4206.599034037795,42.49958569288028,9897.976569551602,1253.0928474986003,0.0
1910,4622.0911247827435,462.20911247827433,-69.28641073106337,-1.2173926311990546,4275.885444768858,43.199591499564086,9897.976569551602,1253.0928474986003,0.0
1911,4592.3970566353055,459.2397056635305,-29.694068147437974,-0.5281676779756106,4305.579512916296,43.49959289822149,9897.976569551602,1253.0928474986003,0.0
1912,4661.683467366369,466.16834673663686,69.28641073106337,1.2389394034326706,4236.293102185233,42.799587091537695,9897.976569551602,1253.0928474986003,0.0
1913,4740.867774953057,474.0867774953057,79.18430758668819,1.3986000461365,4157.108794598545,41.99958209020968,9897.976569551602,1253.0928474986003,0.0
1914,4643.866950961794,464.3866950961794,-97.00082399126313,-1.6896543831660726,4254.109618589808,42.97958869367709,9897.976569551602,1253.0928474986003,0.0
1915,4766.60253332602,476.66025333260205,122.7355823642265,2.1746717885209987,4131.374036225581,41.73958189529985,9897.976569551602,1253.0928474986003,0.0
1916,4687.418225739332,468.74182257393323,-79.18430758668819,-1.3731535532242933,4210.558343812269,42.53958689662787,9897.976569551602,1253.0928474986003,0.0
1917,4705.234742143907,470.5234742143907,17.81651640457494,0.31326193533549596,4192.7418274076945,42.35958529448847,9897.976569551602,1253.0928474986003,0.0
1918,4705.234742143907,470.5234742143907,0.0,0.0,4192.7418274076945,42.35958529448847,9897.976569551602,1253.0928474986003,0.0
1919,4740.867774953057,474.0867774953057,35.63303280914988,0.624567338937565,4157.108794598545,41.99958209020968,9897.976569551602,1253.0928474986003,0.0
1920,4806.194875909646,480.6194875909646,65.32710095658877,1.1379307714002085,4091.781693641956,41.33957748727346,9897.976569551602,1253.0928474986003,0.0
1921,4816.092772765271,481.60927727652705,9.897896855624822,0.17047131670850924,4081.883796786331,41.23957829262924,9897.976569551602,1253.0928474986003,0.0
1922,4790.358014392308,479.0358014392308,-25.73475837296246,-0.4424750322668425,4107.6185551592935,41.49957848753906,9897.976569551602,1253.0928474986003,0.0
1923,4827.970702088695,482.7970702088695,37.612687696387184,0.6495744754106525,4070.0058674629063,41.11957468138648,9897.976569551602,1253.0928474986003,0.0
1924,4909.134664562622,490.9134664562622,81.1639624739264,1.3926624999133663,3988.84190498898,40.29956907818466,9897.976569551602,1253.0928474986003,0.0
1925,4913.093974337096,491.30939743370965,3.9593097744746046,0.06700320773223023,3984.8825952145053,40.259567874437074,9897.976569551602,1257.052157273075,0.0
1926,4810.15418568412,481.01541856841203,-102.93978865297595,-1.7408786178561675,4087.822383867481,41.29957628352587,9897.976569551602,1257.052157273075,0.0
1927,4727.010568322957,472.70105683229565,-83.1436173611637,-1.4310053520786847,4170.966001228645,42.139582488601484,9897.976569551602,1257.052157273075,0.0
1928,4721.071603661245,472.1071603661245,-5.938964661711907,-0.10370095516430977,4176.904965890357,42.199584294222866,9897.976569551602,1257.052157273075,0.0
1929,4669.601709334756,466.96017093347564,-51.46989432648843,-0.8996547830925516,4228.374860216845,42.719588498767266,9897.976569551602,1257.052157273075,0.0
1930,4628.030089444456,462.8030089444456,-41.5716198903001,-0.7332370424161239,4269.946480107145,43.139589693942696,9897.976569551602,1257.052157273075,0.0
1931,4620.111469895506,462.01114698955064,-7.918619548950119,-0.14069966619051355,4277.8650996560955,43.219592101437875,9897.976569551602,1257.052157273075,0.0
1932,4895.277457932521,489.5277457932521,275.16598803701527,4.896094846355981,4002.69911161908,40.43956947657647,9897.976569551602,1257.052157273075,0.0
1933,5107.0956223196235,510.70956223196237,211.81816438710212,3.5930143389957925,3790.880947231978,38.299554667502235,9897.976569551602,1451.0538052556021,0.0
1934,5083.340141253336,508.33401412533357,-23.755481066287757,-0.3889816458656492,3814.636428298266,38.53955807526302,9897.976569551602,1451.0538052556021,0.0
1935,5107.0956223196235,510.70956223196237,23.755481066287757,0.390500621610701,3790.880947231978,38.299554667502235,9897.976569551602,1451.0538052556021,0.0
1936,5097.197347883436,509.7197347883436,-9.898274436187421,-0.1620782618829808,3800.7792216681655,38.39955767687121,9897.976569551602,1451.0538052556021,0.0
1937,5277.341789235863,527.7341789235863,180.14444135242684,2.954545032316558,3620.6347803157387,36.579544868328185,9897.976569551602,1621.2999721718415,0.0
1938,5251.6070308629,525.1607030862899,-25.73475837296337,-0.40996267587487534,3646.369538688702,36.83954506323801,9897.976569551602,1621.2999721718415,0.0
1939,5267.443892380237,526.7443892380237,15.836861517337638,0.2533246481929208,3630.5326771713644,36.67954406297241,9897.976569551602,1621.2999721718415,0.0
1940,5168.463413501737,516.8463413501737,-98.98047887850043,-1.5792798560005927,3729.513156049865,37.67955126831362,9897.976569551602,1621.2999721718415,0.0
1941,5018.013040296748,501.8013040296748,-150.45037320498886,-2.4390251367249483,3879.9635292548537,39.19956267819922,9897.976569551602,1621.2999721718415,0.0
1942,4998.216869004935,499.8216869004935,-19.796171291813152,-0.3289486273834519,3899.759700546667,39.399564882212424,9897.976569551602,1621.2999721718415,0.0
1943,5012.074453215598,501.20744532155976,13.857584210662935,0.23102839582660462,3885.902116336004,39.259560669095855,9897.976569551602,1621.2999721718415,0.0
1944,5136.7896904670615,513.6789690467061,124.7152372514638,2.074412720966201,3761.18687908454,37.99955326884482,9897.976569551602,1621.2999721718415,0.0
1945,5221.9129627154625,522.1912962715462,85.12327224840101,1.3870977586315503,3676.063606836139,37.13954646189542,9897.976569551602,1621.2999721718415,0.0
1946,5204.096446310887,520.4096446310887,-17.81651640457585,-0.286351103130833,3693.880123240715,37.31954806403482,9897.976569551602,1621.2999721718415,0.0
1947,5168.463413501737,516.8463413501737,-35.63303280914988,-0.574346854816199,3729.513156049865,37.67955126831362,9897.976569551602,1621.2999721718415,0.0
1948,5116.993519175248,511.69935191752484,-51.46989432648843,-0.8344038194962655,3780.9830503763533,38.19955547285802,9897.976569551602,1621.2999721718415,0.0
1949,5035.829556701323,503.58295567013226,-81.1639624739255,-1.326860363992488,3862.1470128502788,39.01956107605983,9897.976569551602,1621.2999721718415,0.0
1950,5008.115143441122,500.8115143441122,-27.714413260200672,-0.4591649416181842,3889.8614261104794,39.299561872843455,9897.976569551602,1621.2999721718415,0.0
1951,4972.482110631972,497.24821106319723,-35.63303280914988,-0.5930817229435004,3925.4944589196293,39.659565077122245,9897.976569551602,1621.2999721718415,0.0
1952,5077.401554172186,507.74015541721855,104.91944354021325,1.7567142370077615,3820.575015379416,38.59955606615965,9897.976569551602,1621.2999721718415,0.0
1953,4956.645249114635,495.66452491146345,-120.75630505755089,-1.9869726227757734,3941.331320436967,39.81956607738785,9897.976569551602,1621.2999721718415,0.0
1954,4962.584213776347,496.25842137763465,5.938964661711907,0.09970317877490142,3935.392355775255,39.759564271766465,9897.976569551602,1621.2999721718415,0.0
1955,4917.052906531009,491.7052906531009,-45.5313072453373,-0.7636170092178984,3980.9236630205924,40.21957048541424,9897.976569551602,1621.2999721718415,0.0
1956,4932.889768048347,493.2889768048347,15.836861517337638,0.2676477930399601,3965.0868015032547,40.059569485148636,9897.976569551602,1621.2999721718415,0.0
1957,4978.421075293684,497.84210752936843,45.5313072453373,0.7674389551369565,3919.5554942579174,39.59956327150086,9897.976569551602,1621.2999721718415,0.0
1958,5037.80921158856,503.780921158856,59.38813629487595,0.9933749320585994,3860.1673579630415,38.99956047418603,9897.976569551602,1621.2999721718415,0.0
1959,5079.380831478861,507.9380831478861,41.57161989030101,0.6885215884349538,3818.5957380727405,38.5795592790106,9897.976569551602,1621.2999721718415,0.0
1960,4954.665594227397,495.46655942273975,-124.7152372514638,-2.051446367789489,3943.3109753242043,39.83956667926164,9897.976569551602,1621.2999721718415,0.0
1961,5027.911314732935,502.79113147329355,73.24572050553797,1.2300559846138759,3870.0652548186663,39.09955966883025,9897.976569551602,1621.2999721718415,0.0
1962,4934.869422935584,493.4869422935584,-93.04189179735113,-1.5435179275107402,3963.1071466160174,40.03956888327484,9897.976569551602,1621.2999721718415,0.0
1963,4982.380007487597,498.2380007487597,47.510584552012915,0.8005329379009662,3915.5965620640045,39.559565882478026,9897.976569551602,1621.2999721718415,0.0
1964,5033.849901814086,503.38499018140857,51.46989432648843,0.8603581561530405,3864.126667737516,39.03956167793362,9897.976569551602,1621.2999721718415,0.0
1965,4889.338493270809,488.93384932708085,-144.51140854327696,-2.3950116574797398,4008.638076280793,40.499571282197856,9897.976569551602,1621.2999721718415,0.0
1966,4934.869422935584,493.4869422935584,45.53092966477561,0.7731077049960566,3963.1071466160174,40.03956888327484,9897.976569551602,1621.2999721718415,0.0
1967,4938.82873271006,493.88287327100596,3.959309774475514,0.06671266867599446,3959.147836841542,39.999567679527246,9897.976569551602,1621.2999721718415,0.0
1968,4899.236390126434,489.92363901264343,-39.592342583625395,-0.6666692097981763,3998.7401794251673,40.39957208755363,9897.976569551602,1621.2999721718415,0.0
1969,4919.032561418247,491.90325614182467,19.796171291812243,0.33557175848970555,3978.944008133355,40.19956988354044,9897.976569551602,1621.2999721718415,0.0
1970,4861.624080010609,486.1624080010609,-57.40848140763774,-0.969896360797895,4036.352489540993,40.77957207898147,9897.976569551602,1621.2999721718415,0.0
1971,4839.848253831558,483.98482538315585,-21.775826179050455,-0.3714981698214048,4058.1283157200432,40.99957488486846,9897.976569551602,1621.2999721718415,0.0
1972,4782.439394843358,478.2439394843358,-57.408858988200336,-0.9830539509401492,4115.537174708244,41.57958089503425,9897.976569551602,1621.2999721718415,0.0
1973,4612.193227927119,461.21932279271186,-170.24616691623942,-2.9441928447717203,4285.783341624483,43.2995906942083,9897.976569551602,1621.2999721718415,0.0
1974,4624.070779669982,462.40707796699814,11.877551742863034,0.21163832499135893,4273.90578988162,43.179590897690275,9897.976569551602,1621.2999721718415,0.0
1975,4525.498236187739,452.5498236187739,-98.57254348224251,-1.752690308211713,4372.4783333638625,44.1754767011127,9897.976569551602,1621.2999721718415,0.0
1976,4525.498236187739,452.5498236187739,0.0,0.0,4372.4783333638625,44.1754767011127,9897.976569551602,0.0,0.0
1977,4525.498236187739,452.5498236187739,0.0,0.0,4372.4783333638625,44.1754767011127,9897.976569551602,0.0,0.0
1978,4525.498236187739,452.5498236187739,0.0,0.0,4372.4783333638625,44.1754767011127,9897.976569551602,0.0,0.0
1979,4525.498236187739,452.5498236187739,0.0,0.0,4372.4783333638625,44.1754767011127,9897.976569551602,0.0,0.0
1980,4525.498236187739,452.5498236187739,0.0,0.0,4372.4783333638625,44.1754767011127,9897.976569551602,0.0,0.0
1981,4525.498236187739,452.5498236187739,0.0,0.0,4372.4783333638625,44.1754767011127,9897.976569551602,0.0,0.0
1982,4525.498236187739,452.5498236187739,0.0,0.0,4372.4783333638625,44.1754767011127,9897.976569551602,0.0,0.0
1983,4525.498236187739,452.5498236187739,0.0,0.0,4372.4783333638625,44.1754767011127,9897.976569551602,0.0,0.0
1984,4525.498236187739,452.5498236187739,0.0,0.0,4372.4783333638625,44.1754767011127,9897.976569551602,0.0,0.0
1985,4525.498236187739,452.5498236187739,0.0,0.0,4372.4783333638625,44.1754767011127,9897.976569551602,0.0,0.0
1986,4525.498236187739,452.5498236187739,0.0,0.0,4372.4783333638625,44.1754767011127,9897.976569551602,0.0,0.0
1987,4525.498236187739,452.5498236187739,0.0,0.0,4372.4783333638625,44.1754767011127,9897.976569551602,0.0,0.0
1988,4525.498236187739,452.5498236187739,0.0,0.0,4372.4783333638625,44.1754767011127,9897.976569551602,0.0,0.0
1989,4525.498236187739,452.5498236187739,0.0,0.0,4372.4783333638625,44.1754767011127,9897.976569551602,0.0,0.0
1990,4525.498236187739,452.5498236187739,0.0,0.0,4372.4783333638625,44.1754767011127,9897.976569551602,0.0,0.0
1991,4525.498236187739,452.5498236187739,0.0,0.0,4372.4783333638625,44.1754767011127,9897.976569551602,0.0,0.0
1992,4525.498236187739,452.5498236187739,0.0,0.0,4372.4783333638625,44.1754767011127,9897.976569551602,0.0,0.0
1993,4525.498236187739,452.5498236187739,0.0,0.0,4372.4783333638625,44.1754767011127,9897.976569551602,0.0,0.0
1994,4525.498236187739,452.5498236187739,0.0,0.0,4372.4783333638625,44.1754767011127,9897.976569551602,0.0,0.0
1995,4525.498236187739,452.5498236187739,0.0,0.0,4372.4783333638625,44.1754767011127,9897.976569551602,0.0,0.0
1996,4525.498236187739,452.5498236187739,0.0,0.0,4372.4783333638625,44.1754767011127,9897.976569551602,0.0,0.0
1997,4525.498236187739,452.5498236187739,0.0,0.0,4372.4783333638625,44.1754767011127,9897.976569551602,0.0,0.0
1998,4525.498236187739,452.5498236187739,0.0,0.0,4372.4783333638625,44.1754767011127,9897.976569551602,0.0,0.0
1999,4519.97825792981,451.997825792981,-5.519978257929324,-0.09990009990009652,4377.998311621792,44.231245455657046,9897.976569551602,0.0,0.0
2000,4624.707960266065,462.4707960266065,104.72970233625529,1.897284689225076,4273.2686092855365,43.17315341431571,9897.976569551602,104.72970233625529,0.0
2001,4651.793162793073,465.1793162793073,27.085202527007823,0.4815397122542642,4246.183406758529,42.899509580783835,9897.976569551602,131.8149048632631,0.0
2002,4675.267257548306,467.52672575483064,23.474094755232727,0.4153388858914253,4222.709312003296,42.66234904003812,9897.976569551602,155.28899961849584,0.0
2003,4684.295543588296,468.4295543588296,9.028286039990235,0.15908124904571164,4213.681025963306,42.571135588717546,9897.976569551602,164.31728565848607,0.0
2004,4673.4615314589,467.34615314588996,-10.834012129395887,-0.1905955108477131,4224.515038092702,42.680592426216265,9897.976569551602,164.31728565848607,0.0
2005,4561.508924765023,456.1508924765023,-111.95260669387699,-1.9732681022530674,4336.467644786579,43.81165801227017,9897.976569551602,164.31728565848607,0.0
2006,4624.707960266065,462.4707960266065,63.19903550104209,1.1363649030503353,4273.2686092855365,43.17315341431571,9897.976569551602,164.31728565848607,0.0
2007,4619.291126404885,461.92911264048854,-5.416833861179839,-0.09630426858505681,4278.685443146716,43.22788009328001,9897.976569551602,164.31728565848607,0.0
2008,4512.755697979224,451.2755697979224,-106.53542842566094,-1.8958873286535005,4385.220871572377,44.30421552079949,9897.976569551602,164.31728565848607,-7.222559950585492
2009,4492.893055402802,449.28930554028017,-19.86264257642233,-0.3603033340240924,4405.0835141488,44.504889289188924,9897.976569551602,164.31728565848607,-27.085202527007823
2010,4584.983019520257,458.49830195202566,92.08996411745466,1.6765293478065324,4312.993550031345,43.574497471524445,9897.976569551602,164.31728565848607,-27.085202527007823
2011,4597.622757739057,459.76227577390574,12.63973821880063,0.2263165022099889,4300.353811812544,43.446797247847584,9897.976569551602,164.31728565848607,-27.085202527007823
2012,4532.6179961486105,453.2617996148611,-65.00476159044683,-1.1612922914566504,4365.358573402991,44.103545231980185,9897.976569551602,164.31728565848607,-27.085202527007823
2013,4483.864769362811,448.38647693628116,-48.7532267857996,-0.8811963309185211,4414.111800188791,44.59610274050951,9897.976569551602,164.31728565848607,-36.11348856699897
2014,4467.6135789652,446.76135789652005,-16.251190397611026,-0.29634557161954955,4430.362990586402,44.76028973654265,9897.976569551602,164.31728565848607,-52.36467896460999
2015,4521.783984019215,452.17839840192147,54.170405054014736,0.9907504301770231,4376.192585532387,44.213002069478904,9897.976569551602,164.31728565848607,-52.36467896460999
2016,4408.025995642968,440.8025995642968,-113.75798837624643,-2.0601673065349435,4489.9505739086335,45.36230756214083,9897.976569551602,164.31728565848607,-111.95226228684169
2017,4444.139484209966,444.41394842099663,36.11348856699806,0.6677757946447205,4453.837085341635,44.99745027728837,9897.976569551602,164.31728565848607,-111.95226228684169
2018,4633.736590713092,463.37365907130913,189.59710650312536,3.482590904458416,4264.23997883851,43.081936483425004,9897.976569551602,164.31728565848607,-111.95226228684169
2019,4631.930864623687,463.1930864623687,-1.805726089404743,-0.03205201486312648,4266.045704927915,43.10017986960314,9897.976569551602,164.31728565848607,-111.95226228684169
2020,4687.906995767107,468.79069957671067,55.97613114342039,0.9939065746532583,4210.069573784494,42.534648816361255,9897.976569551602,167.92873783729738,-111.95226228684169
2021,4774.579781616346,477.4579781616346,86.67278584923861,1.5238080705915147,4123.396787935256,41.65898715723121,9897.976569551602,254.60152368653598,-111.95226228684169
2022,4931.674162917211,493.1674162917211,157.09438130086528,2.7204469804189557,3966.3024066343905,40.07185083500427,9897.976569551602,411.69590498740126,-111.95226228684169
2023,4917.229043016041,491.7229043016041,-14.445119901170074,-0.24352517526123885,3980.7475265355606,40.21779096528915,9897.976569551602,411.69590498740126,-111.95226228684169
2024,4859.447185783215,485.9447185783215,-57.78185723282604,-0.9765019540865061,4038.5293837683867,40.80156540470918,9897.976569551602,411.69590498740126,-111.95226228684169
2025,4893.754948260807,489.37549482608074,34.307762477592405,0.585511932948779,4004.2216212907942,40.45495150603487,9897.976569551602,411.69590498740126,-111.95226228684169
2026,4792.637042510399,479.2637042510399,-101.11790575040868,-1.7156788267935652,4105.339527041203,41.47655329544979,9897.976569551602,411.69590498740126,-111.95226228684169
2027,4792.637042510399,479.2637042510399,0.0,0.0,4105.339527041203,41.47655329544979,9897.976569551602,411.69590498740126,-111.95226228684169
2028,4852.224281425594,485.22242814255947,59.587238915195485,1.0286720621005996,4045.7522881260074,40.87453894942174,9897.976569551602,411.69590498740126,-111.95226228684169
2029,4799.859258053948,479.98592580539474,-52.3650233716462,-0.894788389054868,4098.117311497654,41.40358670987748,9897.976569551602,411.69590498740126,-111.95226228684169
2030,4994.873542825289,499.487354282529,195.0142847713414,3.362396846105109,3903.1030267263122,39.43334275747968,9897.976569551602,474.89528489547956,-111.95226228684169
2031,4919.0344246984105,491.9034424698411,-75.83911812687893,-1.2650661867195434,3978.942144853191,40.19955105868113,9897.976569551602,474.89528489547956,-111.95226228684169
2032,4958.759709851255,495.8759709851255,39.72528515284466,0.6711446885168115,3939.2168597003465,39.798203521902266,9897.976569551602,474.89528489547956,-111.95226228684169
2033,4846.807447564413,484.6807447564413,-111.95226228684169,-1.8787846420750598,4051.169121987188,40.92926562838605,9897.976569551602,474.89528489547956,-111.95226228684169
2034,4754.717483446959,475.4717483446959,-92.08996411745466,-1.5750469797977784,4143.259086104643,41.85965744605052,9897.976569551602,474.89528489547956,-111.95226228684169
2035,4772.77405552694,477.27740555269406,18.05657207998138,0.31376991367377816,4125.2025140246615,41.67723054340936,9897.976569551602,474.89528489547956,-111.95226228684169
2036,4686.101269677702,468.61012696777016,-86.67278584923861,-1.501406169989572,4211.8752998739,42.5528922025394,9897.976569551602,474.89528489547956,-111.95226228684169
2037,4745.688852999932,474.5688852999932,59.587583322230785,1.0479514960451741,4152.287716551669,41.95087437694123,9897.976569551602,474.89528489547956,-111.95226228684169
2038,4778.191233795156,477.81912337951564,32.50238079522387,0.5656829255251683,4119.785335756445,41.622500384874925,9897.976569551602,474.89528489547956,-111.95226228684169
2039,4781.802685973967,478.18026859739666,3.6114521788103957,0.06250143051147461,4116.173883577635,41.58601361251865,9897.976569551602,474.89528489547956,-111.95226228684169
2040,4866.670090140836,486.66700901408365,84.86740416686916,1.4678363959522267,4031.306479410766,40.72859185999661,9897.976569551602,474.89528489547956,-111.95226228684169
2041,4978.6223524276775,497.8622352427678,111.95226228684169,1.90827608450288,3919.354217123924,39.59752975351283,9897.976569551602,474.89528489547956,-111.95226228684169
2042,4971.399448070056,497.1399448070056,-7.222904357621701,-0.12081218601620591,3926.577121481546,39.670503298225405,9897.976569551602,474.89528489547956,-111.95226228684169
2043,4987.650638467668,498.76506384676674,16.251190397611936,0.27215044880082306,3910.325931083934,39.50631630219225,9897.976569551602,474.89528489547956,-111.95226228684169
2044,4980.427734110047,498.0427734110047,-7.222904357620791,-0.12063002325515271,3917.5488354415547,39.57928984690482,9897.976569551602,474.89528489547956,-111.95226228684169
2045,5081.546328674528,508.1546328674528,101.1185945644811,1.690825456977607,3816.4302408770736,38.55768109834964,9897.976569551602,561.5680707447182,-111.95226228684169
2046,5068.9065904557265,506.89065904557265,-12.63973821880154,-0.20783757182289975,3829.069979095875,38.68538132202651,9897.976569551602,561.5680707447182,-111.95226228684169
2047,5108.631875608571,510.8631875608571,39.72528515284466,0.6545707132042278,3789.3446939430305,38.28403378524764,9897.976569551602,588.6536176787613,-111.95226228684169
2048,5130.299899867363,513.0299899867363,21.668024258791775,0.3547115737209561,3767.6766696842387,38.06512011025019,9897.976569551602,610.3216419375531,-111.95226228684169
2049,5119.465543330931,511.94655433309305,-10.834356536432097,-0.17673452707699377,3778.511026220671,38.17458042731904,9897.976569551602,610.3216419375531,-111.95226228684169
2050,5130.299899867363,513.0299899867363,10.834356536432097,0.1770474310168968,3767.6766696842387,38.06512011025019,9897.976569551602,610.3216419375531,-111.95226228684169
2051,5218.778067398971,521.8778067398971,88.47816753160805,1.4432926443536997,3679.1985021526307,37.17121854451213,9897.976569551602,698.7998094691611,-111.95226228684169
2052,5482.40856593957,548.2408565939569,263.63049854059864,4.23926526535241,3415.568003612032,34.50773983562546,9897.976569551602,962.4303080097598,-111.95226228684169
2053,5500.465138019551,550.046513801955,18.05657207998138,0.27854726983509437,3397.5114315320507,34.32531293298429,9897.976569551602,980.4868800897411,-111.95226228684169
2054,5718.952828732053,571.8952828732052,218.48769071250172,3.3611085679795982,3179.023740819549,32.11791539898104,9897.976569551602,1198.9745708022429,-111.95226228684169
2055,5744.232305169655,574.4232305169655,25.27947643760217,0.3762413144128729,3153.744264381947,31.862514951627308,9897.976569551602,1224.254047239845,-111.95226228684169
2056,5769.512470421329,576.9512470421329,25.28016525167459,0.3748412585417027,3128.464099130272,31.607107545133317,9897.976569551602,1249.5342124915196,-111.95226228684169
2057,5774.929304282509,577.4929304282509,5.416833861179839,0.0800180793646188,3123.0472652690923,31.55238086616902,9897.976569551602,1254.9510463526994,-111.95226228684169
2058,5704.507708830883,570.4507708830882,-70.42159545162667,-1.0394439895795249,3193.468860720719,32.26385552926591,9897.976569551602,1254.9510463526994,-111.95226228684169
2059,5751.455209527277,575.1455209527277,46.947500696393945,0.7002378509395557,3146.521360024325,31.789541406914733,9897.976569551602,1254.9510463526994,-111.95226228684169
2060,6016.891089750245,601.6891089750245,265.4358802229681,3.931535824282739,2881.085479801357,29.107822791420045,9897.976569551602,1496.9128318204348,-111.95226228684169
2061,5989.805542816201,598.98055428162,-27.085546934044032,-0.3860049498788487,2908.171026735401,29.38147010452205,9897.976569551602,1496.9128318204348,-111.95226228684169
2062,6011.474255889065,601.1474255889065,21.668713072864193,0.31000451929787953,2886.502313662537,29.16254947038434,9897.976569551602,1496.9128318204348,-111.95226228684169
2063,5845.350899734136,584.5350899734136,-166.12335615492884,-2.369307082820693,3052.6256698174657,30.840906203072127,9897.976569551602,1496.9128318204348,-111.95226228684169
2064,5870.630376171738,587.0630376171738,25.27947643760217,0.3692940918278431,3027.3461933798635,30.585505755718394,9897.976569551602,1496.9128318204348,-111.95226228684169
2065,5876.04789884699,587.604789884699,5.417522675252258,0.07885044571807054,3021.9286707046112,30.530772117613843,9897.976569551602,1496.9128318204348,-111.95226228684169
2066,5888.687637065792,588.8687637065792,12.63973821880154,0.18382271916577153,3009.2889324858097,30.40307189393697,9897.976569551602,1496.9128318204348,-111.95226228684169
2067,5915.772495185764,591.5772495185764,27.084858119971614,0.3931787816047416,2982.204074365838,30.129431539975226,9897.976569551602,1496.9128318204348,-111.95226228684169
2068,5946.469494298617,594.6469494298617,30.69699911285352,0.44386941783036704,2951.5070752529846,29.819297454516946,9897.976569551602,1496.9128318204348,-111.95226228684169
2069,5906.744209145772,590.6744209145772,-39.72528515284466,-0.5718773426623303,2991.2323604058292,30.220644991295813,9897.976569551602,1496.9128318204348,-111.95226228684169
2070,5868.82499448937,586.882499448937,-37.9192146564028,-0.54901721430759,3029.151575062232,30.603745662326403,9897.976569551602,1496.9128318204348,-111.95226228684169
2071,5848.962351912947,584.8962351912947,-19.86264257642233,-0.289170893018198,3049.0142176386544,30.804419430715836,9897.976569551602,1496.9128318204348,-111.95226228684169
2072,5845.350899734136,584.5350899734136,-3.611452178811305,-0.0527299172231932,3052.6256698174657,30.840906203072127,9897.976569551602,1496.9128318204348,-111.95226228684169
2073,5885.076184886981,588.5076184886981,39.72528515284466,0.580325037163365,3012.900384664621,30.43955866629326,9897.976569551602,1496.9128318204348,-111.95226228684169
2074,5921.190017861015,592.1190017861015,36.11383297403427,0.5245233604430632,2976.7865516905867,30.074697901870678,9897.976569551602,1496.9128318204348,-111.95226228684169
2075,5872.43644666818,587.243644666818,-48.7535711928349,-0.7044102396700613,3025.5401228834216,30.567258889970123,9897.976569551602,1496.9128318204348,-111.95226228684169
2076,5735.204019129665,573.5204019129665,-137.23242753851537,-1.99685262429814,3162.772550421937,31.953728402947885,9897.976569551602,1496.9128318204348,-111.95226228684169
2077,5776.734685964879,577.6734685964879,41.530666835214106,0.6166207692781978,3121.241883586723,31.534140959561007,9897.976569551602,1496.9128318204348,-111.95226228684169
2078,5648.531233280426,564.8531233280427,-128.2034526844527,-1.8918174995100734,3249.4453362711756,32.82939006207793,9897.976569551602,1496.9128318204348,-111.95226228684169
2079,5572.692803967619,557.2692803967618,-75.83842931280742,-1.1406794471113368,3325.283765583983,33.59559140413913,9897.976569551602,1496.9128318204348,-111.95226228684169
2080,5594.36082822641,559.436082822641,21.668024258791775,0.32966738146824603,3303.6157413251913,33.376677729141676,9897.976569551602,1496.9128318204348,-111.95226228684169
2081,5547.412638715945,554.7412638715945,-46.948189510465454,-0.7119445043029637,3350.5639308356567,33.85099881063311,9897.976569551602,1496.9128318204348,-111.95226228684169
2082,5670.199257539218,567.0199257539218,122.78661882327287,1.875345660928951,3227.777312012384,32.61047638708048,9897.976569551602,1496.9128318204348,-111.95226228684169
2083,5820.071423296534,582.0071423296533,149.872165757316,2.246891883895641,3077.905146255068,31.09630665042586,9897.976569551602,1496.9128318204348,-111.95226228684169
2084,5780.346138143689,578.0346138143689,-39.72528515284466,-0.5824760869387324,3117.6304314079125,31.49765418720472,9897.976569551602,1496.9128318204348,-111.95226228684169
2085,5845.350899734136,584.5350899734136,65.00476159044683,0.9587233493103531,3052.6256698174657,30.840906203072127,9897.976569551602,1496.9128318204348,-111.95226228684169
2086,5886.88156656935,588.688156656935,41.530666835214106,0.6066988740756507,3011.0950029822516,30.421318759685246,9897.976569551602,1496.9128318204348,-111.95226228684169
2087,6022.3079236114245,602.2307923611424,135.42635704207441,1.9664394651342398,2875.668645940177,29.053096112455744,9897.976569551602,1502.3296656816146,-111.95226228684169
2088,5922.995399543384,592.2995399543385,-99.31252406804015,-1.4142433676842536,2974.9811700082173,30.056457995262665,9897.976569551602,1502.3296656816146,-111.95226228684169
2089,5733.398637447295,573.3398637447295,-189.59676209608915,-2.738652146274634,3164.5779321043065,31.971968309555905,9897.976569551602,1502.3296656816146,-111.95226228684169
2090,5711.729924374432,571.1729924374432,-21.668713072863284,-0.321809449278021,3186.2466451771697,32.1908889436936,9897.976569551602,1502.3296656816146,-111.95226228684169
2091,5574.498185649988,557.4498185649988,-137.23173872444386,-2.0446552568522014,3323.4783839016136,33.57735149753112,9897.976569551602,1502.3296656816146,-111.95226228684169
2092,5746.038375666097,574.6038375666097,171.54019001610868,2.6091754103838127,3151.938193885505,31.844268085879037,9897.976569551602,1502.3296656816146,-111.95226228684169
2093,5722.564280910863,572.2564280910863,-23.474094755233637,-0.34796859205408204,3175.4122886407386,32.081428626624756,9897.976569551602,1502.3296656816146,-111.95226228684169
2094,5843.5455180517665,584.3545518051767,120.98123714090343,1.7996293093758498,3054.431051499835,30.85914610968014,9897.976569551602,1502.3296656816146,-111.95226228684169
2095,5969.942900239778,596.9942900239778,126.39738218801176,1.8469575727172893,2928.0336693118234,29.58214387291148,9897.976569551602,1502.3296656816146,-111.95226228684169
2096,6078.284399161881,607.8284399161881,108.3414989221028,1.554410136105644,2819.6921703897206,28.487561579643728,9897.976569551602,1558.3061412320712,-111.95226228684169
2097,6016.891089750245,601.6891089750245,-61.39330941163644,-0.8673473111493801,2881.085479801357,29.107822791420045,9897.976569551602,1558.3061412320712,-111.95226228684169
2098,6024.113994107865,602.4113994107865,7.222904357620791,0.10293596216950363,2873.862575443736,29.034849246707484,9897.976569551602,1558.3061412320712,-111.95226228684169
2099,5980.77725677621,598.0777256776211,-43.33673733165506,-0.6169708716004307,2917.1993127753913,29.47268355584263,9897.976569551602,1558.3061412320712,-111.95226228684169
2100,6060.227138267828,606.0227138267828,79.44988149161782,1.1381237155861923,2837.7494312837734,28.66999544142515,9897.976569551602,1558.3061412320712,-111.95226228684169
2101,6080.0897808442505,608.008978084425,19.86264257642233,0.28133149525406687,2817.886788707351,28.469321673035715,9897.976569551602,1560.1115229144407,-111.95226228684169
2102,6069.25611312189,606.925611312189,-10.833667722360588,-0.15301596530133965,2828.7204564297117,28.57877503096432,9897.976569551602,1560.1115229144407,-111.95226228684169
2103,6132.454804215896,613.2454804215896,63.19869109400588,0.8939935133584598,2765.521765335706,27.94027391257999,9897.976569551602,1612.476546286086,-111.95226228684169
2104,6347.331042749587,634.7331042749588,214.87623853369132,3.0126547511619917,2550.6455268020145,25.769363150933017,9897.976569551602,1827.3527848197773,-111.95226228684169
2105,6374.416589683631,637.4416589683631,27.085546934044032,0.36864470617221645,2523.5599798679705,25.495715837831014,9897.976569551602,1854.4383317538213,-111.95226228684169
2106,6361.77685146483,636.177685146483,-12.63973821880154,-0.1713998397715133,2536.199718086772,25.623416061507882,9897.976569551602,1854.4383317538213,-111.95226228684169
2107,6488.174922466913,648.8174922466912,126.39807100208327,1.7169505888640524,2409.8016470846887,24.346406865598972,9897.976569551602,1968.196664537103,-111.95226228684169
2108,6403.307518300044,640.3307518300044,-84.86740416686916,-1.1333523194315354,2494.669051251558,25.203828618120998,9897.976569551602,1968.196664537103,-111.95226228684169
2109,6359.970780968389,635.9970780968388,-43.33673733165506,-0.5853699474799856,2538.005788583213,25.64166292725615,9897.976569551602,1968.196664537103,-111.95226228684169
2110,6367.1936853260095,636.7193685326009,7.222904357620791,0.09813767707200771,2530.782884225592,25.568689382543585,9897.976569551602,1968.196664537103,-111.95226228684169
2111,6376.221971366001,637.6221971366,9.028286039991144,0.12254715194977006,2521.754598185601,25.477475931222997,9897.976569551602,1968.196664537103,-111.95226228684169
2112,6430.393065234088,643.0393065234088,54.171093868087155,0.7344016229226202,2467.583504317514,24.930181305018994,9897.976569551602,1968.196664537103,-111.95226228684169
2113,6229.9619466015665,622.9961946601567,-200.43111863252125,-2.6974497428718047,2668.014622950035,26.95515193638109,9897.976569551602,1968.196664537103,-111.95226228684169
2114,6233.573398780377,623.3573398780377,3.6114521788103957,0.04995119207380494,2664.4031707712247,26.91866516402481,9897.976569551602,1968.196664537103,-111.95226228684169
2115,6211.904685707514,621.1904685707514,-21.668713072863284,-0.2995575198907474,2686.071883844088,27.137585798162505,9897.976569551602,1968.196664537103,-111.95226228684169
2116,6222.739042243946,622.2739042243946,10.834356536432097,0.1502287815575709,2675.237527307656,27.02812548109365,9897.976569551602,1968.196664537103,-111.95226228684169
2117,6219.127590065134,621.9127590065135,-3.611452178811305,-0.05000114440918413,2678.848979486467,27.064612253449944,9897.976569551602,1968.196664537103,-111.95226228684169
2118,6137.871638077076,613.7871638077075,-81.25595198805877,-1.1255647025809945,2760.104931474526,27.885547233615693,9897.976569551602,1968.196664537103,-111.95226228684169
2119,6206.487851846334,620.6487851846334,68.61621376925814,0.9612979505434716,2691.488717705268,27.192312477126805,9897.976569551602,1968.196664537103,-111.95226228684169
2120,6269.68654294034,626.968654294034,63.19869109400588,0.8769693697300074,2628.290026611262,26.553811358742475,9897.976569551602,1968.196664537103,-111.95226228684169
2121,6168.56863718993,616.8568637189929,-101.11790575040959,-1.3909527618987338,2729.4079323616716,27.575413148157402,9897.976569551602,1968.196664537103,-111.95226228684169
2122,6128.843352037085,612.8843352037086,-39.72528515284466,-0.554159235453966,2769.133217514516,27.97676068493627,9897.976569551602,1968.196664537103,-111.95226228684169
2123,6092.729519063051,609.2729519063051,-36.11383297403427,-0.5065875513131424,2805.2470504885505,28.341621449358854,9897.976569551602,1968.196664537103,-111.95226228684169
2124,6515.2597805868845,651.5259780586885,422.53026152383336,5.957230716160877,2382.716788964717,24.072766511637226,9897.976569551602,1995.2815226570747,-111.95226228684169
2125,6759.027636551061,675.902763655106,243.7678559641763,3.243638451379516,2138.948933000541,21.609961571139984,9897.976569551602,2239.049378621251,-111.95226228684169
2126,6791.530017346285,679.1530017346284,32.50238079522387,0.418897603123769,2106.446552205317,21.281587579073683,9897.976569551602,2271.551759416475,-111.95226228684169
2127,6867.368446659091,686.7368446659091,75.83842931280651,0.9733445054304735,2030.6081228925104,20.515386237012493,9897.976569551602,2347.3901887292814,-111.95226228684169
2128,6858.340160619101,685.8340160619101,-9.028286039990235,-0.11475611065125957,2039.6364089325007,20.60659968833307,9897.976569551602,2347.3901887292814,-111.95226228684169
2129,6851.11725626148,685.111725626148,-7.222904357620791,-0.09191386743242491,2046.8593132901215,20.679573233045634,9897.976569551602,2347.3901887292814,-111.95226228684169
2130,6746.38789833226,674.638789833226,-104.72935792921999,-1.3339420939828095,2151.5886712193414,21.737661794816844,9897.976569551602,2347.3901887292814,-111.95226228684169
2131,6746.38789833226,674.638789833226,0.0,0.0,2151.5886712193414,21.737661794816844,9897.976569551602,2347.3901887292814,-111.95226228684169
2132,6656.103660304211,665.6103660304211,-90.284238028049,-1.1655011240462976,2241.8729092473905,22.64981022630317,9897.976569551602,2347.3901887292814,-111.95226228684169
2133,6755.41618437225,675.541618437225,99.31252406803924,1.2971679652531432,2142.560385179351,21.646448343496267,9897.976569551602,2347.3901887292814,-111.95226228684169
2134,6834.866065863868,683.4866065863868,79.44988149161782,1.0244438158163005,2063.1105036877334,20.843760229078782,9897.976569551602,2347.3901887292814,-111.95226228684169
2135,6807.781207743897,680.7781207743897,-27.084858119971614,-0.3456965044747684,2090.195361807705,21.11740058304053,9897.976569551602,2347.3901887292814,-111.95226228684169
2136,6939.59611260716,693.959611260716,131.8149048632631,1.6882504946799326,1958.380456944442,19.78566470816732,9897.976569551602,2419.61785467735,-111.95226228684169
2137,6966.680970727131,696.6680970727132,27.084858119971614,0.34113647263447344,1931.2955988244703,19.51202435420558,9897.976569551602,2446.7027127973215,-111.95226228684169
2138,7056.965208755181,705.6965208755182,90.28423802804991,1.1332729195481894,1841.0113607964204,18.599875922719242,9897.976569551602,2536.9869508253714,-111.95226228684169
2139,7177.946445896085,717.7946445896085,120.98123714090343,1.5015732848075114,1720.030123655517,17.37759340577463,9897.976569551602,2657.968187966275,-111.95226228684169
2140,7239.339755307721,723.9339755307722,61.39330941163644,0.7507179194410796,1658.6368142438805,16.757332193998316,9897.976569551602,2719.3614973779113,-111.95226228684169
2141,7270.036065606502,727.0036065606503,30.6963102987811,0.3725578894717474,1627.9405039450994,16.447205067680297,9897.976569551602,2750.0578076766924,-111.95226228684169
2142,7284.481874321746,728.4481874321746,14.445808715243402,0.17467648992874896,1613.494695229856,16.30125797825515,9897.976569551602,2764.503616391936,-111.95226228684169
2143,7307.955280262906,730.7955280262906,23.47340594116031,0.2833418709493163,1590.0212892886957,16.064104396649697,9897.976569551602,2787.977022333096,-111.95226228684169
2144,7306.149898580537,730.6149898580537,-1.8053816823685338,-0.02173075830893545,1591.8266709710642,16.082344303257702,9897.976569551602,2787.977022333096,-111.95226228684169
2145,7315.178184620527,731.5178184620527,9.028286039989325,0.1086939936098652,1582.798384931075,15.991130851937132,9897.976569551602,2795.199926690717,-111.95226228684169
2146,7320.595707295779,732.0595707295778,5.417522675252258,0.06515221387886072,1577.3808622558226,15.936397213832576,9897.976569551602,2800.617449365969,-111.95226228684169
2147,7401.850970469766,740.1850970469766,81.25526317398726,0.9765558384568607,1496.1255990818354,15.11546919280708,9897.976569551602,2881.8727125399564,-111.95226228684169
2148,7378.377564528606,737.8377564528605,-23.47340594116031,-0.2793837456015691,1519.5990050229957,15.352622774412533,9897.976569551602,2881.8727125399564,-111.95226228684169
2149,7221.282494413668,722.1282494413667,-157.0950701149377,-1.8750058576976536,1676.6940751379334,16.93976605577973,9897.976569551602,2881.8727125399564,-111.95226228684169
2150,7215.865660552488,721.5865660552488,-5.416833861179839,-0.06588794223846284,1682.1109089991132,16.99449273474403,9897.976569551602,2881.8727125399564,-111.95226228684169
2151,7336.8462088793185,733.6846208879318,120.9805483268301,1.472523448231433,1561.1303606722831,15.772217176939684,9897.976569551602,2881.8727125399564,-111.95226228684169
2152,7215.865660552488,721.5865660552488,-120.9805483268301,-1.451154852754477,1682.1109089991132,16.99449273474403,9897.976569551602,2881.8727125399564,-111.95226228684169
2153,7071.411017470423,707.1411017470423,-144.45464308206556,-1.7582400814517674,1826.5655520811788,18.453928833294114,9897.976569551602,2881.8727125399564,-111.95226228684169
2154,7017.240612416408,701.7240612416408,-54.170405054014736,-0.6711392213426315,1880.7359571351935,19.001216500357856,9897.976569551602,2881.8727125399564,-111.95226228684169
2155,6995.571899343545,699.5571899343545,-21.668713072863284,-0.27027644697733555,1902.4046702080568,19.22013713449556,9897.976569551602,2881.8727125399564,-111.95226228684169
2156,6984.738231621184,698.4738231621185,-10.833667722360588,-0.13549584518462998,1913.2383379304174,19.32959049242416,9897.976569551602,2881.8727125399564,-111.95226228684169
2157,6990.155065482364,699.0155065482364,5.416833861179839,0.06783984276064192,1907.8215040692376,19.274863813459863,9897.976569551602,2881.8727125399564,-111.95226228684169
2158,6995.571899343545,699.5571899343545,5.4168338611807485,0.0677938515183607,1902.4046702080568,19.22013713449556,9897.976569551602,2881.8727125399564,-111.95226228684169
2159,6968.487041223572,696.8487041223573,-27.084858119972523,-0.3387482279059495,1929.4895283280293,19.49377748845731,9897.976569551602,2881.8727125399564,-111.95226228684169
2160,6963.069518548321,696.306951854832,-5.417522675251348,-0.06798684175834957,1934.9070510032807,19.54851112656186,9897.976569551602,2881.8727125399564,-111.95226228684169
2161,7116.553136484448,711.6553136484448,153.4836179361273,1.9274428984780156,1781.4234330671534,17.997854617550942,9897.976569551602,2881.8727125399564,-111.95226228684169
2162,7304.344516898167,730.4344516898167,187.7913804137188,2.313683866241001,1593.6320526534346,16.10058420986573,9897.976569551602,2881.8727125399564,-111.95226228684169
2163,7324.206470660518,732.4206470660517,19.861953762350822,0.23917545475062862,1573.7700988910838,15.899917400616545,9897.976569551602,2881.8727125399564,-111.95226228684169
2164,7351.292017594562,735.1292017594561,27.085546934044032,0.32538293024697573,1546.6845519570397,15.626270087514541,9897.976569551602,2881.8727125399564,-111.95226228684169
2165,7145.444065100861,714.5444065100861,-205.8479524937011,-2.4648635451858136,1752.5325044507408,17.705967397840933,9897.976569551602,2881.8727125399564,-111.95226228684169
2166,7322.401088978149,732.2401088978148,176.95702387728852,2.1724662579841514,1575.5754805734523,15.91815730722455,9897.976569551602,2881.8727125399564,-111.95226228684169
2167,7627.561565539889,762.7561565539888,305.1604765617394,3.666735997209769,1270.4150040117129,12.835098114091265,9897.976569551602,3107.583307610079,-111.95226228684169
2168,7466.855732060214,746.6855732060214,-160.70583347967477,-1.8627028304447513,1431.1208374913876,14.458721208674474,9897.976569551602,3107.583307610079,-111.95226228684169
2169,7432.54796958262,743.254796958262,-34.307762477594224,-0.4052007446835981,1465.4285999689819,14.805335107348801,9897.976569551602,3107.583307610079,-111.95226228684169
2170,7309.761350759347,730.9761350759347,-122.78661882327287,-1.45610341341883,1588.2152187922547,16.04585753090143,9897.976569551602,3107.583307610079,-111.95226228684169
2171,7577.002612664684,757.7002612664684,267.2412619053375,3.2159920198059133,1320.9739568869172,13.345899008798726,9897.976569551602,3107.583307610079,-111.95226228684169
2172,7481.301540775456,748.1301540775455,-95.70107188922884,-1.1157869037828894,1416.675028776146,14.312774119249347,9897.976569551602,3107.583307610079,-111.95226228684169
2173,7405.462422648578,740.5462422648577,-75.83911812687802,-0.8941919794063113,1492.514146903024,15.07898242045079,9897.976569551602,3107.583307610079,-111.95226228684169
2174,7367.543207992174,736.7543207992175,-37.91921465640371,-0.45112586018146716,1530.4333615594278,15.462083091481388,9897.976569551602,3107.583307610079,-111.95226228684169
2175,7522.832207610671,752.2832207610671,155.28899961849675,1.8558493904181406,1375.144361940931,13.893186675862456,9897.976569551602,3107.583307610079,-111.95226228684169
2176,7826.1873024900415,782.6187302490041,303.3550948793709,3.559322622924377,1071.7892670615602,10.828367389337176,9897.976569551602,3306.2090445602316,-111.95226228684169
2177,7786.462017337197,778.6462017337196,-39.72528515284466,-0.45008432057223047,1111.5145522144048,11.229714926116042,9897.976569551602,3306.2090445602316,-111.95226228684169
2178,7703.400683666769,770.3400683666767,-83.06133367042821,-0.94533309888023,1194.575885884833,12.068889812889804,9897.976569551602,3306.2090445602316,-111.95226228684169
2179,7531.86049365066,753.186049365066,-171.54019001610868,-1.9709559085109074,1366.1160759009417,13.80197322454189,9897.976569551602,3306.2090445602316,-111.95226228684169
2180,7598.670636923476,759.8670636923476,66.81014327281628,0.7830665225074362,1299.3059326281254,13.126985333801278,9897.976569551602,3306.2090445602316,-111.95226228684169
2181,7288.093326500555,728.8093326500555,-310.5773104229211,-3.611922395181344,1609.8832430510465,16.264771205898878,9897.976569551602,3306.2090445602316,-111.95226228684169
2182,7228.505398771289,722.8505398771288,-59.587927729266084,-0.7189582136911787,1669.4711707803126,16.866792511067167,9897.976569551602,3306.2090445602316,-111.95226228684169
2183,7253.784875208892,725.3784875208892,25.27947643760308,0.3072183247443405,1644.1916943427095,16.611392063713428,9897.976569551602,3306.2090445602316,-111.95226228684169
2184,6854.728708440291,685.472870844029,-399.05616676860154,-4.834826359082955,2043.247861111311,20.643086460689354,9897.976569551602,3306.2090445602316,-111.95226228684169
2185,6692.216804464173,669.2216804464173,-162.51190397611754,-2.068969025008982,2205.7597650874286,22.284956421020848,9897.976569551602,3306.2090445602316,-111.95226228684169
2186,6629.018113370167,662.9018113370167,-63.19869109400588,-0.821592691684514,2268.9584561814345,22.923457539405177,9897.976569551602,3306.2090445602316,-111.95226228684169
2187,6811.3919711086355,681.1391971108636,182.37385773846836,2.3905285716762315,2086.584598442966,21.0809207698245,9897.976569551602,3306.2090445602316,-111.95226228684169
2188,6923.344922209548,692.3344922209548,111.95295110091229,1.4332010416963303,1974.6316473420538,19.949851704200476,9897.976569551602,3306.2090445602316,-111.95226228684169
2189,6827.6431615062465,682.7643161506247,-95.70176070330126,-1.2078454446056486,2070.333408045355,20.916733773791357,9897.976569551602,3306.2090445602316,-111.95226228684169
2190,6662.878231425176,666.2878231425176,-164.76493008107082,-2.1049111039109447,2235.098338126426,22.581366225922277,9897.976569551602,3306.2090445602316,-111.95226228684169
2191,6662.878231425176,666.2878231425176,0.0,0.0,2235.098338126426,22.581366225922277,9897.976569551602,0.0,0.0
2192,6662.878231425176,666.2878231425176,0.0,0.0,2235.098338126426,22.581366225922277,9897.976569551602,0.0,0.0
2193,6662.878231425176,666.2878231425176,0.0,0.0,2235.098338126426,22.581366225922277,9897.976569551602,0.0,0.0
2194,6662.878231425176,666.2878231425176,0.0,0.0,2235.098338126426,22.581366225922277,9897.976569551602,0.0,0.0
2195,6662.878231425176,666.2878231425176,0.0,0.0,2235.098338126426,22.581366225922277,9897.976569551602,0.0,0.0
2196,6662.878231425176,666.2878231425176,0.0,0.0,2235.098338126426,22.581366225922277,9897.976569551602,0.0,0.0
2197,6662.878231425176,666.2878231425176,0.0,0.0,2235.098338126426,22.581366225922277,9897.976569551602,0.0,0.0
2198,6662.878231425176,666.2878231425176,0.0,0.0,2235.098338126426,22.581366225922277,9897.976569551602,0.0,0.0
2199,6662.878231425176,666.2878231425176,0.0,0.0,2235.098338126426,22.581366225922277,9897.976569551602,0.0,0.0
2200,6662.878231425176,666.2878231425176,0.0,0.0,2235.098338126426,22.581366225922277,9897.976569551602,0.0,0.0
2201,6662.878231425176,666.2878231425176,0.0,0.0,2235.098338126426,22.581366225922277,9897.976569551602,0.0,0.0
2202,6662.878231425176,666.2878231425176,0.0,0.0,2235.098338126426,22.581366225922277,9897.976569551602,0.0,0.0
2203,6662.878231425176,666.2878231425176,0.0,0.0,2235.098338126426,22.581366225922277,9897.976569551602,0.0,0.0
2204,6662.878231425176,666.2878231425176,0.0,0.0,2235.098338126426,22.581366225922277,9897.976569551602,0.0,0.0
2205,6662.878231425176,666.2878231425176,0.0,0.0,2235.098338126426,22.581366225922277,9897.976569551602,0.0,0.0
2206,6662.878231425176,666.2878231425176,0.0,0.0,2235.098338126426,22.581366225922277,9897.976569551602,0.0,0.0
2207,6662.878231425176,666.2878231425176,0.0,0.0,2235.098338126426,22.581366225922277,9897.976569551602,0.0,0.0
2208,6662.878231425176,666.2878231425176,0.0,0.0,2235.098338126426,22.581366225922277,9897.976569551602,0.0,0.0
2209,6662.878231425176,666.2878231425176,0.0,0.0,2235.098338126426,22.581366225922277,9897.976569551602,0.0,0.0
2210,6662.878231425176,666.2878231425176,0.0,0.0,2235.098338126426,22.581366225922277,9897.976569551602,0.0,0.0
2211,6662.878231425176,666.2878231425176,0.0,0.0,2235.098338126426,22.581366225922277,9897.976569551602,0.0,0.0
2212,6662.878231425176,666.2878231425176,0.0,0.0,2235.098338126426,22.581366225922277,9897.976569551602,0.0,0.0
2213,6662.878231425176,666.2878231425176,0.0,0.0,2235.098338126426,22.581366225922277,9897.976569551602,0.0,0.0
2214,6662.878231425176,666.2878231425176,0.0,0.0,2235.098338126426,22.581366225922277,9897.976569551602,0.0,0.0
2215,6662.878231425176,666.2878231425176,0.0,0.0,2235.098338126426,22.581366225922277,9897.976569551602,0.0,0.0
2216,6655.22300841676,665.522300841676,-7.655223008415305,-0.09990009990008542,2242.753561134841,22.658707518403858,9897.976569551602,0.0,0.0
2217,6699.810247725069,669.9810247725068,44.5872393083082,0.5824420694117594,2198.166321826533,22.208239293964247,9897.976569551602,44.5872393083082,0.0
2218,6716.958783351524,671.6958783351524,17.14853562645567,0.22271374325779636,2181.0177862000774,22.034986351749687,9897.976569551602,61.73577493476387,0.0
2219,6763.260614552598,676.3260614552598,46.30183120107358,0.600001017252616,2134.7159549990038,21.567195476759053,9897.976569551602,108.03760613583745,0.0
2220,6641.504310750535,664.1504310750535,-121.75630380206258,-1.568365534113647,2256.4722588010663,22.797308550340293,9897.976569551602,108.03760613583745,-13.718697666225125
2221,6708.384515538297,670.8384515538297,66.88020478776161,0.8752230198139088,2189.5920540133047,22.12161282285696,9897.976569551602,108.03760613583745,-13.718697666225125
2222,6864.438544767972,686.4438544767972,156.0540292296755,2.0244712613272986,2033.5380247836292,20.544987255670506,9897.976569551602,209.215536351212,-13.718697666225125
2223,6849.004601034281,684.900460103428,-15.433943733691194,-0.19624978497618795,2048.9719685173204,20.70091754733405,9897.976569551602,209.215536351212,-13.718697666225125
2224,6852.434438994513,685.2434438994512,3.4298379602314526,0.043697744294601826,2045.542130557089,20.66626563705592,9897.976569551602,209.215536351212,-13.718697666225125
2225,6742.68224096591,674.268224096591,-109.75219802860283,-1.3976837231977735,2155.294328585692,21.77510032925175,9897.976569551602,209.215536351212,-13.718697666225125
2226,6716.958783351524,671.6958783351524,-25.723457614385552,-0.3322292819700756,2181.0177862000774,22.034986351749687,9897.976569551602,209.215536351212,-13.718697666225125
2227,6692.950571804606,669.2950571804606,-24.008211546918574,-0.3111097547742969,2205.025997746996,22.27754311452051,9897.976569551602,209.215536351212,-13.718697666225125
2228,6543.756218495392,654.3756218495392,-149.1943533092135,-1.939364511921149,2354.2203510562094,23.784864861150712,9897.976569551602,209.215536351212,-111.46678992136822
2229,6428.858936439092,642.8858936439092,-114.89728205630036,-1.5230778769679931,2469.11763311251,24.94568072335178,9897.976569551602,209.215536351212,-226.36407197766857
2230,6454.582394053477,645.4582394053477,25.723457614385552,0.3462639125937583,2443.3941754981242,24.68579470085384,9897.976569551602,209.215536351212,-226.36407197766857
2231,6562.619346014613,656.2619346014613,108.03695196113586,1.4492690032820166,2335.3572235369884,23.594289268385133,9897.976569551602,209.215536351212,-226.36407197766857
2232,6636.359226722838,663.6359226722838,73.73988070822452,0.9750574150883873,2261.617342828764,22.849289720345535,9897.976569551602,209.215536351212,-226.36407197766857
2233,6711.814353498528,671.1814353498529,75.45512677569059,0.9881034212172901,2186.1622160530733,22.08696091257883,9897.976569551602,209.215536351212,-226.36407197766857
2234,6602.0621554699255,660.2062155469926,-109.75219802860283,-1.4231696070174826,2295.914414081676,23.19579560477466,9897.976569551602,209.215536351212,-226.36407197766857
2235,6644.934148710767,664.4934148710767,42.87199324084122,0.563952153561309,2253.042420840835,22.762656640062165,9897.976569551602,209.215536351212,-226.36407197766857
2236,6444.292880172783,644.4292880172784,-200.6412685379837,-2.624499631194599,2453.6836893788186,24.789750431688233,9897.976569551602,209.215536351212,-226.36407197766857
2237,6372.2682455320255,637.2268245532026,-72.02463464075754,-0.9675147901903269,2525.708324019576,25.51742072000071,9897.976569551602,209.215536351212,-282.9547628847349
2238,6329.396252291183,632.9396252291184,-42.87199324084213,-0.5815305658041559,2568.5803172604183,25.95055968471322,9897.976569551602,209.215536351212,-325.82675612557705
2239,6250.113592512249,625.0113592512249,-79.28265977893443,-1.0817079204054614,2647.8629770393527,26.751558345619586,9897.976569551602,209.215536351212,-405.1094159045115
2240,6250.113592512249,625.0113592512249,0.0,0.0,2647.8629770393527,26.751558345619586,9897.976569551602,0.0,0.0
2241,6250.113592512249,625.0113592512249,0.0,0.0,2647.8629770393527,26.751558345619586,9897.976569551602,0.0,0.0
2242,6250.113592512249,625.0113592512249,0.0,0.0,2647.8629770393527,26.751558345619586,9897.976569551602,0.0,0.0
2243,6250.113592512249,625.0113592512249,0.0,0.0,2647.8629770393527,26.751558345619586,9897.976569551602,0.0,0.0
2244,6250.113592512249,625.0113592512249,0.0,0.0,2647.8629770393527,26.751558345619586,9897.976569551602,0.0,0.0
2245,6250.113592512249,625.0113592512249,0.0,0.0,2647.8629770393527,26.751558345619586,9897.976569551602,0.0,0.0
2246,6250.113592512249,625.0113592512249,0.0,0.0,2647.8629770393527,26.751558345619586,9897.976569551602,0.0,0.0
2247,6250.113592512249,625.0113592512249,0.0,0.0,2647.8629770393527,26.751558345619586,9897.976569551602,0.0,0.0
2248,6250.113592512249,625.0113592512249,0.0,0.0,2647.8629770393527,26.751558345619586,9897.976569551602,0.0,0.0
2249,6250.113592512249,625.0113592512249,0.0,0.0,2647.8629770393527,26.751558345619586,9897.976569551602,0.0,0.0
2250,6250.113592512249,625.0113592512249,0.0,0.0,2647.8629770393527,26.751558345619586,9897.976569551602,0.0,0.0
2251,6250.113592512249,625.0113592512249,0.0,0.0,2647.8629770393527,26.751558345619586,9897.976569551602,0.0,0.0
2252,6250.113592512249,625.0113592512249,0.0,0.0,2647.8629770393527,26.751558345619586,9897.976569551602,0.0,0.0
2253,6250.113592512249,625.0113592512249,0.0,0.0,2647.8629770393527,26.751558345619586,9897.976569551602,0.0,0.0
2254,6250.113592512249,625.0113592512249,0.0,0.0,2647.8629770393527,26.751558345619586,9897.976569551602,0.0,0.0
2255,6250.113592512249,625.0113592512249,0.0,0.0,2647.8629770393527,26.751558345619586,9897.976569551602,0.0,0.0
2256,6250.113592512249,625.0113592512249,0.0,0.0,2647.8629770393527,26.751558345619586,9897.976569551602,0.0,0.0
2257,6250.113592512249,625.0113592512249,0.0,0.0,2647.8629770393527,26.751558345619586,9897.976569551602,0.0,0.0
2258,6250.113592512249,625.0113592512249,0.0,0.0,2647.8629770393527,26.751558345619586,9897.976569551602,0.0,0.0
2259,6250.113592512249,625.0113592512249,0.0,0.0,2647.8629770393527,26.751558345619586,9897.976569551602,0.0,0.0
2260,6250.113592512249,625.0113592512249,0.0,0.0,2647.8629770393527,26.751558345619586,9897.976569551602,0.0,0.0
2261,6242.870721790458,624.2870721790458,-7.242870721790496,-0.09990009990009652,2655.105847761143,26.824733612007577,9897.976569551602,0.0,0.0
2262,6298.856176706178,629.8856176706179,55.985454915719856,0.7729732735293204,2599.1203928454233,26.25910835999452,9897.976569551602,55.985454915719856,0.0
2263,6438.018940876089,643.8018940876088,139.1627641699106,1.9066379827299418,2459.9576286755128,24.853136511182445,9897.976569551602,195.14821908563044,0.0
2264,6334.046389024784,633.4046389024784,-103.97255185130507,-1.3978527438256116,2563.930180526818,25.903579004359766,9897.976569551602,195.14821908563044,0.0
2265,6359.639548069699,635.9639548069699,25.59315904491541,0.3489636919015826,2538.3370214819024,25.645009398086444,9897.976569551602,195.14821908563044,0.0
2266,6358.040242587099,635.8040242587099,-1.5993054826003572,-0.02173075830894655,2539.9363269645028,25.66116730138478,9897.976569551602,195.14821908563044,0.0
2267,6348.442579124364,634.8442579124364,-9.597663462735,-0.1304377680239499,2549.5339904272378,25.75813321553192,9897.976569551602,195.14821908563044,0.0
2268,6423.622750776509,642.3622750776508,75.18017165214496,1.0230762619785505,2474.353818775093,24.998582300010295,9897.976569551602,195.14821908563044,0.0
2269,6422.0234452939085,642.2023445293909,-1.5993054826003572,-0.02154346383553829,2475.953124257693,25.014740203308634,9897.976569551602,195.14821908563044,0.0
2270,6549.989240518484,654.9989240518483,127.96579522457523,1.7241362300696395,2347.987329033118,23.721892171942034,9897.976569551602,307.11851872802526,0.0
2271,6541.991492727393,654.1991492727393,-7.99774779109066,-0.10593058528043375,2355.9850768242086,23.80269401800513,9897.976569551602,307.11851872802526,0.0
2272,6551.588546001084,655.1588546001084,9.597053273691017,0.1272482643734696,2346.3880235505176,23.705734268643695,9897.976569551602,308.7178242106256,0.0
2273,6463.612099921004,646.3612099921004,-87.97644608007977,-1.165005820221332,2434.3644696305973,24.594566904909122,9897.976569551602,308.7178242106256,0.0
2274,6597.976337454069,659.7976337454069,134.36423753306462,1.8002575125050546,2300.0002320975327,23.23707493077777,9897.976569551602,355.1056156636105,0.0
2275,6613.97183303625,661.397183303625,15.99549558218132,0.21052310341282965,2284.0047365153514,23.075471238651573,9897.976569551602,371.1011112457918,0.0
2276,6581.9808418718885,658.1980841871888,-31.99099116436173,-0.42016166943981137,2315.995727679713,23.398678622903958,9897.976569551602,371.1011112457918,0.0
2277,6613.97183303625,661.397183303625,31.99099116436173,0.42193447637970394,2284.0047365153514,23.075471238651573,9897.976569551602,371.1011112457918,0.0
2278,6514.798418010834,651.4798418010834,-99.17341502541603,-1.3025188062177007,2383.1781515407674,24.077427692362484,9897.976569551602,371.1011112457918,0.0
2279,6537.192355901505,653.7192355901504,22.393937890670713,0.2979978523043103,2360.7842136500967,23.851180057471534,9897.976569551602,371.1011112457918,0.0
2280,6564.385430618064,656.4385430618064,27.19307471655884,0.3607852026659142,2333.591138933538,23.576446383114185,9897.976569551602,371.1011112457918,0.0
2281,6541.991492727393,654.1991492727393,-22.393937890670713,-0.29604437923043125,2355.9850768242086,23.80269401800513,9897.976569551602,371.1011112457918,0.0
2282,6525.99538695617,652.599538695617,-15.996105771223483,-0.21209392488241718,2371.981182595432,23.964303874917007,9897.976569551602,371.1011112457918,0.0
2283,6545.190103692595,654.5190103692595,19.194716736425107,0.2550455554316766,2352.786465859007,23.770378211408445,9897.976569551602,371.1011112457918,0.0
2284,6527.595302627813,652.7595302627814,-17.594801064781677,-0.23319228307012718,2370.3812669237886,23.94813980683298,9897.976569551602,371.1011112457918,0.0
2285,6494.003785602765,649.4003785602764,-33.59151702504823,-0.4462449915887734,2403.972783948837,24.287517423955084,9897.976569551602,371.1011112457918,0.0
2286,6502.0021435828985,650.2002143582898,7.998357980133733,0.10673010327937327,2395.974425968703,24.206709413106296,9897.976569551602,371.1011112457918,0.0
2287,6426.8219719307535,642.6821971930754,-75.18017165214496,-1.0021347663363822,2471.154597620848,24.966260328627918,9897.976569551602,371.1011112457918,0.0
2288,6417.224308468019,641.7224308468019,-9.59766346273409,-0.12922974993890834,2480.752261083582,25.063226242775045,9897.976569551602,371.1011112457918,0.0
2289,6410.826476348573,641.0826476348573,-6.397832119446321,-0.08625641956306884,2487.1500932030285,25.12786402075411,9897.976569551602,371.1011112457918,0.0
2290,6348.442579124364,634.8442579124364,-62.38389722420925,-0.8417940620159658,2549.5339904272378,25.75813321553192,9897.976569551602,371.1011112457918,0.0
2291,6329.247862387939,632.9247862387939,-19.194716736425107,-0.2612079570568304,2568.728707163663,25.95205887904048,9897.976569551602,371.1011112457918,0.0
2292,6509.999891373988,650.9999891373989,180.75202898604948,2.4661743248393764,2387.9766781776134,24.125907567043207,9897.976569551602,371.1011112457918,0.0
2293,6514.798418010834,651.4798418010834,4.798526636845963,0.06389516253333394,2383.1781515407674,24.077427692362484,9897.976569551602,371.1011112457918,0.0
2294,6546.790019364239,654.6790019364239,31.991601353404803,0.4257146975057857,2351.1865501873626,23.754214143324408,9897.976569551602,371.1011112457918,0.0
2295,6484.406732329074,648.4406732329073,-62.38328703516527,-0.8266201507541204,2413.569837222528,24.384477173316522,9897.976569551602,371.1011112457918,0.0
2296,6321.250114596848,632.1250114596849,-163.15661773222564,-2.179953917088262,2576.7264549547535,26.03286072510358,9897.976569551602,371.1011112457918,0.0
2297,6198.082846009118,619.8082846009119,-123.16726858773018,-1.6823256501258377,2699.8937235424837,27.277228881789465,9897.976569551602,371.1011112457918,-44.78787578134052
2298,6250.869079770592,625.0869079770592,52.78623376147425,0.7333374023437589,2647.1074897810095,26.743925601158793,9897.976569551602,371.1011112457918,-44.78787578134052
2299,6310.053145651513,631.0053145651513,59.18406588092057,0.8162340986963779,2587.923423900089,26.145984542549055,9897.976569551602,371.1011112457918,-44.78787578134052
2300,6305.254008825625,630.5254008825624,-4.799136825888127,-0.0656511892631495,2592.722560725977,26.194470582015455,9897.976569551602,371.1011112457918,-44.78787578134052
2301,6374.035738169279,637.403573816928,68.78172934365466,0.9415378200478441,2523.9408313823224,25.499563609258598,9897.976569551602,371.1011112457918,-44.78787578134052
2302,6543.590798209994,654.3590798209995,169.55506004071503,2.2993522958272283,2354.3857713416073,23.786536114706784,9897.976569551602,371.1011112457918,-44.78787578134052
2303,6757.93373403205,675.793373403205,214.34293582205555,2.841391342076993,2140.0428355195518,21.621013350373087,9897.976569551602,515.0630122415914,-44.78787578134052
2304,6757.93373403205,675.793373403205,0.0,0.0,2140.0428355195518,21.621013350373087,9897.976569551602,515.0630122415914,-44.78787578134052
2305,6783.526893076964,678.3526893076964,25.5931590449145,0.32989659260227455,2114.4496764746373,21.36244374409977,9897.976569551602,540.6561712865059,-44.78787578134052
2306,6706.747415942219,670.6747415942219,-76.77947713474532,-0.9864355605045394,2191.2291536093826,22.138152562919732,9897.976569551602,540.6561712865059,-44.78787578134052
2307,6589.978589662979,658.9978589662979,-116.76882627923987,-1.5151505554430345,2307.9979798886225,23.31787677684086,9897.976569551602,540.6561712865059,-44.78787578134052
2308,6649.1626555439,664.91626555439,59.18406588092057,0.7797659134575863,2248.813914007702,22.71993571823112,9897.976569551602,540.6561712865059,-44.78787578134052
2309,6628.36802313583,662.836802313583,-20.794632408069447,-0.2718550166141087,2269.6085464157713,22.930025449823724,9897.976569551602,540.6561712865059,-44.78787578134052
2310,6597.976337454069,659.7976337454069,-30.391685681761373,-0.398403506354017,2300.0002320975327,23.23707493077777,9897.976569551602,540.6561712865059,-44.78787578134052
2311,6527.595302627813,652.7595302627814,-70.38103482625593,-0.9263128983347024,2370.3812669237886,23.94813980683298,9897.976569551602,540.6561712865059,-44.78787578134052
2312,6618.770969862138,661.8770969862138,91.17566723432537,1.2112190356792452,2279.2055996894633,23.02698519918517,9897.976569551602,540.6561712865059,-44.78787578134052
2313,6797.923083176544,679.7923083176545,179.15211331440605,2.351456869133939,2100.053486375057,21.21699795527192,9897.976569551602,555.052361386086,-44.78787578134052
2314,6735.539796141379,673.5539796141379,-62.38328703516527,-0.7999987479967885,2162.4367734102225,21.847260985264032,9897.976569551602,555.052361386086,-44.78787578134052
2315,6850.709316938019,685.0709316938019,115.16952079663952,1.4888362523076681,2047.267252613583,20.683694674641245,9897.976569551602,607.8385951475602,-44.78787578134052
2316,6951.482037446035,695.1482037446035,100.77272050801639,1.2836129378857253,1946.4945321055666,19.665580317632,9897.976569551602,708.6113156555766,-44.78787578134052
2317,7029.861430252425,702.9861430252424,78.37939280638966,0.9857205541970115,1868.115139299177,18.873707430727997,9897.976569551602,786.9907084619663,-44.78787578134052
2318,6941.884984172344,694.1884984172344,-87.97644608008068,-1.0956159934295995,1956.0915853792576,19.762540066993434,9897.976569551602,786.9907084619663,-44.78787578134052
2319,7089.045496133345,708.9045496133344,147.16051196100125,1.8529670506974405,1808.9310734182563,18.275766372118262,9897.976569551602,846.1747743428868,-44.78787578134052
2320,7093.844022770191,709.3844022770191,4.798526636845963,0.05932129617938209,1804.1325467814104,18.22728649743754,9897.976569551602,850.9733009797328,-44.78787578134052
2321,7175.422636730826,717.5422636730825,81.57861396063436,1.007909390533479,1722.553932820776,17.403091639151164,9897.976569551602,932.5519149403672,-44.78787578134052
2322,6997.86982889902,699.786982889902,-177.5528078318057,-2.171787511438128,1900.1067406525817,19.196920979766073,9897.976569551602,932.5519149403672,-44.78787578134052
2323,6917.89113061003,691.7891130610029,-79.97869828899002,-1.0000000000000009,1980.0854389415717,20.00495176996841,9897.976569551602,932.5519149403672,-44.78787578134052
2324,7018.664461307089,701.8664461307089,100.77333069705946,1.2727294305358239,1879.3121082445123,18.986831248173473,9897.976569551602,932.5519149403672,-44.78787578134052
2325,6951.482037446035,695.1482037446035,-67.1824238610543,-0.8378256028199416,1946.4945321055666,19.665580317632,9897.976569551602,932.5519149403672,-44.78787578134052
2326,6983.47363879944,698.347363879944,31.991601353404803,0.40233507669069635,1914.5029307521618,19.342366768593923,9897.976569551602,932.5519149403672,-44.78787578134052
2327,6876.302475982934,687.6302475982934,-107.17116281650578,-1.3424126848200157,2021.6740935686676,20.425125068367922,9897.976569551602,932.5519149403672,-44.78787578134052
2328,6810.719967793524,681.0719967793524,-65.58250818940996,-0.83265603866014,2087.2566017580775,21.08771006974241,9897.976569551602,932.5519149403672,-44.78787578134052
2329,6773.92922961423,677.3929229614231,-36.79073817929384,-0.47102876983166064,2124.0473399373714,21.459409658246898,9897.976569551602,932.5519149403672,-44.78787578134052
2330,6682.753562379905,668.2753562379905,-91.17566723432537,-1.1728389150623908,2215.2230071716967,22.38056426589471,9897.976569551602,932.5519149403672,-44.78787578134052
2331,6727.5420483502885,672.7542048350289,44.78848597038359,0.5829743933177589,2170.434521201313,21.928062831327132,9897.976569551602,932.5519149403672,-44.78787578134052
2332,6834.713211166795,683.4713211166795,107.1711628165067,1.3868725934579107,2063.2633583848065,20.845304531553126,9897.976569551602,932.5519149403672,-44.78787578134052
2333,6901.8956350278495,690.189563502785,67.1824238610543,0.8574969121434961,1996.0809345237521,20.1665554620946,9897.976569551602,932.5519149403672,-44.78787578134052
2334,6813.918578758726,681.3918578758726,-87.97705626912375,-1.1133664671441057,2084.057990792876,21.055394263145725,9897.976569551602,932.5519149403672,-44.78787578134052
2335,6757.93373403205,675.793373403205,-55.984844726675874,-0.7164759161794265,2140.0428355195518,21.621013350373087,9897.976569551602,932.5519149403672,-44.78787578134052
2336,6818.717715584614,681.8717715584614,60.783981552564,0.7835073569386175,2079.2588539669878,21.00690822367932,9897.976569551602,932.5519149403672,-44.78787578134052
2337,6882.70030810238,688.270030810238,63.982592517766534,0.8183259051574909,2015.2762614492212,20.36048729038886,9897.976569551602,932.5519149403672,-44.78787578134052
2338,6983.47363879944,698.347363879944,100.77333069705946,1.2784112900179334,1914.5029307521618,19.342366768593923,9897.976569551602,932.5519149403672,-44.78787578134052
2339,7009.066797844355,700.9066797844355,25.59315904491541,0.3205767339236054,1888.9097717072464,19.083797162320597,9897.976569551602,932.5519149403672,-44.78787578134052
2340,6889.09875041087,688.909875041087,-119.96804743348548,-1.497902945019447,2008.8778191407318,20.29584334762411,9897.976569551602,932.5519149403672,-44.78787578134052
2341,6773.92922961423,677.3929229614231,-115.16952079663952,-1.4598564986988083,2124.0473399373714,21.459409658246898,9897.976569551602,932.5519149403672,-44.78787578134052
2342,6850.709316938019,685.0709316938019,76.7800873237884,0.9876612592677025,2047.267252613583,20.683694674641245,9897.976569551602,932.5519149403672,-44.78787578134052
2343,6759.53303951465,675.953303951465,-91.17627742336845,-1.1613763004401978,2138.4435300369514,21.604855447074748,9897.976569551602,932.5519149403672,-44.78787578134052
2344,6789.925335385455,678.9925335385454,30.392295870804446,0.39167686658507783,2108.051234166147,21.29779980133501,9897.976569551602,932.5519149403672,-44.78787578134052
2345,6653.961182180745,665.3961182180745,-135.96415320470987,-1.7453845492857,2244.015387370857,22.671455843550408,9897.976569551602,932.5519149403672,-44.78787578134052
2346,6521.196860319324,652.1196860319324,-132.7643218614212,-1.7345831615988683,2376.779709232278,24.012783749597734,9897.976569551602,932.5519149403672,-44.78787578134052
2347,6490.805174637563,649.0805174637563,-30.391685681760464,-0.4040804441923673,2407.1713949140385,24.31983323055177,9897.976569551602,932.5519149403672,-44.78787578134052
2348,6481.207511174829,648.1207511174829,-9.59766346273409,-0.1281259255711209,2416.7690583767726,24.416799144698896,9897.976569551602,932.5519149403672,-44.78787578134052
2349,6482.806816657429,648.280681665743,1.5993054826003572,0.02137763830520889,2415.1697528941722,24.40064124140056,9897.976569551602,932.5519149403672,-44.78787578134052
2350,6457.746193998201,645.7746193998202,-25.060622659228102,-0.33490938992893904,2440.2303755534003,24.653830592609168,9897.976569551602,932.5519149403672,-44.78787578134052
2351,6457.746193998201,645.7746193998202,0.0,0.0,2440.2303755534003,24.653830592609168,9897.976569551602,0.0,0.0
2352,6457.746193998201,645.7746193998202,0.0,0.0,2440.2303755534003,24.653830592609168,9897.976569551602,0.0,0.0
2353,6457.746193998201,645.7746193998202,0.0,0.0,2440.2303755534003,24.653830592609168,9897.976569551602,0.0,0.0
2354,6457.746193998201,645.7746193998202,0.0,0.0,2440.2303755534003,24.653830592609168,9897.976569551602,0.0,0.0
2355,6457.746193998201,645.7746193998202,0.0,0.0,2440.2303755534003,24.653830592609168,9897.976569551602,0.0,0.0
2356,6457.746193998201,645.7746193998202,0.0,0.0,2440.2303755534003,24.653830592609168,9897.976569551602,0.0,0.0
2357,6457.746193998201,645.7746193998202,0.0,0.0,2440.2303755534003,24.653830592609168,9897.976569551602,0.0,0.0
2358,6457.746193998201,645.7746193998202,0.0,0.0,2440.2303755534003,24.653830592609168,9897.976569551602,0.0,0.0
2359,6457.746193998201,645.7746193998202,0.0,0.0,2440.2303755534003,24.653830592609168,9897.976569551602,0.0,0.0
2360,6457.746193998201,645.7746193998202,0.0,0.0,2440.2303755534003,24.653830592609168,9897.976569551602,0.0,0.0
2361,6457.746193998201,645.7746193998202,0.0,0.0,2440.2303755534003,24.653830592609168,9897.976569551602,0.0,0.0
2362,6457.746193998201,645.7746193998202,0.0,0.0,2440.2303755534003,24.653830592609168,9897.976569551602,0.0,0.0
2363,6457.746193998201,645.7746193998202,0.0,0.0,2440.2303755534003,24.653830592609168,9897.976569551602,0.0,0.0
2364,6457.746193998201,645.7746193998202,0.0,0.0,2440.2303755534003,24.653830592609168,9897.976569551602,0.0,0.0
2365,6457.746193998201,645.7746193998202,0.0,0.0,2440.2303755534003,24.653830592609168,9897.976569551602,0.0,0.0
2366,6457.746193998201,645.7746193998202,0.0,0.0,2440.2303755534003,24.653830592609168,9897.976569551602,0.0,0.0
2367,6457.746193998201,645.7746193998202,0.0,0.0,2440.2303755534003,24.653830592609168,9897.976569551602,0.0,0.0
2368,6457.746193998201,645.7746193998202,0.0,0.0,2440.2303755534003,24.653830592609168,9897.976569551602,0.0,0.0
2369,6457.746193998201,645.7746193998202,0.0,0.0,2440.2303755534003,24.653830592609168,9897.976569551602,0.0,0.0
2370,6457.746193998201,645.7746193998202,0.0,0.0,2440.2303755534003,24.653830592609168,9897.976569551602,0.0,0.0
2371,6457.746193998201,645.7746193998202,0.0,0.0,2440.2303755534003,24.653830592609168,9897.976569551602,0.0,0.0
2372,6457.746193998201,645.7746193998202,0.0,0.0,2440.2303755534003,24.653830592609168,9897.976569551602,0.0,0.0
2373,6457.746193998201,645.7746193998202,0.0,0.0,2440.2303755534003,24.653830592609168,9897.976569551602,0.0,0.0
2374,6457.746193998201,645.7746193998202,0.0,0.0,2440.2303755534003,24.653830592609168,9897.976569551602,0.0,0.0
2375,6457.746193998201,645.7746193998202,0.0,0.0,2440.2303755534003,24.653830592609168,9897.976569551602,0.0,0.0
2376,6457.746193998201,645.7746193998202,0.0,0.0,2440.2303755534003,24.653830592609168,9897.976569551602,0.0,0.0
2377,6457.746193998201,645.7746193998202,0.0,0.0,2440.2303755534003,24.653830592609168,9897.976569551602,0.0,0.0
2378,6457.746193998201,645.7746193998202,0.0,0.0,2440.2303755534003,24.653830592609168,9897.976569551602,0.0,0.0
2379,6457.746193998201,645.7746193998202,0.0,0.0,2440.2303755534003,24.653830592609168,9897.976569551602,0.0,0.0
2380,6457.746193998201,645.7746193998202,0.0,0.0,2440.2303755534003,24.653830592609168,9897.976569551602,0.0,0.0
2381,6457.746193998201,645.7746193998202,0.0,0.0,2440.2303755534003,24.653830592609168,9897.976569551602,0.0,0.0
2382,6457.746193998201,645.7746193998202,0.0,0.0,2440.2303755534003,24.653830592609168,9897.976569551602,0.0,0.0
2383,6457.746193998201,645.7746193998202,0.0,0.0,2440.2303755534003,24.653830592609168,9897.976569551602,0.0,0.0
2384,6457.746193998201,645.7746193998202,0.0,0.0,2440.2303755534003,24.653830592609168,9897.976569551602,0.0,0.0
2385,6457.746193998201,645.7746193998202,0.0,0.0,2440.2303755534003,24.653830592609168,9897.976569551602,0.0,0.0
2386,6457.746193998201,645.7746193998202,0.0,0.0,2440.2303755534003,24.653830592609168,9897.976569551602,0.0,0.0
2387,6457.746193998201,645.7746193998202,0.0,0.0,2440.2303755534003,24.653830592609168,9897.976569551602,0.0,0.0
2388,6457.746193998201,645.7746193998202,0.0,0.0,2440.2303755534003,24.653830592609168,9897.976569551602,0.0,0.0
2389,6457.746193998201,645.7746193998202,0.0,0.0,2440.2303755534003,24.653830592609168,9897.976569551602,0.0,0.0
2390,6457.746193998201,645.7746193998202,0.0,0.0,2440.2303755534003,24.653830592609168,9897.976569551602,0.0,0.0
2391,6457.746193998201,645.7746193998202,0.0,0.0,2440.2303755534003,24.653830592609168,9897.976569551602,0.0,0.0
2392,6457.746193998201,645.7746193998202,0.0,0.0,2440.2303755534003,24.653830592609168,9897.976569551602,0.0,0.0
2393,6457.746193998201,645.7746193998202,0.0,0.0,2440.2303755534003,24.653830592609168,9897.976569551602,0.0,0.0
2394,6457.746193998201,645.7746193998202,0.0,0.0,2440.2303755534003,24.653830592609168,9897.976569551602,0.0,0.0
2395,6457.746193998201,645.7746193998202,0.0,0.0,2440.2303755534003,24.653830592609168,9897.976569551602,0.0,0.0
2396,6457.746193998201,645.7746193998202,0.0,0.0,2440.2303755534003,24.653830592609168,9897.976569551602,0.0,0.0
2397,6457.746193998201,645.7746193998202,0.0,0.0,2440.2303755534003,24.653830592609168,9897.976569551602,0.0,0.0
2398,6457.746193998201,645.7746193998202,0.0,0.0,2440.2303755534003,24.653830592609168,9897.976569551602,0.0,0.0
2399,6457.746193998201,645.7746193998202,0.0,0.0,2440.2303755534003,24.653830592609168,9897.976569551602,0.0,0.0
2400,6457.746193998201,645.7746193998202,0.0,0.0,2440.2303755534003,24.653830592609168,9897.976569551602,0.0,0.0
2401,6457.746193998201,645.7746193998202,0.0,0.0,2440.2303755534003,24.653830592609168,9897.976569551602,0.0,0.0
2402,6457.746193998201,645.7746193998202,0.0,0.0,2440.2303755534003,24.653830592609168,9897.976569551602,0.0,0.0
2403,6457.746193998201,645.7746193998202,0.0,0.0,2440.2303755534003,24.653830592609168,9897.976569551602,0.0,0.0
2404,6457.746193998201,645.7746193998202,0.0,0.0,2440.2303755534003,24.653830592609168,9897.976569551602,0.0,0.0
2405,6457.746193998201,645.7746193998202,0.0,0.0,2440.2303755534003,24.653830592609168,9897.976569551602,0.0,0.0
2406,6457.746193998201,645.7746193998202,0.0,0.0,2440.2303755534003,24.653830592609168,9897.976569551602,0.0,0.0
2407,6457.746193998201,645.7746193998202,0.0,0.0,2440.2303755534003,24.653830592609168,9897.976569551602,0.0,0.0
2408,6457.746193998201,645.7746193998202,0.0,0.0,2440.2303755534003,24.653830592609168,9897.976569551602,0.0,0.0
2409,6457.746193998201,645.7746193998202,0.0,0.0,2440.2303755534003,24.653830592609168,9897.976569551602,0.0,0.0
2410,6457.746193998201,645.7746193998202,0.0,0.0,2440.2303755534003,24.653830592609168,9897.976569551602,0.0,0.0
2411,6457.746193998201,645.7746193998202,0.0,0.0,2440.2303755534003,24.653830592609168,9897.976569551602,0.0,0.0
2412,6457.746193998201,645.7746193998202,0.0,0.0,2440.2303755534003,24.653830592609168,9897.976569551602,0.0,0.0
2413,6457.746193998201,645.7746193998202,0.0,0.0,2440.2303755534003,24.653830592609168,9897.976569551602,0.0,0.0
2414,6457.746193998201,645.7746193998202,0.0,0.0,2440.2303755534003,24.653830592609168,9897.976569551602,0.0,0.0
2415,6457.746193998201,645.7746193998202,0.0,0.0,2440.2303755534003,24.653830592609168,9897.976569551602,0.0,0.0
2416,6457.746193998201,645.7746193998202,0.0,0.0,2440.2303755534003,24.653830592609168,9897.976569551602,0.0,0.0
2417,6457.746193998201,645.7746193998202,0.0,0.0,2440.2303755534003,24.653830592609168,9897.976569551602,0.0,0.0
2418,6457.746193998201,645.7746193998202,0.0,0.0,2440.2303755534003,24.653830592609168,9897.976569551602,0.0,0.0
2419,6457.746193998201,645.7746193998202,0.0,0.0,2440.2303755534003,24.653830592609168,9897.976569551602,0.0,0.0
2420,6457.746193998201,645.7746193998202,0.0,0.0,2440.2303755534003,24.653830592609168,9897.976569551602,0.0,0.0
2421,6457.746193998201,645.7746193998202,0.0,0.0,2440.2303755534003,24.653830592609168,9897.976569551602,0.0,0.0
2422,6457.746193998201,645.7746193998202,0.0,0.0,2440.2303755534003,24.653830592609168,9897.976569551602,0.0,0.0
2423,6457.746193998201,645.7746193998202,0.0,0.0,2440.2303755534003,24.653830592609168,9897.976569551602,0.0,0.0
2424,6457.746193998201,645.7746193998202,0.0,0.0,2440.2303755534003,24.653830592609168,9897.976569551602,0.0,0.0
2425,6457.746193998201,645.7746193998202,0.0,0.0,2440.2303755534003,24.653830592609168,9897.976569551602,0.0,0.0
2426,6457.746193998201,645.7746193998202,0.0,0.0,2440.2303755534003,24.653830592609168,9897.976569551602,0.0,0.0
2427,6457.746193998201,645.7746193998202,0.0,0.0,2440.2303755534003,24.653830592609168,9897.976569551602,0.0,0.0
2428,6457.746193998201,645.7746193998202,0.0,0.0,2440.2303755534003,24.653830592609168,9897.976569551602,0.0,0.0
2429,6457.746193998201,645.7746193998202,0.0,0.0,2440.2303755534003,24.653830592609168,9897.976569551602,0.0,0.0
2430,6457.746193998201,645.7746193998202,0.0,0.0,2440.2303755534003,24.653830592609168,9897.976569551602,0.0,0.0
2431,6457.746193998201,645.7746193998202,0.0,0.0,2440.2303755534003,24.653830592609168,9897.976569551602,0.0,0.0
2432,6457.746193998201,645.7746193998202,0.0,0.0,2440.2303755534003,24.653830592609168,9897.976569551602,0.0,0.0
2433,6457.746193998201,645.7746193998202,0.0,0.0,2440.2303755534003,24.653830592609168,9897.976569551602,0.0,0.0
2434,6450.295898100102,645.0295898100103,-7.450295898099284,-0.09990009990008542,2447.6806714514996,24.729101491118044,9897.976569551602,0.0,0.0
2435,6300.408557386831,630.0408557386831,-149.88734071327144,-2.011830707978912,2597.568012164771,26.243424541491372,9897.976569551602,0.0,-149.88734071327144
2436,6176.971567734883,617.6971567734884,-123.43698965194744,-1.6908230365689447,2721.0050018167185,27.4905177103282,9897.976569551602,0.0,-273.3243303652189
2437,6847.057218117267,684.7057218117268,670.0856503823843,9.336607287046416,2050.919351434334,20.720592103071073,9897.976569551602,396.7613200171654,-273.3243303652189
2438,6852.347153794037,685.2347153794037,5.289935676769346,0.06741298718397903,2045.6294157575649,20.667147485985975,9897.976569551602,402.05125569393476,-273.3243303652189
2439,7062.190238005589,706.219023800559,209.8430842115522,2.672361271115764,1835.7863315460127,18.54708706013008,9897.976569551602,611.894339905487,-273.3243303652189
2440,6984.600927133092,698.4600927133092,-77.58931087249675,-0.962385016750622,1913.3756424185094,19.330977689970315,9897.976569551602,611.894339905487,-273.3243303652189
2441,6944.043184030413,694.4043184030413,-40.557743102679524,-0.5079495327669714,1953.933385521189,19.740735611881792,9897.976569551602,611.894339905487,-273.3243303652189
2442,6947.570032040751,694.7570032040751,3.5268480103386537,0.04439613341262749,1950.4065375108503,19.705103601788053,9897.976569551602,611.894339905487,-273.3243303652189
2443,6917.592832969087,691.7592832969086,-29.977199071664472,-0.37718697602928675,1980.3837365825148,20.007965493418318,9897.976569551602,611.894339905487,-273.3243303652189
2444,6848.820305783698,684.8820305783698,-68.77252718538875,-0.8686039890687169,2049.1562637679035,20.702779496079717,9897.976569551602,611.894339905487,-273.3243303652189
2445,6783.575299286124,678.3575299286125,-65.24500649757374,-0.8312715026676742,2114.4012702654773,21.361954692536354,9897.976569551602,611.894339905487,-273.3243303652189
2446,6753.598100214461,675.359810021446,-29.977199071663563,-0.3851340536837,2144.378469337141,21.66481658416661,9897.976569551602,611.894339905487,-273.3243303652189
2447,6919.3559206355185,691.9355920635519,165.75782042105766,2.137818059159824,1978.6206489160832,19.990152886426955,9897.976569551602,611.894339905487,-273.3243303652189
2448,6945.80694437432,694.5806944374319,26.45102373880127,0.33400473477744885,1952.169625177282,19.722916208779417,9897.976569551602,611.894339905487,-273.3243303652189
2449,6996.944558830539,699.6944558830539,51.137614456219126,0.6435798757031819,1901.0320107210628,19.206269052697742,9897.976569551602,611.894339905487,-273.3243303652189
2450,6850.584066127606,685.0584066127606,-146.3604927029328,-1.830205169314525,2047.3925034239955,20.684960092977335,9897.976569551602,611.894339905487,-273.3243303652189
2451,6981.074079122754,698.1074079122753,130.49001299514748,1.6621694882316351,1916.902490428848,19.366609700064057,9897.976569551602,611.894339905487,-273.3243303652189
2452,6845.294130450836,684.5294130450836,-135.77994867191774,-1.7012741308478407,2052.682439100766,20.73840471006244,9897.976569551602,611.894339905487,-273.3243303652189
2453,6868.217633501823,686.8217633501823,22.923503050987165,0.2921943099878366,2029.7589360497786,20.506806838619653,9897.976569551602,611.894339905487,-273.3243303652189
2454,6829.4236507430505,682.942365074305,-38.79398275877247,-0.4930466411299128,2068.552918808551,20.89874535742875,9897.976569551602,611.894339905487,-273.3243303652189
2455,6864.690785491483,686.4690785491484,35.26713474843291,0.4504435616418112,2033.2857840601182,20.542438848713402,9897.976569551602,611.894339905487,-273.3243303652189
2456,6825.896802732712,682.5896802732711,-38.79398275877156,-0.4932677433464705,2072.0797668188898,20.934377367522494,9897.976569551602,611.894339905487,-273.3243303652189
2457,6792.392082973233,679.2392082973233,-33.504719759478576,-0.42812626596071546,2105.5844865783683,21.27287806535751,9897.976569551602,611.894339905487,-273.3243303652189
2458,6831.186738409481,683.1186738409481,38.79465543624792,0.4978529702197143,2066.7898311421204,20.8809327504374,9897.976569551602,611.894339905487,-273.3243303652189
2459,6961.677424082106,696.1677424082106,130.49068567262475,1.6662951610208587,1936.2991454694957,19.56257556141309,9897.976569551602,611.894339905487,-273.3243303652189
2460,6924.645856312288,692.4645856312287,-37.03156776981814,-0.46512268454643735,1973.3307132393138,19.93670826934186,9897.976569551602,611.894339905487,-273.3243303652189
2461,6898.195505250963,689.8195505250964,-26.45035106132491,-0.33377328830733743,1999.7810643006387,20.203938150878376,9897.976569551602,611.894339905487,-273.3243303652189
2462,6928.1727043226265,692.8172704322627,29.977199071663563,0.37954491062843765,1969.8038652289752,19.901076259248118,9897.976569551602,611.894339905487,-273.3243303652189
2463,7018.105646892571,701.810564689257,89.93294256994432,1.1343464115118218,1879.8709226590308,18.992476992135302,9897.976569551602,611.894339905487,-273.3243303652189
2464,7065.717086015928,706.5717086015928,47.61143912335683,0.593799099439507,1832.259483535674,18.511455050036343,9897.976569551602,615.4211879158256,-273.3243303652189
2465,7037.502974610696,703.7502974610696,-28.21411140523196,-0.34980288924525427,1860.473594940906,18.796504334675234,9897.976569551602,615.4211879158256,-273.3243303652189
2466,7129.198332169594,712.9198332169594,91.69535755889865,1.1408438397914278,1768.7782373820073,17.87009925668208,9897.976569551602,678.9024340694923,-273.3243303652189
2467,7104.5110687747,710.45110687747,-24.687263394894217,-0.30368632165362897,1793.4655007769015,18.11951653122724,9897.976569551602,678.9024340694923,-273.3243303652189
2468,6998.708319174447,699.8708319174447,-105.80274960025326,-1.3054797347108682,1899.2682503771548,19.188449649595356,9897.976569551602,678.9024340694923,-273.3243303652189
2469,7160.939291585165,716.0939291585166,162.2309724107181,2.0282146308775673,1737.0372779664367,17.549417961949448,9897.976569551602,710.6433934850629,-273.3243303652189
2470,7108.037916785039,710.8037916785039,-52.90137480012618,-0.6482265448864877,1789.9386527665629,18.083884521133502,9897.976569551602,710.6433934850629,-273.3243303652189
2471,6970.494207769214,697.0494207769214,-137.5437090158248,-1.696387096699259,1927.4823617823877,19.473498934234257,9897.976569551602,710.6433934850629,-273.3243303652189
2472,6737.7276205066755,673.7727620506676,-232.76658726253845,-2.920353257840025,2160.248949044926,21.825157231532927,9897.976569551602,710.6433934850629,-273.3243303652189
2473,6707.749748757535,670.7749748757535,-29.97787174914083,-0.3874247481869597,2190.226820794067,22.128025919274215,9897.976569551602,710.6433934850629,-273.3243303652189
2474,6582.5496714391575,658.2549671439158,-125.20007731837723,-1.6243401952503622,2315.426898112444,23.392931695102384,9897.976569551602,710.6433934850629,-273.3243303652189
2475,6515.540904597676,651.5540904597675,-67.0087668414817,-0.8837234142214823,2382.435664953926,24.069926294661407,9897.976569551602,710.6433934850629,-273.3243303652189
2476,6483.799945182104,648.3799945182104,-31.740959415571524,-0.4223376576415694,2414.1766243694974,24.390607589394044,9897.976569551602,710.6433934850629,-273.3243303652189
2477,6399.1576109664065,639.9157610966406,-84.6423342156977,-1.1310074405474824,2498.818958585195,25.245755443310742,9897.976569551602,710.6433934850629,-273.3243303652189
2478,6432.662330725885,643.2662330725885,33.504719759478576,0.45281803039065593,2465.3142388257165,24.907254745475722,9897.976569551602,710.6433934850629,-273.3243303652189
2479,6512.014056587337,651.2014056587337,79.351725861452,1.0676083794822766,2385.9625129642645,24.105558304755146,9897.976569551602,710.6433934850629,-273.3243303652189
2480,6344.493148499849,634.4493148499848,-167.52090808748835,-2.230039864483324,2553.483421051753,25.79803460948616,9897.976569551602,710.6433934850629,-273.3243303652189
2481,6429.1354827155465,642.9135482715546,84.6423342156977,1.1524598431000843,2468.841086836055,24.942886755569464,9897.976569551602,710.6433934850629,-273.3243303652189
2482,6354.7645891581915,635.4764589158192,-74.37089355735498,-1.0010706323822505,2543.21198039341,25.69426147377335,9897.976569551602,710.6433934850629,-273.3243303652189
2483,6354.7645891581915,635.4764589158192,0.0,0.0,2543.21198039341,25.69426147377335,9897.976569551602,0.0,0.0
2484,6354.7645891581915,635.4764589158192,0.0,0.0,2543.21198039341,25.69426147377335,9897.976569551602,0.0,0.0
2485,6354.7645891581915,635.4764589158192,0.0,0.0,2543.21198039341,25.69426147377335,9897.976569551602,0.0,0.0
2486,6354.7645891581915,635.4764589158192,0.0,0.0,2543.21198039341,25.69426147377335,9897.976569551602,0.0,0.0
2487,6354.7645891581915,635.4764589158192,0.0,0.0,2543.21198039341,25.69426147377335,9897.976569551602,0.0,0.0
2488,6354.7645891581915,635.4764589158192,0.0,0.0,2543.21198039341,25.69426147377335,9897.976569551602,0.0,0.0
2489,6354.7645891581915,635.4764589158192,0.0,0.0,2543.21198039341,25.69426147377335,9897.976569551602,0.0,0.0
2490,6354.7645891581915,635.4764589158192,0.0,0.0,2543.21198039341,25.69426147377335,9897.976569551602,0.0,0.0
2491,6354.7645891581915,635.4764589158192,0.0,0.0,2543.21198039341,25.69426147377335,9897.976569551602,0.0,0.0
2492,6354.7645891581915,635.4764589158192,0.0,0.0,2543.21198039341,25.69426147377335,9897.976569551602,0.0,0.0
2493,6354.7645891581915,635.4764589158192,0.0,0.0,2543.21198039341,25.69426147377335,9897.976569551602,0.0,0.0
2494,6354.7645891581915,635.4764589158192,0.0,0.0,2543.21198039341,25.69426147377335,9897.976569551602,0.0,0.0
2495,6354.7645891581915,635.4764589158192,0.0,0.0,2543.21198039341,25.69426147377335,9897.976569551602,0.0,0.0
2496,6354.7645891581915,635.4764589158192,0.0,0.0,2543.21198039341,25.69426147377335,9897.976569551602,0.0,0.0
2497,6354.7645891581915,635.4764589158192,0.0,0.0,2543.21198039341,25.69426147377335,9897.976569551602,0.0,0.0
2498,6354.7645891581915,635.4764589158192,0.0,0.0,2543.21198039341,25.69426147377335,9897.976569551602,0.0,0.0
2499,6354.7645891581915,635.4764589158192,0.0,0.0,2543.21198039341,25.69426147377335,9897.976569551602,0.0,0.0
2500,6354.7645891581915,635.4764589158192,0.0,0.0,2543.21198039341,25.69426147377335,9897.976569551602,0.0,0.0
2501,6354.7645891581915,635.4764589158192,0.0,0.0,2543.21198039341,25.69426147377335,9897.976569551602,0.0,0.0
2502,6354.7645891581915,635.4764589158192,0.0,0.0,2543.21198039341,25.69426147377335,9897.976569551602,0.0,0.0
2503,6354.7645891581915,635.4764589158192,0.0,0.0,2543.21198039341,25.69426147377335,9897.976569551602,0.0,0.0
2504,6354.7645891581915,635.4764589158192,0.0,0.0,2543.21198039341,25.69426147377335,9897.976569551602,0.0,0.0
2505,6354.7645891581915,635.4764589158192,0.0,0.0,2543.21198039341,25.69426147377335,9897.976569551602,0.0,0.0
2506,6354.7645891581915,635.4764589158192,0.0,0.0,2543.21198039341,25.69426147377335,9897.976569551602,0.0,0.0
2507,6354.7645891581915,635.4764589158192,0.0,0.0,2543.21198039341,25.69426147377335,9897.976569551602,0.0,0.0
2508,6354.7645891581915,635.4764589158192,0.0,0.0,2543.21198039341,25.69426147377335,9897.976569551602,0.0,0.0
2509,6354.7645891581915,635.4764589158192,0.0,0.0,2543.21198039341,25.69426147377335,9897.976569551602,0.0,0.0
2510,6354.7645891581915,635.4764589158192,0.0,0.0,2543.21198039341,25.69426147377335,9897.976569551602,0.0,0.0
2511,6354.7645891581915,635.4764589158192,0.0,0.0,2543.21198039341,25.69426147377335,9897.976569551602,0.0,0.0
2512,6354.7645891581915,635.4764589158192,0.0,0.0,2543.21198039341,25.69426147377335,9897.976569551602,0.0,0.0
2513,6354.7645891581915,635.4764589158192,0.0,0.0,2543.21198039341,25.69426147377335,9897.976569551602,0.0,0.0
2514,6354.7645891581915,635.4764589158192,0.0,0.0,2543.21198039341,25.69426147377335,9897.976569551602,0.0,0.0
2515,6354.7645891581915,635.4764589158192,0.0,0.0,2543.21198039341,25.69426147377335,9897.976569551602,0.0,0.0
2516,6354.7645891581915,635.4764589158192,0.0,0.0,2543.21198039341,25.69426147377335,9897.976569551602,0.0,0.0
2517,6354.7645891581915,635.4764589158192,0.0,0.0,2543.21198039341,25.69426147377335,9897.976569551602,0.0,0.0
2518,6354.7645891581915,635.4764589158192,0.0,0.0,2543.21198039341,25.69426147377335,9897.976569551602,0.0,0.0
2519,6354.7645891581915,635.4764589158192,0.0,0.0,2543.21198039341,25.69426147377335,9897.976569551602,0.0,0.0
2520,6354.7645891581915,635.4764589158192,0.0,0.0,2543.21198039341,25.69426147377335,9897.976569551602,0.0,0.0
2521,6354.7645891581915,635.4764589158192,0.0,0.0,2543.21198039341,25.69426147377335,9897.976569551602,0.0,0.0
2522,6354.7645891581915,635.4764589158192,0.0,0.0,2543.21198039341,25.69426147377335,9897.976569551602,0.0,0.0
2523,6354.7645891581915,635.4764589158192,0.0,0.0,2543.21198039341,25.69426147377335,9897.976569551602,0.0,0.0
2524,6354.7645891581915,635.4764589158192,0.0,0.0,2543.21198039341,25.69426147377335,9897.976569551602,0.0,0.0
2525,6354.7645891581915,635.4764589158192,0.0,0.0,2543.21198039341,25.69426147377335,9897.976569551602,0.0,0.0
2526,6354.7645891581915,635.4764589158192,0.0,0.0,2543.21198039341,25.69426147377335,9897.976569551602,0.0,0.0
2527,6354.7645891581915,635.4764589158192,0.0,0.0,2543.21198039341,25.69426147377335,9897.976569551602,0.0,0.0
2528,6354.7645891581915,635.4764589158192,0.0,0.0,2543.21198039341,25.69426147377335,9897.976569551602,0.0,0.0
2529,6354.7645891581915,635.4764589158192,0.0,0.0,2543.21198039341,25.69426147377335,9897.976569551602,0.0,0.0
2530,6354.7645891581915,635.4764589158192,0.0,0.0,2543.21198039341,25.69426147377335,9897.976569551602,0.0,0.0
2531,6354.7645891581915,635.4764589158192,0.0,0.0,2543.21198039341,25.69426147377335,9897.976569551602,0.0,0.0
2532,6354.7645891581915,635.4764589158192,0.0,0.0,2543.21198039341,25.69426147377335,9897.976569551602,0.0,0.0
2533,6354.7645891581915,635.4764589158192,0.0,0.0,2543.21198039341,25.69426147377335,9897.976569551602,0.0,0.0
2534,6354.7645891581915,635.4764589158192,0.0,0.0,2543.21198039341,25.69426147377335,9897.976569551602,0.0,0.0
2535,6354.7645891581915,635.4764589158192,0.0,0.0,2543.21198039341,25.69426147377335,9897.976569551602,0.0,0.0
2536,6354.7645891581915,635.4764589158192,0.0,0.0,2543.21198039341,25.69426147377335,9897.976569551602,0.0,0.0
2537,6354.7645891581915,635.4764589158192,0.0,0.0,2543.21198039341,25.69426147377335,9897.976569551602,0.0,0.0
2538,6354.7645891581915,635.4764589158192,0.0,0.0,2543.21198039341,25.69426147377335,9897.976569551602,0.0,0.0
2539,6354.7645891581915,635.4764589158192,0.0,0.0,2543.21198039341,25.69426147377335,9897.976569551602,0.0,0.0
2540,6354.7645891581915,635.4764589158192,0.0,0.0,2543.21198039341,25.69426147377335,9897.976569551602,0.0,0.0
2541,6354.7645891581915,635.4764589158192,0.0,0.0,2543.21198039341,25.69426147377335,9897.976569551602,0.0,0.0
2542,6354.7645891581915,635.4764589158192,0.0,0.0,2543.21198039341,25.69426147377335,9897.976569551602,0.0,0.0
2543,6354.7645891581915,635.4764589158192,0.0,0.0,2543.21198039341,25.69426147377335,9897.976569551602,0.0,0.0
2544,6354.7645891581915,635.4764589158192,0.0,0.0,2543.21198039341,25.69426147377335,9897.976569551602,0.0,0.0
2545,6354.7645891581915,635.4764589158192,0.0,0.0,2543.21198039341,25.69426147377335,9897.976569551602,0.0,0.0
2546,6354.7645891581915,635.4764589158192,0.0,0.0,2543.21198039341,25.69426147377335,9897.976569551602,0.0,0.0
2547,6354.7645891581915,635.4764589158192,0.0,0.0,2543.21198039341,25.69426147377335,9897.976569551602,0.0,0.0
2548,6354.7645891581915,635.4764589158192,0.0,0.0,2543.21198039341,25.69426147377335,9897.976569551602,0.0,0.0
2549,6354.7645891581915,635.4764589158192,0.0,0.0,2543.21198039341,25.69426147377335,9897.976569551602,0.0,0.0
2550,6354.7645891581915,635.4764589158192,0.0,0.0,2543.21198039341,25.69426147377335,9897.976569551602,0.0,0.0
2551,6354.7645891581915,635.4764589158192,0.0,0.0,2543.21198039341,25.69426147377335,9897.976569551602,0.0,0.0
2552,6354.7645891581915,635.4764589158192,0.0,0.0,2543.21198039341,25.69426147377335,9897.976569551602,0.0,0.0
2553,6354.7645891581915,635.4764589158192,0.0,0.0,2543.21198039341,25.69426147377335,9897.976569551602,0.0,0.0
2554,6354.7645891581915,635.4764589158192,0.0,0.0,2543.21198039341,25.69426147377335,9897.976569551602,0.0,0.0
2555,6354.7645891581915,635.4764589158192,0.0,0.0,2543.21198039341,25.69426147377335,9897.976569551602,0.0,0.0
2556,6354.7645891581915,635.4764589158192,0.0,0.0,2543.21198039341,25.69426147377335,9897.976569551602,0.0,0.0
2557,6354.7645891581915,635.4764589158192,0.0,0.0,2543.21198039341,25.69426147377335,9897.976569551602,0.0,0.0
2558,6354.7645891581915,635.4764589158192,0.0,0.0,2543.21198039341,25.69426147377335,9897.976569551602,0.0,0.0
2559,6354.7645891581915,635.4764589158192,0.0,0.0,2543.21198039341,25.69426147377335,9897.976569551602,0.0,0.0
2560,6354.7645891581915,635.4764589158192,0.0,0.0,2543.21198039341,25.69426147377335,9897.976569551602,0.0,0.0
2561,6354.7645891581915,635.4764589158192,0.0,0.0,2543.21198039341,25.69426147377335,9897.976569551602,0.0,0.0
2562,6354.7645891581915,635.4764589158192,0.0,0.0,2543.21198039341,25.69426147377335,9897.976569551602,0.0,0.0
2563,6347.417171986205,634.7417171986204,-7.347417171986308,-0.09990009990009652,2550.5593975653965,25.76849298079256,9897.976569551602,0.0,0.0
2564,6413.577709724132,641.3577709724132,66.16053773792646,0.9004597968137684,2484.39885982747,25.10006810351561,9897.976569551602,66.16053773792646,0.0
2565,6492.255769634056,649.2255769634056,78.67805990992474,1.0612697808067173,2405.7207999175453,24.30517776045341,9897.976569551602,144.8385976478512,0.0
2566,6479.7389295786825,647.9738929578683,-12.516840055373905,-0.16706370471366583,2418.237639972919,24.43163633476322,9897.976569551602,144.8385976478512,0.0
2567,6501.196272228378,650.1196272228378,21.45734264969542,0.2868728822184252,2396.7802973232237,24.21485119187146,9897.976569551602,153.77910024217272,0.0
2568,6367.086686963687,636.7086686963686,-134.1095852646913,-1.787842637329784,2530.889882587915,25.569770395027007,9897.976569551602,153.77910024217272,0.0
2569,6275.891786998387,627.5891786998387,-91.19489996529956,-1.2378692397725155,2622.0847825532146,26.491119312399025,9897.976569551602,153.77910024217272,-71.52538498781814
2570,6300.926149225761,630.0926149225761,25.034362227374004,0.34407276743875226,2597.0504203258406,26.238195272303944,9897.976569551602,153.77910024217272,-71.52538498781814
2571,6197.214409205087,619.7214409205086,-103.71174002067437,-1.4205285452952077,2700.762160346515,27.286002763985778,9897.976569551602,153.77910024217272,-150.2027627811185
2572,6247.281769426585,624.7281769426585,50.06736022149835,0.6956491411102439,2650.6948001250166,26.780168466746517,9897.976569551602,153.77910024217272,-150.2027627811185
2573,6390.332539402221,639.0332539402222,143.05076997563629,1.9738541225085449,2507.6440301493803,25.334915803533587,9897.976569551602,153.77910024217272,-150.2027627811185
2574,6327.747657008725,632.7747657008724,-62.58488239349663,-0.8468479876895918,2570.228912542877,25.9672155665581,9897.976569551602,153.77910024217272,-150.2027627811185
2575,6299.137639436922,629.9137639436922,-28.610017571802928,-0.39043399023761527,2598.83893011468,26.2562647209056,9897.976569551602,153.77910024217272,-150.2027627811185
2576,6374.239361885793,637.4239361885793,75.10172244887144,1.0289122655134042,2523.7372076658085,25.497506383571274,9897.976569551602,153.77910024217272,-150.2027627811185
2577,6520.865787205859,652.086578720586,146.62642532006612,1.9883599938173013,2377.1107823457423,24.01612860610591,9897.976569551602,173.44861521965413,-150.2027627811185
2578,6606.695839921266,660.6695839921266,85.83005271540696,1.1412256932096465,2291.2807296303354,23.148981143063416,9897.976569551602,259.2786679350611,-150.2027627811185
2579,6706.830560364263,670.6830560364263,100.1347204429967,1.3164023190919805,2191.1460091873387,22.137312548584887,9897.976569551602,359.4133883780578,-150.2027627811185
2580,6565.568982294089,656.556898229409,-141.26157807017353,-1.8329399740104946,2332.407587257512,23.56448887172073,9897.976569551602,359.4133883780578,-150.2027627811185
2581,6560.204135044198,656.0204135044198,-5.364847249891682,-0.07091135197427878,2337.772434507404,23.618690326050242,9897.976569551602,359.4133883780578,-150.2027627811185
2582,6728.288585130583,672.8288585130583,168.084450086385,2.223279253892829,2169.687984421019,21.920520514217685,9897.976569551602,380.8714131443776,-150.2027627811185
2583,6844.516483090008,684.4516483090008,116.22789795942481,1.5039280259674825,2053.460086461594,20.746261339701473,9897.976569551602,497.0993111038024,-150.2027627811185
2584,6823.059140440311,682.3059140440312,-21.45734264969633,-0.2735330175664852,2074.9174291112904,20.963046482593242,9897.976569551602,497.0993111038024,-150.2027627811185
2585,6803.389625462831,680.3389625462831,-19.669514977480503,-0.25142996651784655,2094.586944088771,21.161769068358787,9897.976569551602,497.0993111038024,-150.2027627811185
2586,6640.6700226263365,664.0670022626337,-162.71960283649423,-2.0852425759381843,2257.306546925265,22.805737425861835,9897.976569551602,497.0993111038024,-150.2027627811185
2587,6758.6864303746,675.86864303746,118.01640774826319,1.544581920155963,2139.290139177002,21.613408802743976,9897.976569551602,497.0993111038024,-150.2027627811185
2588,6674.644205331407,667.4644205331407,-84.04222504319296,-1.0832017223195822,2223.332364220195,22.462493708660258,9897.976569551602,497.0993111038024,-150.2027627811185
2589,6608.483667593481,660.8483667593481,-66.16053773792555,-0.862066513675841,2289.4929019581205,23.130918585937195,9897.976569551602,497.0993111038024,-150.2027627811185
2590,6501.196272228378,650.1196272228378,-107.2873953651033,-1.4101021971311911,2396.7802973232237,24.21485119187146,9897.976569551602,497.0993111038024,-150.2027627811185
2591,6469.009917195522,646.9009917195522,-32.18635503285623,-0.4290829604341795,2428.96665235608,24.540032351946827,9897.976569551602,497.0993111038024,-150.2027627811185
2592,6495.831424978486,649.5831424978486,26.821507782964545,0.3591039251563233,2402.1451445731154,24.269052646200976,9897.976569551602,497.0993111038024,-150.2027627811185
2593,6406.425034802025,640.6425034802024,-89.40639017646117,-1.1927481437019827,2491.5515347495766,25.17233211497134,9897.976569551602,497.0993111038024,-150.2027627811185
2594,6469.009917195522,646.9009917195522,62.58488239349663,0.8450079775251362,2428.96665235608,24.540032351946827,9897.976569551602,497.0993111038024,-150.2027627811185
2595,6492.255769634056,649.2255769634056,23.245852438534712,0.3112307079016885,2405.7207999175453,24.30517776045341,9897.976569551602,497.0993111038024,-150.2027627811185
2596,6737.229087724904,673.7229087724904,244.9733180908479,3.2696870691964364,2160.7474818266974,21.830193945635735,9897.976569551602,497.0993111038024,-150.2027627811185
2597,6874.915010450649,687.4915010450649,137.6859227257446,1.7795249586726403,2023.0615591009528,20.439142736752324,9897.976569551602,527.4978384644437,-150.2027627811185
2598,6903.525028022451,690.3525028022451,28.610017571802018,0.36330573134863986,1994.4515415291507,20.15009358240483,9897.976569551602,556.1078560362457,-150.2027627811185
2599,6937.499210727521,693.7499210727522,33.974182705070234,0.42986113898055844,1960.4773588240805,19.80684986520325,9897.976569551602,590.082038741316,-150.2027627811185
2600,6846.304992878846,684.6304992878846,-91.19421784867518,-1.1489036461940882,2051.6715766727557,20.728191891099826,9897.976569551602,590.082038741316,-150.2027627811185
2601,6772.991780218814,677.2991780218814,-73.31321266003215,-0.9343660834822187,2124.984789332788,21.468880779832496,9897.976569551602,590.082038741316,-150.2027627811185
2602,6898.160180772559,689.816018077256,125.16840055374541,1.6102988925355888,1999.8163887790424,20.204295036734344,9897.976569551602,590.082038741316,-150.2027627811185
2603,6772.991780218814,677.2991780218814,-125.16840055374541,-1.5847792104604075,2124.984789332788,21.468880779832496,9897.976569551602,590.082038741316,-150.2027627811185
2604,6765.839105296706,676.5839105296707,-7.152674922107508,-0.09201958685084444,2132.1374642548953,21.541144791288243,9897.976569551602,590.082038741316,-150.2027627811185
2605,6658.551709931604,665.8551709931604,-107.28739536510238,-1.381529979058238,2239.4248596199977,22.625077397222494,9897.976569551602,590.082038741316,-150.2027627811185
2606,6651.399035009497,665.1399035009497,-7.152674922106598,-0.09339461549670025,2246.5775345421043,22.697341408678227,9897.976569551602,590.082038741316,-150.2027627811185
2607,6737.229087724904,673.7229087724904,85.83005271540696,1.1217563261657792,2160.7474818266974,21.830193945635735,9897.976569551602,590.082038741316,-150.2027627811185
2608,6703.254905019834,670.3254905019835,-33.974182705070234,-0.4391001264130834,2194.7216645317676,22.173437662837316,9897.976569551602,590.082038741316,-150.2027627811185
2609,6715.771745075209,671.5771745075209,12.516840055374814,0.16248767838669131,2182.204824476393,22.046979088527497,9897.976569551602,590.082038741316,-150.2027627811185
2610,6722.923737880691,672.2923737880692,7.151992805482223,0.09269316202942246,2175.0528316709106,21.974721968547204,9897.976569551602,590.082038741316,-150.2027627811185
2611,6858.821832934221,685.8821832934221,135.8980950535297,1.7596715915625838,2039.1547366173809,20.601733316790003,9897.976569551602,590.082038741316,-150.2027627811185
2612,6873.12650066181,687.3126500661809,14.304667727588821,0.18202051187421464,2024.850068889792,20.457212185353978,9897.976569551602,590.082038741316,-150.2027627811185
2613,6867.762335528542,686.7762335528543,-5.364165133267306,-0.06813259170694863,2030.2142340230594,20.511406748208056,9897.976569551602,590.082038741316,-150.2027627811185
2614,6756.898602702386,675.6898602702386,-110.86373282615659,-1.4090884815562865,2141.077966849216,21.631471359870183,9897.976569551602,590.082038741316,-150.2027627811185
2615,6778.355945352081,677.8355945352081,21.45734264969542,0.27662270384996024,2119.6206241995205,21.414686216978424,9897.976569551602,590.082038741316,-150.2027627811185
2616,6576.297312560625,657.6297312560624,-202.05863279145615,-2.597703604862611,2321.6792569909767,23.45609974601257,9897.976569551602,590.082038741316,-150.2027627811185
2617,6687.161727503406,668.7161727503405,110.86441494278097,1.4633060236295181,2210.8148420481957,22.336028242875,9897.976569551602,590.082038741316,-150.2027627811185
2618,6722.923737880691,672.2923737880692,35.76201037728515,0.46521735388154184,2175.0528316709106,21.974721968547204,9897.976569551602,590.082038741316,-150.2027627811185
2619,6594.178999865892,659.4178999865893,-128.7447380147987,-1.6670466054625188,2303.7975696857093,23.275439717373224,9897.976569551602,590.082038741316,-150.2027627811185
2620,6733.652750263851,673.3652750263851,139.4737503979586,1.8365876074348808,2164.3238192877507,21.866325951363603,9897.976569551602,590.082038741316,-150.2027627811185
2621,6733.652750263851,673.3652750263851,0.0,0.0,2164.3238192877507,21.866325951363603,9897.976569551602,590.082038741316,-150.2027627811185
2622,6776.568117679867,677.6568117679867,42.915367416016124,0.5549171756457749,2121.4084518717345,21.43274877410463,9897.976569551602,590.082038741316,-150.2027627811185
2623,6758.6864303746,675.86864303746,-17.881687305267405,-0.2299431707492361,2139.290139177002,21.613408802743976,9897.976569551602,590.082038741316,-150.2027627811185
2624,6865.974507856327,686.5974507856328,107.28807748172767,1.3828123928517622,2032.0020616952743,20.52946930533427,9897.976569551602,590.082038741316,-150.2027627811185
2625,6787.296447946403,678.7296447946402,-78.67805990992474,-1.000232836139292,2110.680121605199,21.32435964839647,9897.976569551602,590.082038741316,-150.2027627811185
2626,7123.464666002549,712.346466600255,336.16821805614654,4.316879680942387,1774.5119035490525,17.92802691620679,9897.976569551602,776.047494016344,-150.2027627811185
2627,7048.362943553678,704.8362943553677,-75.10172244887144,-0.9245035897451404,1849.613625997924,18.686785253541117,9897.976569551602,776.047494016344,-150.2027627811185
2628,7103.795151025069,710.3795151025067,55.43220747139094,0.6887389132443245,1794.181418526533,18.12674950197233,9897.976569551602,776.047494016344,-150.2027627811185
2629,7034.058275826089,703.4058275826089,-69.73687519897976,-0.8605458788054188,1863.9182937255127,18.831306384977147,9897.976569551602,776.047494016344,-150.2027627811185
2630,7223.600068562169,722.3600068562168,189.54179273608042,2.359228502317423,1674.3765009894323,16.91635143025283,9897.976569551602,876.1828965759642,-150.2027627811185
2631,7153.862511246566,715.3862511246565,-69.73755731560323,-0.8480173735855856,1744.1140583050355,17.620915204733077,9897.976569551602,876.1828965759642,-150.2027627811185
2632,7171.7441985518335,717.1744198551833,17.881687305267405,0.21930327229093827,1726.2323709997681,17.440255176093732,9897.976569551602,876.1828965759642,-150.2027627811185
2633,7148.498346113299,714.8498346113298,-23.245852438534712,-0.28446622745060823,1749.4782234383028,17.675109767587152,9897.976569551602,876.1828965759642,-150.2027627811185
2634,7194.990050990367,719.4990050990368,46.491704877068514,0.5705554925864886,1702.9865185612343,17.205400584600326,9897.976569551602,876.1828965759642,-150.2027627811185
2635,7014.3887608486075,701.4388760848608,-180.60129014175982,-2.203801212912204,1883.5878087029942,19.0300289707427,9897.976569551602,876.1828965759642,-150.2027627811185
2636,7055.515618475784,705.5515618475785,41.12685762717683,0.5131627483319301,1842.4609510758173,18.614521242085385,9897.976569551602,876.1828965759642,-150.2027627811185
2637,6912.465530616772,691.2465530616773,-143.0500878590119,-1.7758029980218581,1985.5110389348292,20.059767013822878,9897.976569551602,876.1828965759642,-150.2027627811185
2638,6908.889193155719,690.8889193155719,-3.576337461053299,-0.045198774607169145,1989.0873763958825,20.095899019550743,9897.976569551602,876.1828965759642,-150.2027627811185
2639,6867.762335528542,686.7762335528543,-41.12685762717683,-0.520008014055473,2030.2142340230594,20.511406748208056,9897.976569551602,876.1828965759642,-150.2027627811185
2640,6812.330128057151,681.2330128057151,-55.43220747139094,-0.7045485756614012,2085.6464414944503,21.071442499776843,9897.976569551602,876.1828965759642,-150.2027627811185
2641,6669.280040198139,666.928004019814,-143.0500878590119,-1.8310809389027627,2228.696529353462,22.516688271514333,9897.976569551602,876.1828965759642,-150.2027627811185
2642,6576.297312560625,657.6297312560624,-92.98272763751447,-1.2124049082853916,2321.6792569909767,23.45609974601257,9897.976569551602,876.1828965759642,-150.2027627811185
2643,6706.830560364263,670.6830560364263,130.533247803638,1.7229161214044275,2191.1460091873387,22.137312548584887,9897.976569551602,876.1828965759642,-150.2027627811185
2644,6495.831424978486,649.5831424978486,-210.99913538577675,-2.7378198305141432,2402.1451445731154,24.269052646200976,9897.976569551602,876.1828965759642,-150.2027627811185
2645,6422.518212318453,642.2518212318453,-73.31321266003306,-0.9780531138377846,2475.4583572331485,25.009741534933656,9897.976569551602,876.1828965759642,-150.2027627811185
2646,6393.659808799088,639.3659808799088,-28.85840351936531,-0.388795321127966,2504.316760752514,25.301300151147604,9897.976569551602,876.1828965759642,-150.2027627811185
2647,6393.659808799088,639.3659808799088,0.0,0.0,2504.316760752514,25.301300151147604,9897.976569551602,0.0,0.0
2648,6393.659808799088,639.3659808799088,0.0,0.0,2504.316760752514,25.301300151147604,9897.976569551602,0.0,0.0
2649,6393.659808799088,639.3659808799088,0.0,0.0,2504.316760752514,25.301300151147604,9897.976569551602,0.0,0.0
2650,6393.659808799088,639.3659808799088,0.0,0.0,2504.316760752514,25.301300151147604,9897.976569551602,0.0,0.0
2651,6393.659808799088,639.3659808799088,0.0,0.0,2504.316760752514,25.301300151147604,9897.976569551602,0.0,0.0
2652,6393.659808799088,639.3659808799088,0.0,0.0,2504.316760752514,25.301300151147604,9897.976569551602,0.0,0.0
2653,6393.659808799088,639.3659808799088,0.0,0.0,2504.316760752514,25.301300151147604,9897.976569551602,0.0,0.0
2654,6393.659808799088,639.3659808799088,0.0,0.0,2504.316760752514,25.301300151147604,9897.976569551602,0.0,0.0
2655,6393.659808799088,639.3659808799088,0.0,0.0,2504.316760752514,25.301300151147604,9897.976569551602,0.0,0.0
2656,6393.659808799088,639.3659808799088,0.0,0.0,2504.316760752514,25.301300151147604,9897.976569551602,0.0,0.0
2657,6393.659808799088,639.3659808799088,0.0,0.0,2504.316760752514,25.301300151147604,9897.976569551602,0.0,0.0
2658,6393.659808799088,639.3659808799088,0.0,0.0,2504.316760752514,25.301300151147604,9897.976569551602,0.0,0.0
2659,6393.659808799088,639.3659808799088,0.0,0.0,2504.316760752514,25.301300151147604,9897.976569551602,0.0,0.0
2660,6393.659808799088,639.3659808799088,0.0,0.0,2504.316760752514,25.301300151147604,9897.976569551602,0.0,0.0
2661,6393.659808799088,639.3659808799088,0.0,0.0,2504.316760752514,25.301300151147604,9897.976569551602,0.0,0.0
2662,6393.659808799088,639.3659808799088,0.0,0.0,2504.316760752514,25.301300151147604,9897.976569551602,0.0,0.0
2663,6393.659808799088,639.3659808799088,0.0,0.0,2504.316760752514,25.301300151147604,9897.976569551602,0.0,0.0
2664,6393.659808799088,639.3659808799088,0.0,0.0,2504.316760752514,25.301300151147604,9897.976569551602,0.0,0.0
2665,6393.659808799088,639.3659808799088,0.0,0.0,2504.316760752514,25.301300151147604,9897.976569551602,0.0,0.0
2666,6393.659808799088,639.3659808799088,0.0,0.0,2504.316760752514,25.301300151147604,9897.976569551602,0.0,0.0
2667,6393.659808799088,639.3659808799088,0.0,0.0,2504.316760752514,25.301300151147604,9897.976569551602,0.0,0.0
2668,6393.659808799088,639.3659808799088,0.0,0.0,2504.316760752514,25.301300151147604,9897.976569551602,0.0,0.0
2669,6393.659808799088,639.3659808799088,0.0,0.0,2504.316760752514,25.301300151147604,9897.976569551602,0.0,0.0
2670,6393.659808799088,639.3659808799088,0.0,0.0,2504.316760752514,25.301300151147604,9897.976569551602,0.0,0.0
2671,6386.273535263825,638.6273535263824,-7.386273535263172,-0.09990009990009652,2511.703034287777,25.375924226920677,9897.976569551602,0.0,0.0
2672,6363.056791540031,636.305679154003,-23.216743723794025,-0.31432282615789786,2534.919778011571,25.61048473088483,9897.976569551602,0.0,-23.216743723794025
2673,6376.323231121275,637.6323231121276,13.266439581244413,0.18017570632467006,2521.6533384303266,25.4764528963172,9897.976569551602,0.0,-23.216743723794025
2674,6419.440583130167,641.9440583130167,43.11735200889234,0.5845371827928769,2478.5359864214342,25.040835053560013,9897.976569551602,33.16704786634273,-23.216743723794025
2675,6429.390254663896,642.9390254663896,9.949671533728178,0.13410271869218615,2468.586314887706,24.940312775457883,9897.976569551602,43.116719400070906,-23.216743723794025
2676,6316.622671483622,631.6622671483623,-112.7675831802735,-1.517857849902049,2581.3538980679796,26.07961213010752,9897.976569551602,43.116719400070906,-69.6508637802026
2677,6232.047300402827,623.2047300402828,-84.57537108079487,-1.1559345736172122,2665.9292691487744,26.934083450447556,9897.976569551602,43.116719400070906,-154.22623486099747
2678,6303.356231902378,630.3356231902377,71.30893149955045,0.9860130684651081,2594.620337649224,26.21364396467515,9897.976569551602,43.116719400070906,-154.22623486099747
2679,6147.471296713212,614.7471296713212,-155.88493518916584,-2.1344287508287207,2750.50527283839,27.78856116208197,9897.976569551602,43.116719400070906,-238.80223855061286
2680,6018.120505904177,601.8120505904177,-129.35079080903506,-1.8097420113952434,2879.856063647425,29.09540190776475,9897.976569551602,43.116719400070906,-368.1530293596479
2681,5923.594830680832,592.3594830680833,-94.52567522334448,-1.3468801959701682,2974.3817388707694,30.050401897501306,9897.976569551602,43.116719400070906,-462.6787045829924
2682,5910.044333291214,591.0044333291213,-13.550497389618613,-0.1957147655372804,2987.932236260388,30.187303589421887,9897.976569551602,43.116719400070906,-476.229201972611
2683,5910.044333291214,591.0044333291213,0.0,0.0,2987.932236260388,30.187303589421887,9897.976569551602,0.0,0.0
2684,5910.044333291214,591.0044333291213,0.0,0.0,2987.932236260388,30.187303589421887,9897.976569551602,0.0,0.0
2685,5910.044333291214,591.0044333291213,0.0,0.0,2987.932236260388,30.187303589421887,9897.976569551602,0.0,0.0
2686,5910.044333291214,591.0044333291213,0.0,0.0,2987.932236260388,30.187303589421887,9897.976569551602,0.0,0.0
2687,5910.044333291214,591.0044333291213,0.0,0.0,2987.932236260388,30.187303589421887,9897.976569551602,0.0,0.0
2688,5910.044333291214,591.0044333291213,0.0,0.0,2987.932236260388,30.187303589421887,9897.976569551602,0.0,0.0
2689,5910.044333291214,591.0044333291213,0.0,0.0,2987.932236260388,30.187303589421887,9897.976569551602,0.0,0.0
2690,5910.044333291214,591.0044333291213,0.0,0.0,2987.932236260388,30.187303589421887,9897.976569551602,0.0,0.0
2691,5910.044333291214,591.0044333291213,0.0,0.0,2987.932236260388,30.187303589421887,9897.976569551602,0.0,0.0
2692,5910.044333291214,591.0044333291213,0.0,0.0,2987.932236260388,30.187303589421887,9897.976569551602,0.0,0.0
2693,5910.044333291214,591.0044333291213,0.0,0.0,2987.932236260388,30.187303589421887,9897.976569551602,0.0,0.0
2694,5910.044333291214,591.0044333291213,0.0,0.0,2987.932236260388,30.187303589421887,9897.976569551602,0.0,0.0
2695,5910.044333291214,591.0044333291213,0.0,0.0,2987.932236260388,30.187303589421887,9897.976569551602,0.0,0.0
2696,5910.044333291214,591.0044333291213,0.0,0.0,2987.932236260388,30.187303589421887,9897.976569551602,0.0,0.0
2697,5910.044333291214,591.0044333291213,0.0,0.0,2987.932236260388,30.187303589421887,9897.976569551602,0.0,0.0
2698,5910.044333291214,591.0044333291213,0.0,0.0,2987.932236260388,30.187303589421887,9897.976569551602,0.0,0.0
2699,5910.044333291214,591.0044333291213,0.0,0.0,2987.932236260388,30.187303589421887,9897.976569551602,0.0,0.0
2700,5910.044333291214,591.0044333291213,0.0,0.0,2987.932236260388,30.187303589421887,9897.976569551602,0.0,0.0
2701,5910.044333291214,591.0044333291213,0.0,0.0,2987.932236260388,30.187303589421887,9897.976569551602,0.0,0.0
2702,5910.044333291214,591.0044333291213,0.0,0.0,2987.932236260388,30.187303589421887,9897.976569551602,0.0,0.0
2703,5910.044333291214,591.0044333291213,0.0,0.0,2987.932236260388,30.187303589421887,9897.976569551602,0.0,0.0
2704,5910.044333291214,591.0044333291213,0.0,0.0,2987.932236260388,30.187303589421887,9897.976569551602,0.0,0.0
2705,5910.044333291214,591.0044333291213,0.0,0.0,2987.932236260388,30.187303589421887,9897.976569551602,0.0,0.0
2706,5910.044333291214,591.0044333291213,0.0,0.0,2987.932236260388,30.187303589421887,9897.976569551602,0.0,0.0
2707,5910.044333291214,591.0044333291213,0.0,0.0,2987.932236260388,30.187303589421887,9897.976569551602,0.0,0.0
2708,5910.044333291214,591.0044333291213,0.0,0.0,2987.932236260388,30.187303589421887,9897.976569551602,0.0,0.0
2709,5910.044333291214,591.0044333291213,0.0,0.0,2987.932236260388,30.187303589421887,9897.976569551602,0.0,0.0
2710,5910.044333291214,591.0044333291213,0.0,0.0,2987.932236260388,30.187303589421887,9897.976569551602,0.0,0.0
2711,5910.044333291214,591.0044333291213,0.0,0.0,2987.932236260388,30.187303589421887,9897.976569551602,0.0,0.0
2712,5910.044333291214,591.0044333291213,0.0,0.0,2987.932236260388,30.187303589421887,9897.976569551602,0.0,0.0
2713,5910.044333291214,591.0044333291213,0.0,0.0,2987.932236260388,30.187303589421887,9897.976569551602,0.0,0.0
2714,5903.141192099114,590.3141192099114,-6.903141192099611,-0.09990009990010762,2994.8353774524876,30.257046542879014,9897.976569551602,0.0,0.0
2715,5834.237926242372,583.4237926242372,-68.90326585674211,-0.9981436557549239,3063.7386433092297,30.953181408147373,9897.976569551602,0.0,-68.90326585674211
2716,5899.936317958424,589.9936317958425,65.69839171605236,0.9613126207353773,2998.0402515931773,30.289425626807624,9897.976569551602,0.0,-68.90326585674211
2717,5847.056811537893,584.7056811537893,-52.87950642053147,-0.7663767313750736,3050.919758013709,30.82367124811169,9897.976569551602,0.0,-68.90326585674211
2718,5730.081656105275,573.0081656105275,-116.97515543261761,-1.7084005383963596,3167.8949134463264,32.00548002095178,9897.976569551602,0.0,-173.05953599383884
2719,5806.996801680123,580.6996801680123,76.91514557484788,1.1428560529436194,3090.9797678714785,31.22840053370127,9897.976569551602,0.0,-173.05953599383884
2720,5850.2616856785835,585.0261685678583,43.26488399846039,0.6355943047862356,3047.714883873018,30.791292164183066,9897.976569551602,0.0,-173.05953599383884
2721,5792.575173680637,579.2575173680638,-57.68651199794658,-0.8421066908808506,3105.4013958709647,31.37410332354066,9897.976569551602,0.0,-173.05953599383884
2722,6066.585494403643,606.6585494403643,274.01032072300586,4.033968174319513,2831.391075147959,28.60575649227089,9897.976569551602,163.44430230452872,-173.05953599383884
2723,6005.694719532246,600.5694719532246,-60.89077487139639,-0.8616718062721906,2892.2818500193553,29.220940559878304,9897.976569551602,163.44430230452872,-173.05953599383884
2724,6116.260126683484,611.6260126683484,110.5654071512372,1.578221883448272,2781.716442868118,28.10388995489545,9897.976569551602,213.11893458436953,-173.05953599383884
2725,6137.091502964351,613.709150296435,20.831376280867516,0.29272926944809985,2760.8850665872505,27.89342899719881,9897.976569551602,233.95031086523704,-173.05953599383884
2726,6064.983362966917,606.4983362966917,-72.10813999743368,-1.010329487403716,2832.9932065846842,28.621942946395805,9897.976569551602,233.95031086523704,-173.05953599383884
2727,6053.766609108121,605.3766609108121,-11.216753858796437,-0.15876546741202535,2844.2099604434807,28.735266652306585,9897.976569551602,233.95031086523704,-173.05953599383884
2728,6194.778014962297,619.4778014962296,141.0114058541758,1.999093727769452,2703.198554589305,27.310617837841228,9897.976569551602,291.6368228631827,-173.05953599383884
2729,6084.21199654382,608.421199654382,-110.56601841847714,-1.5367537148268329,2813.764573007782,28.427674618502873,9897.976569551602,291.6368228631827,-173.05953599383884
2730,6048.959603530706,604.8959603530707,-35.25239301311376,-0.4976191145933062,2849.016966020896,28.783832190360116,9897.976569551602,291.6368228631827,-173.05953599383884
2731,6082.609865107094,608.2609865107094,33.6502615763884,0.4773791235735514,2815.3667044445074,28.44386107262779,9897.976569551602,291.6368228631827,-173.05953599383884
2732,6092.223876261925,609.2223876261925,9.614011154831132,0.1357410804482484,2805.7526932896762,28.34672999652072,9897.976569551602,291.6368228631827,-173.05953599383884
2733,6137.091502964351,613.709150296435,44.867626702425696,0.6326312801912648,2760.8850665872505,27.89342899719881,9897.976569551602,291.6368228631827,-173.05953599383884
2734,6247.656910115588,624.7656910115588,110.5654071512372,1.5491661709158944,2650.3196594360134,26.77637839221596,9897.976569551602,344.51571801647424,-173.05953599383884
2735,6255.668789833694,625.5668789833694,8.011879718105774,0.11054441204196852,2642.3077797179076,26.6954337702338,9897.976569551602,352.52759773458,-173.05953599383884
2736,6250.861784256278,625.0861784256278,-4.807005577416021,-0.06625172284808745,2647.1147852953236,26.743999308287343,9897.976569551602,352.52759773458,-173.05953599383884
2737,6191.573140821607,619.1573140821607,-59.28864343467103,-0.8176771975353825,2706.4034287299946,27.342996921769842,9897.976569551602,352.52759773458,-173.05953599383884
2738,6210.801774398509,621.0801774398509,19.22863357690221,0.2673772928450724,2687.1747951530924,27.148728593876907,9897.976569551602,352.52759773458,-173.05953599383884
2739,6212.403905835234,621.2403905835233,1.6021314367244486,0.022218492296000036,2685.572663716368,27.132542139752005,9897.976569551602,352.52759773458,-173.05953599383884
2740,6234.8380248200665,623.4838024820067,22.43411898483282,0.31104912145425434,2663.138544731535,26.90588855225165,9897.976569551602,352.52759773458,-173.05953599383884
2741,6313.355301831641,631.3355301831641,78.51727701157415,1.0852665497445901,2584.621267719961,26.112622610876212,9897.976569551602,410.2141097325266,-173.05953599383884
2742,6290.921794114048,629.0921794114047,-22.433507717592875,-0.306747133042673,2607.054775437554,26.339270022697768,9897.976569551602,410.2141097325266,-173.05953599383884
2743,6250.861784256278,625.0861784256278,-40.06000985776973,-0.5494505494505475,2647.1147852953236,26.743999308287343,9897.976569551602,410.2141097325266,-173.05953599383884
2744,6326.1747983944015,632.6174798394401,75.31301413812344,1.0386767308356415,2571.8017711572,25.98310627516173,9897.976569551602,423.0336062952874,-173.05953599383884
2745,6252.463915693003,625.2463915693004,-73.71088270139808,-1.006130548749018,2645.5126538585982,26.727812854162426,9897.976569551602,423.0336062952874,-173.05953599383884
2746,6236.440156256792,623.6440156256791,-16.02375943621155,-0.2209422842013642,2661.53641329481,26.88970209812674,9897.976569551602,423.0336062952874,-173.05953599383884
2747,6319.765050113021,631.976505011302,83.32489385622921,1.151462487866839,2578.2115194385806,26.04786444301897,9897.976569551602,423.0336062952874,-173.05953599383884
2748,6390.2704474064885,639.0270447406489,70.50539729346747,0.9632194040487541,2507.706122145113,25.33554312362569,9897.976569551602,487.1292553073745,-173.05953599383884
2749,6387.065573265799,638.7065573265799,-3.2048741406897534,-0.04336612798540029,2510.910996285803,25.36792220755431,9897.976569551602,487.1292553073745,-173.05953599383884
2750,6441.547211123055,644.1547211123055,54.48163785725592,0.7375274703723678,2456.429358428547,24.81749013212534,9897.976569551602,538.4060190239406,-173.05953599383884
2751,6467.185592981337,646.7185592981338,25.638381858282628,0.3445302587069543,2430.7909765702643,24.558463636375166,9897.976569551602,564.0444008822233,-173.05953599383884
2752,6779.653792125388,677.9653792125387,312.46819914405023,4.184551130452019,2118.322777426214,21.40157397364074,9897.976569551602,876.5126000262735,-173.05953599383884
2753,6835.738172686609,683.573817268661,56.084380561221224,0.7209110078650216,2062.238396864993,20.834949268408064,9897.976569551602,932.5969805874947,-173.05953599383884
2754,6954.315459555953,695.4315459555953,118.57728686934388,1.5132880177476382,1943.661109995649,19.636954041443047,9897.976569551602,1051.1742674568386,-173.05953599383884
2755,6920.665197979563,692.0665197979563,-33.65026157638931,-0.423044091568725,1977.3113715720383,19.976925159175384,9897.976569551602,1051.1742674568386,-173.05953599383884
2756,6967.1349561187135,696.7134956118714,46.469758139150144,0.5866900945517006,1930.8416134328882,19.507437705728567,9897.976569551602,1063.9937640195994,-173.05953599383884
2757,6979.953841414235,697.9953841414235,12.818885295521795,0.16089705227946283,1918.0227281373664,19.377927545692874,9897.976569551602,1076.8126493151212,-173.05953599383884
2758,6824.521418827813,682.4521418827813,-155.43242258642204,-1.9477859856752766,2073.4551507237884,20.948272974318833,9897.976569551602,1076.8126493151212,-173.05953599383884
2759,6874.195439840413,687.4195439840413,49.67402101259995,0.6348505979301367,2023.7811297111884,20.446412612622197,9897.976569551602,1076.8126493151212,-173.05953599383884
2760,6923.870072120254,692.3870072120254,49.67463227984081,0.6308534333362648,1974.1064974313476,19.94454607524676,9897.976569551602,1076.8126493151212,-173.05953599383884
2761,6957.520333696642,695.7520333696642,33.6502615763884,0.4246695272652756,1940.4562358549592,19.60457495751443,9897.976569551602,1076.8126493151212,-173.05953599383884
2762,7095.326865410128,709.5326865410127,137.80653171348604,1.731777311707705,1802.6497041414732,18.212305226977687,9897.976569551602,1192.1856733110144,-173.05953599383884
2763,7153.013377408075,715.3013377408074,57.68651199794658,0.7125902753158719,1744.9631921435266,17.629494067620094,9897.976569551602,1249.872185308961,-173.05953599383884
2764,7191.4706445618785,719.1470644561879,38.457267153803514,0.4716939047391788,1706.505924989723,17.240957411834238,9897.976569551602,1288.3294524627645,-173.05953599383884
2765,7233.1333971236145,723.3133397123614,41.66275256173594,0.5086113882297072,1664.8431724279872,16.820035496440944,9897.976569551602,1329.9922050245004,-173.05953599383884
2766,7108.145750705649,710.814575070565,-124.98764641796515,-1.518105445268647,1789.8308188459523,18.082795066942005,9897.976569551602,1329.9922050245004,-173.05953599383884
2767,7178.651759266358,717.8651759266356,70.50600856070832,0.8695700685273478,1719.324810285244,17.370467571869924,9897.976569551602,1329.9922050245004,-173.05953599383884
2768,7164.230131266871,716.4230131266871,-14.4216279994871,-0.1763325841957708,1733.746438284731,17.516170361709328,9897.976569551602,1329.9922050245004,-173.05953599383884
2769,7153.013377408075,715.3013377408074,-11.216753858795528,-0.13738899661632775,1744.9631921435266,17.629494067620094,9897.976569551602,1329.9922050245004,-173.05953599383884
2770,7149.808503267384,714.9808503267384,-3.204874140690663,-0.039309074968174595,1748.1680662842173,17.66187315154872,9897.976569551602,1329.9922050245004,-173.05953599383884
2771,7130.579869690482,713.0579869690482,-19.22863357690221,-0.23593969808238802,1767.3966998611195,17.856141479441654,9897.976569551602,1329.9922050245004,-173.05953599383884
2772,7120.965247268411,712.0965247268412,-9.61462242207108,-0.11825260407209992,1777.0113222831906,17.953278731227513,9897.976569551602,1329.9922050245004,-173.05953599383884
2773,7183.458764843773,718.3458764843772,62.49351757536169,0.7695331241120984,1714.5178047078289,17.321902033816393,9897.976569551602,1329.9922050245004,-173.05953599383884
2774,7087.314985692023,708.7314985692024,-96.1437791517501,-1.1748550571890837,1810.661583859579,18.293249848959842,9897.976569551602,1329.9922050245004,-173.05953599383884
2775,6920.665197979563,692.0665197979563,-166.64978771245933,-2.0606318414367886,1977.3113715720383,19.976925159175384,9897.976569551602,1329.9922050245004,-173.05953599383884
2776,6920.665197979563,692.0665197979563,0.0,0.0,1977.3113715720383,19.976925159175384,9897.976569551602,1329.9922050245004,-173.05953599383884
2777,6960.725207837333,696.0725207837334,40.06000985776973,0.5057657261916315,1937.2513617142686,19.572195873585805,9897.976569551602,1329.9922050245004,-173.05953599383884
2778,7018.41171983528,701.8411719835279,57.68651199794658,0.7246389052740332,1879.564849716322,18.989384714228212,9897.976569551602,1329.9922050245004,-173.05953599383884
2779,6914.255449698183,691.4255449698182,-104.15627013709673,-1.2989638568875583,1983.7211198534187,20.041683327032622,9897.976569551602,1329.9922050245004,-173.05953599383884
2780,7130.579869690482,713.0579869690482,216.32441999229923,2.733351499294212,1767.3966998611195,17.856141479441654,9897.976569551602,1329.9922050245004,-173.05953599383884
2781,6983.158715554925,698.3158715554925,-147.42115413555712,-1.813169005142179,1914.8178539966766,19.34554846176426,9897.976569551602,1329.9922050245004,-173.05953599383884
2782,7169.037136844287,716.9037136844287,185.87842128936154,2.3283818838172765,1728.939432707315,17.467604823655787,9897.976569551602,1329.9922050245004,-173.05953599383884
2783,7100.133870987544,710.0133870987543,-68.90326585674302,-0.843468632869504,1797.842698564058,18.163739688924156,9897.976569551602,1329.9922050245004,-173.05953599383884
2784,7071.29061498857,707.129061498857,-28.84325599897329,-0.35608369513844274,1826.6859545630314,18.455145268602955,9897.976569551602,1329.9922050245004,-173.05953599383884
2785,7026.423599553385,702.6423599553386,-44.86701543518484,-0.5558840286566502,1871.5529699982162,18.90844009224606,9897.976569551602,1329.9922050245004,-173.05953599383884
2786,6914.255449698183,691.4255449698182,-112.1681498552025,-1.397486046730001,1983.7211198534187,20.041683327032622,9897.976569551602,1329.9922050245004,-173.05953599383884
2787,6901.436564402661,690.1436564402661,-12.818885295521795,-0.16197209424180237,1996.5400051489405,20.171193487068315,9897.976569551602,1329.9922050245004,-173.05953599383884
2788,6971.9419616961295,697.194196169613,70.50539729346838,0.8923111223990254,1926.0346078554721,19.45887216767503,9897.976569551602,1329.9922050245004,-173.05953599383884
2789,7021.61659397597,702.1616593975971,49.67463227984081,0.6231183382733985,1876.3599755756313,18.95700563029959,9897.976569551602,1329.9922050245004,-173.05953599383884
2790,7008.797097413209,700.879709741321,-12.819496562761742,-0.15981188345985942,1889.179472138393,19.08652196601408,9897.976569551602,1329.9922050245004,-173.05953599383884
2791,6968.737087555439,696.8737087555438,-40.06000985776973,-0.5002000846133114,1929.2394819961628,19.491251251603654,9897.976569551602,1329.9922050245004,-173.05953599383884
2792,6931.88195183836,693.188195183836,-36.855135717079065,-0.46249657018594403,1966.0946177132419,19.863601453264604,9897.976569551602,1329.9922050245004,-173.05953599383884
2793,6960.725207837333,696.0725207837334,28.84325599897329,0.36363698015309254,1937.2513617142686,19.572195873585805,9897.976569551602,1329.9922050245004,-173.05953599383884
2794,6859.773811840927,685.9773811840927,-100.95139599640606,-1.2681180842295525,2038.2027577106746,20.592115402461587,9897.976569551602,1329.9922050245004,-173.05953599383884
2795,6832.533298545919,683.2533298545919,-27.240513295007986,-0.34658138958107987,2065.4432710056826,20.867328352336678,9897.976569551602,1329.9922050245004,-173.05953599383884
2796,6834.1354299826435,683.4135429982643,1.6021314367244486,0.020454830840255234,2063.841139568958,20.851141898211768,9897.976569551602,1329.9922050245004,-173.05953599383884
2797,6792.473288688149,679.2473288688149,-41.66214129449418,-0.5318026688056143,2105.5032808634523,21.272057637926252,9897.976569551602,1329.9922050245004,-173.05953599383884
2798,6846.954926545405,684.6954926545405,54.48163785725592,0.6991571974503064,2051.0216430061964,20.721625562497284,9897.976569551602,1329.9922050245004,-173.05953599383884
2799,6832.533298545919,683.2533298545919,-14.42162799948619,-0.18378629843659455,2065.4432710056826,20.867328352336678,9897.976569551602,1329.9922050245004,-173.05953599383884
2800,6887.014936403175,688.7014936403175,54.48163785725592,0.6955813116986009,2010.9616331484267,20.31689627690771,9897.976569551602,1329.9922050245004,-173.05953599383884
2801,6798.88242570229,679.8882425702291,-88.13251070088518,-1.1174381107623144,2099.094143849312,21.207305645747805,9897.976569551602,1329.9922050245004,-173.05953599383884
2802,7100.133870987544,710.0133870987543,301.2514452852538,3.8627514667029406,1797.842698564058,18.163739688924156,9897.976569551602,1329.9922050245004,-173.05953599383884
2803,7194.675518702568,719.4675518702569,94.54164771502474,1.167161545979467,1703.3010508490333,17.208578327905624,9897.976569551602,1329.9922050245004,-173.05953599383884
2804,7316.458290979843,731.6458290979842,121.78277227727449,1.4861207377806718,1581.5182785717589,15.97819784133319,9897.976569551602,1413.3170988807287,-173.05953599383884
2805,7614.504250857166,761.4504250857167,298.0459598773232,3.58380874945996,1283.4723186944357,12.967017144116957,9897.976569551602,1711.363058758052,-173.05953599383884
2806,7766.732410570139,776.6732410570139,152.22815971297314,1.76711456956824,1131.2441589814625,11.429044623740811,9897.976569551602,1863.591218471025,-173.05953599383884
2807,7821.214048427395,782.1214048427395,54.48163785725592,0.6214588891930495,1076.7625211242066,10.878612548311843,9897.976569551602,1918.072856328281,-173.05953599383884
2808,7864.4789324258545,786.4478932425855,43.26488399845948,0.49046405359784995,1033.4976371257471,10.441504178793652,9897.976569551602,1961.3377403267405,-173.05953599383884
2809,7805.1902889911835,780.5190288991182,-59.28864343467103,-0.6688339369592899,1092.7862805604182,11.040501792276151,9897.976569551602,1961.3377403267405,-173.05953599383884
2810,7806.792420427908,780.6792420427907,1.6021314367244486,0.018195307360113766,1091.1841491236937,11.024315338151245,9897.976569551602,1961.3377403267405,-173.05953599383884
2811,7793.973535132387,779.3973535132387,-12.818885295520886,-0.1455568007460495,1104.0030344192146,11.153825498186931,9897.976569551602,1961.3377403267405,-173.05953599383884
2812,7808.395163131872,780.8395163131871,14.421627999485281,0.16399444394357143,1089.5814064197293,11.008122708347546,9897.976569551602,1961.3377403267405,-173.05953599383884
2813,8067.983855855393,806.7983855855393,259.5886927235206,2.94706002530456,829.9927136962087,8.385478666917162,9897.976569551602,2164.842663756279,-173.05953599383884
2814,8013.502217998135,801.3502217998135,-54.48163785725774,-0.6008131324812371,884.4743515534665,8.935910742346149,9897.976569551602,2164.842663756279,-173.05953599383884
2815,7984.658961999163,798.4658961999163,-28.84325599897238,-0.3200005425347152,913.3176075524389,9.227316322024937,9897.976569551602,2164.842663756279,-173.05953599383884
2816,7981.454087858472,798.1454087858472,-3.204874140690663,-0.0356705151998038,916.5224816931295,9.259695405953561,9897.976569551602,2164.842663756279,-173.05953599383884
2817,7989.465967576578,798.9465967576577,8.011879718105774,0.08920470605018327,908.5106019750237,9.178750783971406,9897.976569551602,2164.842663756279,-173.05953599383884
2818,8084.007615291604,808.4007615291604,94.54164771502656,1.0516937052325703,813.9689542599972,8.223589422952854,9897.976569551602,2180.8664231924904,-173.05953599383884
2819,8090.417363572984,809.0417363572984,6.409748281379507,0.07056079819429684,807.5592059786177,8.158831255095624,9897.976569551602,2187.27617147387,-173.05953599383884
2820,8015.104349434861,801.5104349434861,-75.31301413812253,-0.8284879684393398,882.8722201167402,8.919724288221225,9897.976569551602,2187.27617147387,-173.05953599383884
2821,8053.562227855906,805.3562227855906,38.45787842104437,0.42659382443481775,844.4143416956958,8.531181456756565,9897.976569551602,2187.27617147387,-173.05953599383884
2822,8058.369233433321,805.8369233433322,4.8070055774151115,0.053095184596241296,839.6073361182807,8.482615918703035,9897.976569551602,2187.27617147387,-173.05953599383884
2823,8011.900086561411,801.1900086561411,-46.4691468719102,-0.512996828395984,886.0764829901909,8.952097196471055,9897.976569551602,2187.27617147387,-173.05953599383884
2824,8037.538468419694,803.7538468419693,25.638381858283537,0.28449474153087184,860.4381011319074,8.693070700720874,9897.976569551602,2187.27617147387,-173.05953599383884
2825,8007.092469716756,800.7092469716756,-30.445998702938596,-0.3368837522443435,890.884099834846,9.00066891020338,9897.976569551602,2187.27617147387,-173.05953599383884
2826,8019.9119662795165,801.9911966279517,12.819496562760833,0.1423266898376241,878.0646032720852,8.871152574488901,9897.976569551602,2187.27617147387,-173.05953599383884
2827,8080.802741150914,808.0802741150914,60.8907748713973,0.6750706115429272,817.1738284006879,8.255968506881478,9897.976569551602,2187.27617147387,-173.05953599383884
2828,8205.790387568877,820.5790387568877,124.98764641796333,1.3763942459796397,692.1861819827245,6.993208936380438,9897.976569551602,2302.649195469763,-173.05953599383884
2829,8300.332035283904,830.0332035283903,94.54164771502656,1.0269802345564072,597.644534267698,6.038047575361885,9897.976569551602,2397.1908431847896,-173.05953599383884
2830,8293.922287002522,829.3922287002522,-6.409748281381326,-0.06891956391518184,604.0542825490793,6.102805743219133,9897.976569551602,2397.1908431847896,-173.05953599383884
2831,8358.01854728185,835.8018547281849,64.09626027932791,0.6896578032395073,539.9580222697514,5.4552364160042925,9897.976569551602,2454.877355182736,-173.05953599383884
2832,8341.994176578399,834.19941765784,-16.024370703451496,-0.17123679144775972,555.9823929732029,5.6171318356473945,9897.976569551602,2454.877355182736,-173.05953599383884
2833,7997.478458561924,799.7478458561924,-344.51571801647515,-3.6878177346783336,900.498110989678,9.09779998631046,9897.976569551602,2454.877355182736,-173.05953599383884
2834,7978.2492137177815,797.8249213717781,-19.22924484414216,-0.21371815373276704,919.7273558338202,9.292074489882186,9897.976569551602,2454.877355182736,-173.05953599383884
2835,7984.658961999163,798.4658961999163,6.409748281381326,0.07139196216103816,913.3176075524389,9.227316322024937,9897.976569551602,2454.877355182736,-173.05953599383884
2836,7646.552380996829,764.6552380996828,-338.10658100233377,-3.7631543103902265,1251.4241885547726,12.643232480509544,9897.976569551602,2454.877355182736,-173.05953599383884
2837,7691.420007699255,769.1420007699255,44.867626702425696,0.5189077070883785,1206.556561852347,12.189931481187639,9897.976569551602,2454.877355182736,-173.05953599383884
2838,7901.334068142933,790.1334068142934,209.91406044367795,2.4151871645568423,996.642501408669,10.06915397713271,9897.976569551602,2454.877355182736,-173.05953599383884
2839,7816.407042849978,781.6407042849978,-84.92702529295457,-0.9540932251593692,1081.5695267016235,10.927178086365391,9897.976569551602,2454.877355182736,-173.05953599383884
2840,7725.070269275644,772.5070269275644,-91.33677357433407,-1.0359863505667755,1172.9063002759576,11.8499603634553,9897.976569551602,2454.877355182736,-173.05953599383884
2841,7757.118399415307,775.7118399415307,32.048130139663044,0.3673108542462611,1140.8581701362946,11.52617569984789,9897.976569551602,2454.877355182736,-173.05953599383884
2842,7604.890239702336,760.4890239702336,-152.22815971297132,-1.7383362056990759,1293.086329849266,13.064148220224018,9897.976569551602,2454.877355182736,-173.05953599383884
2843,7652.96212927821,765.296212927821,48.07188957587459,0.5586577891961264,1245.0144402733913,12.578474312652299,9897.976569551602,2454.877355182736,-173.05953599383884
2844,7733.08214899375,773.308214899375,80.12001971553946,0.92592592592593,1164.8944205578518,11.769015741473147,9897.976569551602,2454.877355182736,-173.05953599383884
2845,8160.922760866453,816.0922760866454,427.84061187270345,4.899079209073975,737.0538086851484,7.446509935702328,9897.976569551602,2454.877355182736,-173.05953599383884
2846,7938.189203860013,793.8189203860013,-222.7335570064406,-2.43134412133581,959.787365691589,9.69680377547175,9897.976569551602,2454.877355182736,-173.05953599383884
2847,7991.068710280544,799.1068710280545,52.87950642053147,0.5916131916036793,906.9078592710575,9.162558154167687,9897.976569551602,2454.877355182736,-173.05953599383884
2848,7994.273584421235,799.4273584421235,3.204874140690663,0.03564508562843294,903.7029851303669,9.130179070239064,9897.976569551602,2454.877355182736,-173.05953599383884
2849,7989.465967576578,798.9465967576577,-4.807616844656877,-0.053451974742957375,908.5106019750237,9.178750783971406,9897.976569551602,2454.877355182736,-173.05953599383884
2850,8101.63411743178,810.163411743178,112.1681498552025,1.2477732299090105,796.3424521198212,8.045507549184846,9897.976569551602,2454.877355182736,-173.05953599383884
2851,8167.332509147833,816.7332509147833,65.69839171605236,0.721830726970496,730.6440604037689,7.381751767845097,9897.976569551602,2454.877355182736,-173.05953599383884
2852,8237.838517708542,823.7838517708543,70.50600856070923,0.7691005915881455,660.1380518430597,6.669424272773009,9897.976569551602,2454.877355182736,-173.05953599383884
2853,8253.862277144754,825.3862277144754,16.02375943621155,0.17345788633882364,644.1142924068481,6.507535028808699,9897.976569551602,2454.877355182736,-173.05953599383884
2854,8332.380165423567,833.2380165423567,78.51788827881319,0.8484877549208569,565.5964041280349,5.714262911754473,9897.976569551602,2454.877355182736,-173.05953599383884
2855,8292.320155565798,829.2320155565799,-40.06000985776882,-0.42925822938708613,605.6564139858037,6.11899219734404,9897.976569551602,2454.877355182736,-173.05953599383884
2856,8333.982296860291,833.3982296860291,41.66214129449327,0.44835025695426634,563.9942726913105,5.6980764576295675,9897.976569551602,2454.877355182736,-173.05953599383884
2857,8186.561753991975,818.6561753991975,-147.42054286831626,-1.5793959981893813,711.4148155596267,7.1874772642733715,9897.976569551602,2454.877355182736,-173.05953599383884
2858,8162.525503570418,816.2525503570417,-24.03625042155727,-0.26164577200074035,735.451065981184,7.430317305898628,9897.976569551602,2454.877355182736,-173.05953599383884
2859,8293.922287002522,829.3922287002522,131.3967834321047,1.4340673145291971,604.0542825490793,6.102805743219133,9897.976569551602,2454.877355182736,-173.05953599383884
2860,8325.970417142185,832.5970417142186,32.048130139663044,0.34482890161973145,572.0061524094162,5.779021079611722,9897.976569551602,2454.877355182736,-173.05953599383884
2861,8537.48722028983,853.7487220289829,211.51680314764417,2.268040683024819,360.4893492617721,3.6420509457530765,9897.976569551602,2634.3460281907155,-173.05953599383884
2862,8603.185612005882,860.3185612005882,65.69839171605236,0.6888438243596084,294.7909575457197,2.9782951644133298,9897.976569551602,2700.044419906768,-173.05953599383884
2863,8643.245621863653,864.3245621863653,40.06000985777064,0.4171533434456087,254.73094768794908,2.573565878823745,9897.976569551602,2740.1044297645385,-173.05953599383884
2864,8606.390486146573,860.6390486146573,-36.855135717079975,-0.3821860104187391,291.58608340502906,2.9459160804847055,9897.976569551602,2740.1044297645385,-173.05953599383884
2865,8574.34235600691,857.434235600691,-32.048130139663044,-0.3336126111662785,323.6342135446921,3.2697007440921166,9897.976569551602,2740.1044297645385,-173.05953599383884
2866,8569.535350429494,856.9535350429494,-4.8070055774151115,-0.05020716200313524,328.4412191221072,3.3182662821456472,9897.976569551602,2740.1044297645385,-173.05953599383884
2867,8628.823993864165,862.8823993864165,59.28864343467103,0.6195561358369517,269.1525756874362,2.719268668663148,9897.976569551602,2740.1044297645385,-173.05953599383884
2868,8620.81211414606,862.0812114146061,-8.011879718105774,-0.08320725067995083,277.16445540554196,2.8002132906453028,9897.976569551602,2740.1044297645385,-173.05953599383884
2869,8632.028868004856,863.2028868004855,11.216753858796437,0.11658843064095148,265.9477015467455,2.6868895847345238,9897.976569551602,2740.1044297645385,-173.05953599383884
2870,8627.22186242744,862.7221862427439,-4.8070055774169305,-0.04990646979251556,270.75470712416245,2.735455122788073,9897.976569551602,2740.1044297645385,-173.05953599383884
2871,8567.932607725528,856.7932607725528,-59.28925470191098,-0.6158500920530496,330.0439618260734,3.334458911949365,9897.976569551602,2740.1044297645385,-173.05953599383884
2872,8612.800234427954,861.2800234427955,44.867626702425696,0.46893752853356396,285.17633512364773,2.8811579126274576,9897.976569551602,2740.1044297645385,-173.05953599383884
2873,8611.197491723988,861.1197491723989,-1.6027427039662143,-0.016673005418610387,286.77907782761395,2.8973505424311754,9897.976569551602,2740.1044297645385,-173.05953599383884
2874,8601.582869301918,860.1582869301918,-9.61462242207017,-0.1000356347931608,296.3937002496841,2.994487794217029,9897.976569551602,2740.1044297645385,-173.05953599383884
2875,8447.75257815222,844.7752578152221,-153.8302911496976,-1.6021347026178634,450.2239913993817,4.548646768718081,9897.976569551602,2740.1044297645385,-173.05953599383884
2876,8599.980737865191,859.9980737865192,152.22815971297132,1.6112631914704911,297.9958316864104,3.010674248341954,9897.976569551602,2740.1044297645385,-173.05953599383884
2877,8590.366115443121,859.0366115443121,-9.61462242207017,-0.10015251784982748,307.61045410848055,3.107811500127808,9897.976569551602,2740.1044297645385,-173.05953599383884
2878,8591.968858147085,859.1968858147086,1.6027427039643953,0.016712007494512626,306.00771140451616,3.0916188703241083,9897.976569551602,2740.1044297645385,-173.05953599383884
2879,8523.065592290342,852.3065592290342,-68.90326585674302,-0.7183433023577712,374.9109772612592,3.7877537355924797,9897.976569551602,2740.1044297645385,-173.05953599383884
2880,8519.860718149654,851.9860718149653,-3.204874140688844,-0.033653807270672687,378.115851401948,3.8201328195210853,9897.976569551602,2740.1044297645385,-173.05953599383884
2881,8591.968858147085,859.1968858147086,72.10813999743186,0.7574495271759352,306.00771140451616,3.0916188703241083,9897.976569551602,2740.1044297645385,-173.05953599383884
2882,8619.209371442093,861.9209371442092,27.240513295007986,0.2839929288539267,278.7671981095082,2.8164059204490206,9897.976569551602,2740.1044297645385,-173.05953599383884
2883,8632.028868004856,863.2028868004855,12.819496562762652,0.13326975292606846,265.9477015467455,2.6868895847345238,9897.976569551602,2740.1044297645385,-173.05953599383884
2884,8630.42612530089,863.042612530089,-1.6027427039662143,-0.016639720726852048,267.55044425071173,2.7030822145382416,9897.976569551602,2740.1044297645385,-173.05953599383884
2885,8630.42612530089,863.042612530089,0.0,0.0,267.55044425071173,2.7030822145382416,9897.976569551602,2740.1044297645385,-173.05953599383884
2886,8660.872124003829,866.0872124003829,30.445998702938596,0.3161438373215031,237.10444554777314,2.395484005055737,9897.976569551602,2757.7309319047145,-173.05953599383884
2887,8614.402365864678,861.4402365864679,-46.469758139150144,-0.4810099703492554,283.5742036869233,2.864971458502551,9897.976569551602,2757.7309319047145,-173.05953599383884
2888,8664.07699814452,866.4076998144519,49.67463227984081,0.5166689554850334,233.89957140708248,2.3631049211271127,9897.976569551602,2760.935806045405,-173.05953599383884
2889,8696.124517016942,869.6124517016942,32.0475188724231,0.3316148958516729,201.85205253465938,2.0393264331984944,9897.976569551602,2792.983324917828,-173.05953599383884
2890,8689.715380002803,868.9715380002802,-6.40913701413956,-0.06609998667912453,208.26118954879894,2.1040784253769313,9897.976569551602,2792.983324917828,-173.05953599383884
2891,8817.907289294217,881.7907289294217,128.19190929141405,1.3229687794129807,80.06928025738489,0.8089459466260607,9897.976569551602,2914.7660971951027,-173.05953599383884
2892,8795.473781576624,879.5473781576624,-22.433507717592875,-0.22849581949154762,102.50278797497776,1.035593358447618,9897.976569551602,2914.7660971951027,-173.05953599383884
2893,8835.533791434393,883.5533791434393,40.06000985776882,0.40896449473546426,62.442778117208945,0.6308640728580521,9897.976569551602,2932.3925993352786,-173.05953599383884
2894,8793.871038872658,879.3871038872658,-41.66275256173503,-0.42359421913652495,104.10553067894398,1.0517859882513358,9897.976569551602,2932.3925993352786,-173.05953599383884
2895,8726.57051571988,872.6570515719882,-67.3005231527768,-0.6871697910423302,171.40605383172078,1.7317282237159897,9897.976569551602,2932.3925993352786,-173.05953599383884
2896,8616.004497301403,861.6004497301402,-110.56601841847805,-1.1367420638115355,281.97207225019883,2.848785004377645,9897.976569551602,2932.3925993352786,-173.05953599383884
2897,8633.63099944158,863.3630999441581,17.626502140177763,0.1833038050795821,264.3455701100211,2.670703130609618,9897.976569551602,2932.3925993352786,-173.05953599383884
2898,8716.95589329781,871.6955893297811,83.32489385623012,0.8649375698639439,181.02067625379095,1.8288654755018434,9897.976569551602,2932.3925993352786,-173.05953599383884
2899,8705.739139439014,870.5739139439014,-11.216753858796437,-0.11543485410419052,192.2374301125874,1.9421891814126222,9897.976569551602,2932.3925993352786,-173.05953599383884
2900,8675.293752003316,867.5293752003316,-30.44538743569865,-0.31368437785417314,222.68281754828604,2.249781215216334,9897.976569551602,2932.3925993352786,-173.05953599383884
2901,8662.474255440553,866.2474255440553,-12.819496562762652,-0.13249723358640386,235.5023141110487,2.3792975509308305,9897.976569551602,2932.3925993352786,-173.05953599383884
2902,8627.22186242744,862.7221862427439,-35.25239301311376,-0.3648381571962789,270.75470712416245,2.735455122788073,9897.976569551602,2932.3925993352786,-173.05953599383884
2903,8571.137481866219,857.1137481866218,-56.084380561220314,-0.582560383074826,326.83908768538276,3.302079828020741,9897.976569551602,2932.3925993352786,-173.05953599383884
2904,8551.908848289317,855.1908848289318,-19.22863357690221,-0.20090228160793977,346.067721262285,3.496348155913674,9897.976569551602,2932.3925993352786,-173.05953599383884
2905,8774.642405295757,877.4642405295758,222.7335570064406,2.331822471759981,123.33416425584437,1.2460543161442506,9897.976569551602,2932.3925993352786,-173.05953599383884
2906,8652.860244285723,865.2860244285723,-121.78216101003454,-1.2458988877593558,245.1163252658789,2.4764286270378912,9897.976569551602,2932.3925993352786,-173.05953599383884
2907,8662.474255440553,866.2474255440553,9.614011154830223,0.0995975380511771,235.5023141110487,2.3792975509308305,9897.976569551602,2932.3925993352786,-173.05953599383884
2908,8813.100283716802,881.3100283716801,150.6260282762487,1.5588763736310796,84.8762858348,0.8575114846795912,9897.976569551602,2932.3925993352786,-173.05953599383884
2909,8699.329391157633,869.9329391157632,-113.77089255916871,-1.1593776611857565,198.64717839396872,2.00694734926987,9897.976569551602,2932.3925993352786,-173.05953599383884
2910,8776.244536732482,877.6244536732481,76.9151455748488,0.7929944687203649,121.73203281911992,1.2298678620193444,9897.976569551602,2932.3925993352786,-173.05953599383884
2911,8758.618645859544,875.8618645859544,-17.625890872937816,-0.18029306454755423,139.35792369205774,1.4079435601085781,9897.976569551602,2932.3925993352786,-173.05953599383884
2912,8779.449410873172,877.9449410873171,20.83076501362848,0.21346018088805874,118.52715867842926,1.1974887780907202,9897.976569551602,2932.3925993352786,-173.05953599383884
2913,8728.172647156605,872.8172647156605,-51.276763716567075,-0.5243318060376256,169.80392239499633,1.715541769591083,9897.976569551602,2932.3925993352786,-173.05953599383884
2914,8684.907763158146,868.4907763158145,-43.26488399845948,-0.44473803629611064,213.06880639345582,2.152650139109273,9897.976569551602,2932.3925993352786,-173.05953599383884
2915,8593.570989583812,859.3570989583812,-91.33677357433407,-0.943083566802605,304.4055799677899,3.0754324161991837,9897.976569551602,2932.3925993352786,-173.05953599383884
2916,8604.787743442608,860.4787743442608,11.216753858796437,0.11691948567404964,293.18882610899345,2.9621087102884047,9897.976569551602,2932.3925993352786,-173.05953599383884
2917,8474.993702714468,847.4993702714468,-129.79404072814032,-1.351347309228712,422.98286683713377,4.2734276431642,9897.976569551602,2932.3925993352786,-173.05953599383884
2918,8606.390486146573,860.6390486146573,131.3967834321047,1.3867743615962658,291.58608340502906,2.9459160804847055,9897.976569551602,2932.3925993352786,-173.05953599383884
2919,8607.992617583297,860.7992617583297,1.6021314367244486,0.016677767149220202,289.9839519683046,2.929729626359799,9897.976569551602,2932.3925993352786,-173.05953599383884
2920,8614.402365864678,861.4402365864679,6.409748281381326,0.06671266867599446,283.5742036869233,2.864971458502551,9897.976569551602,2932.3925993352786,-173.05953599383884
2921,8627.22186242744,862.7221862427439,12.819496562760833,0.13333638509114287,270.75470712416245,2.735455122788073,9897.976569551602,2932.3925993352786,-173.05953599383884
2922,8511.848838431548,851.1848838431549,-115.37302399589134,-1.198404125765118,386.1277311200538,3.90107744150324,9897.976569551602,2932.3925993352786,-173.05953599383884
2923,8612.800234427954,861.2800234427955,100.95139599640606,1.0613225431897355,285.17633512364773,2.8811579126274576,9897.976569551602,2932.3925993352786,-173.05953599383884
2924,8694.522385580218,869.4522385580218,81.7221511522639,0.8501388685846045,203.45418397138383,2.0555128873234008,9897.976569551602,2932.3925993352786,-173.05953599383884
2925,8716.95589329781,871.6955893297811,22.433507717592875,0.23140394983214296,181.02067625379095,1.8288654755018434,9897.976569551602,2932.3925993352786,-173.05953599383884
2926,8774.642405295757,877.4642405295758,57.68651199794658,0.5936685586659385,123.33416425584437,1.2460543161442506,9897.976569551602,2932.3925993352786,-173.05953599383884
2927,8755.413771718855,875.5413771718855,-19.22863357690221,-0.19671956046682926,142.56279783274658,1.440322644037184,9897.976569551602,2932.3925993352786,-173.05953599383884
2928,8747.40189200075,874.7401892000748,-8.011879718105774,-0.08212752329719297,150.57467755085236,1.5212672660193385,9897.976569551602,2932.3925993352786,-173.05953599383884
2929,8869.184053010782,886.9184053010782,121.78216101003272,1.249380730981997,28.792516540819634,0.29089295512571606,9897.976569551602,2966.042860911668,-173.05953599383884
2930,9037.435972159967,903.7435972159967,168.2519191491847,1.704820968435139,0.0,0.0,10037.435972159967,3134.2947800608526,-173.05953599383884
2931,8867.581921574058,886.7581921574058,-169.85405058590914,-1.692205569799099,169.85405058590914,1.6922055697990972,10037.435972159967,3134.2947800608526,-173.05953599383884
2932,8867.581921574058,886.7581921574058,0.0,0.0,169.85405058590914,1.6922055697990972,10037.435972159967,3134.2947800608526,-173.05953599383884
2933,8917.255942586657,891.7255942586656,49.67402101259904,0.5034062185386379,120.1800295733101,1.1973180193292772,10037.435972159967,3134.2947800608526,-173.05953599383884
2934,8856.364556448021,885.6364556448021,-60.891386138635426,-0.61399429934198,181.07141571194552,1.8039608542875771,10037.435972159967,3134.2947800608526,-173.05953599383884
2935,8853.16029357457,885.316029357457,-3.204262873450716,-0.03250958155108785,184.27567858539624,1.835883975713588,10037.435972159967,3134.2947800608526,-173.05953599383884
2936,8822.714294871632,882.2714294871632,-30.445998702938596,-0.30899729422643185,214.72167728833483,2.139208438129929,10037.435972159967,3134.2947800608526,-173.05953599383884
2937,8968.532706303224,896.8532706303224,145.8184114315918,1.484502216538286,68.90326585674302,0.6864628182720617,10037.435972159967,3134.2947800608526,-173.05953599383884
2938,8510.246095727582,851.0246095727581,-458.28661057564204,-4.597332667483367,527.1898764323851,5.252236506360882,10037.435972159967,3134.2947800608526,-173.05953599383884
2939,8640.040747722962,864.0040747722961,129.79465199538026,1.3647875216782124,397.3952244370048,3.959130853130502,10037.435972159967,3134.2947800608526,-173.05953599383884
2940,8640.040747722962,864.0040747722961,0.0,0.0,397.3952244370048,3.959130853130502,10037.435972159967,3134.2947800608526,-173.05953599383884
2941,8466.981822996362,846.6981822996362,-173.0589247265998,-1.7952094732325397,570.4541491636046,5.683265634229973,10037.435972159967,3134.2947800608526,-173.05953599383884
2942,8450.95745229291,845.0957452292912,-16.024370703451496,-0.1692658864573593,586.4785198670561,5.842911690731823,10037.435972159967,3134.2947800608526,-173.05953599383884
2943,8335.584428297017,833.5584428297018,-115.37302399589316,-1.220754876723118,701.8515438629493,6.992338938047713,10037.435972159967,3134.2947800608526,-173.05953599383884
2944,8502.336989593116,850.2336989593115,166.75256129609807,1.7862037730670188,535.0989825668512,5.331032586917739,10037.435972159967,3134.2947800608526,-173.05953599383884
2945,8492.844145447669,849.2844145447668,-9.492844145446725,-0.09990009990008542,544.5918267122979,5.425606979937792,10037.435972159967,0.0,0.0
2946,8494.40683015768,849.4406830157681,1.5626847100120358,0.016461712486459668,543.0291420022859,5.410038415273008,10037.435972159967,1.5626847100120358,0.0
2947,8827.18775062866,882.718775062866,332.78092047097925,3.505020655044455,210.24822153130663,2.094640724129701,10037.435972159967,334.3436051809913,0.0
2948,8891.244115978512,889.1244115978512,64.05636534985206,0.6518280404864907,146.19185618145457,1.456466139230529,10037.435972159967,398.39997053084335,0.0
2949,8924.053343013647,892.4053343013646,32.809227035135336,0.3316996997590582,113.38262914631923,1.1295975332823995,10037.435972159967,431.2091975659787,0.0
2950,8377.23050846969,837.723050846969,-546.8228345439566,-5.51007552704168,660.2054636902758,6.577431383088618,10037.435972159967,431.2091975659787,-115.61363697797788
2951,8769.38033615008,876.9380336150081,392.1498276803886,4.1819365251413165,268.05563600988717,2.670558863372794,10037.435972159967,431.2091975659787,-115.61363697797788
2952,8644.392378880808,864.4392378880807,-124.98795726927165,-1.2793846996290381,393.0435932791588,3.91577684150925,10037.435972159967,431.2091975659787,-115.61363697797788
2953,8689.700699637666,868.9700699637665,45.30832075685794,0.46978927211707155,347.7352725223009,3.4643834689136384,10037.435972159967,431.2091975659787,-115.61363697797788
2954,8727.19678882365,872.7196788823651,37.4960891859846,0.38696849725592397,310.2391833363163,3.0908210443065527,10037.435972159967,431.2091975659787,-115.61363697797788
2955,8238.181368758276,823.8181368758276,-489.0154200653742,-5.027300574686045,799.2546034016905,7.962736754869661,10037.435972159967,431.2091975659787,-254.66277668939256
2956,8620.957472136964,862.0957472136965,382.7761033786883,4.143414034640647,416.4785000230022,4.149251872471767,10037.435972159967,431.2091975659787,-254.66277668939256
2957,8553.776333356682,855.3776333356682,-67.18113878028271,-0.6982791367163288,483.6596388032849,4.818557649032811,10037.435972159967,431.2091975659787,-254.66277668939256
2958,8585.022875681807,858.5022875681807,31.24654232512512,0.3270595964867784,452.4130964781598,4.507257607749447,10037.435972159967,431.2091975659787,-254.66277668939256
2959,8600.64674283396,860.0646742833961,15.623867152153252,0.16300291981350412,436.78922932600653,4.351601649440095,10037.435972159967,431.2091975659787,-254.66277668939256
2960,8686.575926207235,868.6575926207234,85.92918337327501,0.8950353624604945,350.8600459527315,3.495514660575509,10037.435972159967,431.2091975659787,-254.66277668939256
2961,8830.3119280695,883.0311928069499,143.73600186226395,1.4838680144279248,207.12404409046758,2.0635154701355107,10037.435972159967,431.2091975659787,-254.66277668939256
2962,8625.644334287814,862.5644334287815,-204.66759378168535,-2.0820050806045876,411.79163787215293,4.102558053812811,10037.435972159967,431.2091975659787,-254.66277668939256
2963,8522.529195041967,852.2529195041967,-103.11513924584688,-1.0712544081702413,514.9067771179998,5.129863627983836,10037.435972159967,431.2091975659787,-254.66277668939256
2964,8642.830290160387,864.2830290160388,120.30109511842056,1.263331334085671,394.60568199957925,3.931339468506354,10037.435972159967,431.2091975659787,-254.66277668939256
2965,8550.651559926251,855.0651559926251,-92.17873023413631,-0.9559302348004173,486.78441223371556,4.849688840694681,10037.435972159967,431.2091975659787,-254.66277668939256
2966,8619.394787426952,861.9394787426952,68.74322750070132,0.719775264225353,418.04118473301423,4.164820437136552,10037.435972159967,431.2091975659787,-254.66277668939256
2967,8766.255562719649,876.625556271965,146.86077529269642,1.5267153343643924,271.1804094403178,2.7016900550346645,10037.435972159967,431.2091975659787,-254.66277668939256
2968,8772.50510958051,877.2505109580511,6.249546860861301,0.06399122796578727,264.9308625794565,2.6394276717109233,10037.435972159967,431.2091975659787,-254.66277668939256
2969,8859.996977663795,885.9996977663795,87.49186808328523,0.8952859794108647,177.4389944961713,1.767772118181572,10037.435972159967,431.2091975659787,-254.66277668939256
2970,8820.938203767799,882.09382037678,-39.05877389599664,-0.39613373091774706,216.49776839216793,2.156903107453442,10037.435972159967,431.2091975659787,-254.66277668939256
2971,8805.314336615646,880.5314336615645,-15.623867152153252,-0.15908731760636563,232.12163554432118,2.312559065762794,10037.435972159967,431.2091975659787,-254.66277668939256
2972,8939.67661417621,893.9676614176209,134.3622775605636,1.370300563020388,97.75935798375758,0.9739475126407271,10037.435972159967,446.83246872854033,-254.66277668939256
2973,8927.178116444078,892.7178116444079,-12.498497732131,-0.12574350471629137,110.25785571588858,1.0984663416205291,10037.435972159967,446.83246872854033,-254.66277668939256
2974,9031.855344410345,903.1855344410346,104.67722796626731,1.054450990386413,5.5806277496212715,0.055598140452400524,10037.435972159967,539.0111989626766,-254.66277668939256
2975,9241.210992322065,924.1210992322065,209.35564791171964,2.086908560023959,0.0,0.0,10241.210992322065,748.3668468743963,-254.66277668939256
2976,9294.330352670611,929.4330352670611,53.11936034854625,0.5186824135189783,0.0,0.0,10294.330352670611,801.4862072229425,-254.66277668939256
2977,9383.384309474317,938.3384309474318,89.05395680370566,0.865077705424544,0.0,0.0,10383.384309474317,890.5401640266482,-254.66277668939256
2978,9539.619405058305,953.9619405058305,156.23509558398837,1.5046644805531528,0.0,0.0,10539.619405058305,1046.7752596106366,-254.66277668939256
2979,9528.682996046593,952.8682996046592,-10.936409011712385,-0.10376474321703855,10.936409011712385,0.10376474321704299,10539.619405058305,1046.7752596106366,-254.66277668939256
2980,9523.996133895744,952.3996133895743,-4.686862150849265,-0.044515179653614734,15.62327116256165,0.14823373180879318,10539.619405058305,1046.7752596106366,-254.66277668939256
2981,9431.816807672016,943.1816807672016,-92.17932622372791,-0.8758966180806182,107.80259738628956,1.0228319756456443,10539.619405058305,1046.7752596106366,-254.66277668939256
2982,9511.497040174021,951.1497040174021,79.68023250200531,0.7638193228566292,28.122364884284252,0.2668252410593443,10539.619405058305,1046.7752596106366,-254.66277668939256
2983,9653.671549305458,965.3671549305457,142.17450913143693,1.3525619480085238,0.0,0.0,10653.671549305458,1160.8274038577892,-254.66277668939256
2984,9616.174268140288,961.6174268140288,-37.497281165169625,-0.35196580814070844,37.497281165169625,0.3519658081407078,10653.671549305458,1160.8274038577892,-254.66277668939256
2985,9455.25231040545,945.525231040545,-160.92195773483763,-1.5158187278233815,198.41923890000726,1.8624493723287605,10653.671549305458,1160.8274038577892,-254.66277668939256
2986,9534.932542907454,953.4932542907453,79.68023250200349,0.7621072178497501,118.73900639800377,1.114536015574318,10653.671549305458,1160.8274038577892,-254.66277668939256
2987,9467.751404127173,946.7751404127174,-67.18113878028089,-0.637698803543929,185.92014517828466,1.7451274362818638,10653.671549305458,1160.8274038577892,-254.66277668939256
2988,9369.323723021767,936.9323723021766,-98.42768110540601,-0.9402944080865172,284.34782628369067,2.6690125086710417,10653.671549305458,1160.8274038577892,-254.66277668939256
2989,9444.315901393738,944.4315901393738,74.99217837197102,0.7232118542646493,209.35564791171964,1.9651032692608972,10653.671549305458,1160.8274038577892,-254.66277668939256
2990,9547.431636629179,954.7431636629179,103.1157352354403,0.9872904669771643,106.23991267627935,0.997214079527404,10653.671549305458,1160.8274038577892,-254.66277668939256
2991,9516.18390232487,951.6183902324871,-31.247734304308324,-0.2962591783557178,137.48764698058767,1.2905189196446634,10653.671549305458,1160.8274038577892,-254.66277668939256
2992,9461.501857266312,946.1501857266311,-54.68204505855829,-0.5199799239576808,192.16969203914596,1.803788404305312,10653.671549305458,1160.8274038577892,-254.66277668939256
2993,9413.069359068613,941.3069359068613,-48.432498197698806,-0.4629593232262197,240.60219023684476,2.2583969209425296,10653.671549305458,1160.8274038577892,-254.66277668939256
2994,9342.76285086831,934.276285086831,-70.30650820030314,-0.6751756449127511,310.9086984371479,2.9183244198796134,10653.671549305458,1160.8274038577892,-254.66277668939256
2995,9419.318905929476,941.9318905929476,76.55605506116626,0.7401896008351283,234.35264337598164,2.199735952919064,10653.671549305458,1160.8274038577892,-254.66277668939256
2996,9434.942177092038,943.4942177092038,15.62327116256165,0.14994522486178052,218.72937221342,2.0530891270782567,10653.671549305458,1160.8274038577892,-254.66277668939256
2997,9616.174268140288,961.6174268140288,181.23209104825037,1.7367809804074597,37.497281165169625,0.3519658081407078,10653.671549305458,1160.8274038577892,-254.66277668939256
2998,9656.795726746295,965.6795726746295,40.621458606006854,0.38263745093101154,0.0,0.0,10656.795726746295,1163.9515812986265,-254.66277668939256
2999,9708.353594364016,970.8353594364016,51.55786761772106,0.48380272025221327,0.0,0.0,10708.353594364016,1215.5094489163475,-254.66277668939256
3000,9528.682996046593,952.8682996046592,-179.67059831742336,-1.6778545528416844,179.67059831742336,1.6778545528416895,10708.353594364016,1215.5094489163475,-254.66277668939256
3001,9598.988312267715,959.8988312267714,70.30531622112176,0.6677503373168303,109.3652820963016,1.021308094961137,10708.353594364016,1215.5094489163475,-254.66277668939256
3002,10548.897979493364,1054.8897979493363,949.9096672256492,8.962267333818863,0.0,0.0,11548.897979493364,2056.053834045695,-254.66277668939256
3003,10784.813307579356,1078.4813307579357,235.91532808599186,2.0427518582716075,0.0,0.0,11784.813307579356,2291.969162131687,-254.66277668939256
3004,10850.431761649626,1085.0431761649627,65.61845407027067,0.5568052064776285,0.0,0.0,11850.431761649626,2357.5876162019576,-254.66277668939256
3005,10816.05984990448,1081.605984990448,-34.37191174514555,-0.29004775890427714,34.37191174514555,0.29004775890427853,11850.431761649626,2357.5876162019576,-254.66277668939256
3006,10866.05503281219,1086.605503281219,49.99518290770902,0.42311213334038644,0.0,0.0,11866.05503281219,2373.210887364521,-254.66277668939256
3007,10752.00408054422,1075.200408054422,-114.05095226796948,-0.9611530702714144,114.05095226796948,0.9611530702714095,11866.05503281219,2373.210887364521,-254.66277668939256
3008,11026.97818252621,1102.6978182526211,274.9741019819903,2.339806045823445,0.0,0.0,12026.97818252621,2534.134037078542,-254.66277668939256
3009,10819.185219324503,1081.9185219324502,-207.7929632017076,-1.7277237893688624,207.7929632017076,1.7277237893688575,12026.97818252621,2534.134037078542,-254.66277668939256
3010,10761.37780484592,1076.137780484592,-57.80741447858236,-0.48909813498875243,265.60037768028997,2.2083716595260494,12026.97818252621,2534.134037078542,-254.66277668939256
3011,10758.253627405082,1075.8253627405084,-3.1241774408390484,-0.026563022569958683,268.724555121129,2.2343480718336575,12026.97818252621,2534.134037078542,-254.66277668939256
3012,10678.573394903078,1067.8573394903078,-79.68023250200349,-0.6776536297558033,348.4047876231325,2.896860560779297,12026.97818252621,2534.134037078542,-254.66277668939256
3013,10712.945306648224,1071.2945306648226,34.37191174514555,0.2943160143185519,314.03287587798695,2.611070471003597,12026.97818252621,2534.134037078542,-254.66277668939256
3014,10819.185219324503,1081.9185219324502,106.23991267627935,0.907029870753151,207.7929632017076,1.7277237893688575,12026.97818252621,2534.134037078542,-254.66277668939256
3015,10616.079118273645,1061.6079118273644,-203.10610105085834,-1.7184441844500187,410.89906425256595,3.41647800483711,12026.97818252621,2534.134037078542,-254.66277668939256
3016,10466.09356955052,1046.609356955052,-149.98554872312525,-1.2911891111965446,560.8846129756912,4.663553924048776,12026.97818252621,2534.134037078542,-254.66277668939256
3017,10711.382621938214,1071.1382621938214,245.28905238769403,2.1392556313955646,315.59556058799717,2.6240636325965947,12026.97818252621,2534.134037078542,-254.66277668939256
3018,10750.44139583421,1075.044139583421,39.05877389599664,0.33351121004987494,276.53678669200053,2.2993039689202734,12026.97818252621,2534.134037078542,-254.66277668939256
3019,10620.765980424496,1062.0765980424496,-129.67541540971433,-1.103579100064167,406.21220210171487,3.3775084309364893,12026.97818252621,2534.134037078542,-254.66277668939256
3020,10962.921221186767,1096.2921221186766,342.1552407622712,2.9443432673770475,64.05696133944366,0.5326106056508103,12026.97818252621,2534.134037078542,-254.66277668939256
3021,10955.108989615896,1095.5108989615896,-7.812231570871518,-0.06530371158037784,71.86919291031518,0.5975665027374265,12026.97818252621,2534.134037078542,-254.66277668939256
3022,10997.293132931914,1099.7293132931916,42.18414331601889,0.3528545273209893,29.685049594296288,0.24682051587509474,12026.97818252621,2534.134037078542,-254.66277668939256
3023,10948.860634734217,1094.8860634734217,-48.43249819769699,-0.4036952140875183,78.11754779199327,0.6495193273526422,12026.97818252621,2534.134037078542,-254.66277668939256
3024,11084.784405025608,1108.478440502561,135.9237702913906,1.1375458668944072,0.0,0.0,12084.784405025608,2591.9402595779393,-254.66277668939256
3025,10991.043586071053,1099.1043586071053,-93.74081895455492,-0.7756929359498677,93.74081895455492,0.775692935949868,12084.784405025608,2591.9402595779393,-254.66277668939256
3026,11114.469454619904,1111.4469454619905,123.42586854885121,1.0293171537815393,0.0,0.0,12114.469454619904,2621.6253091722356,-254.66277668939256
3027,11228.520406887874,1122.8520406887874,114.05095226796948,0.9414440532884871,0.0,0.0,12228.520406887874,2735.676261440205,-254.66277668939256
3028,11141.029134794178,1114.1029134794178,-87.49127209369544,-0.7154689952875604,87.49127209369544,0.7154689952875644,12228.520406887874,2735.676261440205,-254.66277668939256
3029,11192.5870024119,1119.25870024119,51.55786761772106,0.42465813272751785,35.933404475974385,0.2938491598356775,12228.520406887874,2735.676261440205,-254.66277668939256
3030,11331.636142123312,1133.1636142123311,139.04913971141286,1.1404400041099327,0.0,0.0,12331.636142123312,2838.7919966756435,-254.66277668939256
3031,11494.120784568162,1149.4120784568163,162.48464244484967,1.3176243652682995,0.0,0.0,12494.120784568162,3001.276639120493,-254.66277668939256
3032,11497.244962009001,1149.7244962009001,3.1241774408390484,0.025005180394099824,0.0,0.0,12497.244962009001,3004.4008165613322,-254.66277668939256
3033,11495.683469278174,1149.5683469278174,-1.5614927308270126,-0.012494695715525861,1.5614927308270126,0.01249469571552668,12497.244962009001,3004.4008165613322,-254.66277668939256
3034,11376.944462880172,1137.6944462880172,-118.73900639800195,-0.9502401904620372,120.30049912882896,0.9626161565571969,12497.244962009001,3004.4008165613322,-254.66277668939256
3035,11314.45018625074,1131.445018625074,-62.494276629431624,-0.504924917590599,182.79477575826058,1.4626805853125833,12497.244962009001,3004.4008165613322,-254.66277668939256
3036,11176.963731249336,1117.6963731249336,-137.48645500140447,-1.1164644212448116,320.28123075966505,2.5628146982259206,12497.244962009001,3004.4008165613322,-254.66277668939256
3037,11439.438739509604,1143.9438739509603,262.4750082602677,2.155504558058974,57.806222499397336,0.4625517278018104,12497.244962009001,3004.4008165613322,-254.66277668939256
3038,11509.744055730724,1150.9744055730725,70.30531622111994,0.5651807745780335,0.0,0.0,12509.744055730724,3016.899910283055,-254.66277668939256
3039,11509.744055730724,1150.9744055730725,0.0,0.0,0.0,0.0,12509.744055730724,3016.899910283055,-254.66277668939256
3040,11194.14968712191,1119.414968712191,-315.59436860881397,-2.5227883736297585,315.59436860881397,2.522788373629754,12509.744055730724,3016.899910283055,-254.66277668939256
3041,11075.410680723908,1107.5410680723908,-118.73900639800195,-0.9737374843233337,434.3333750068159,3.471960521908899,12509.744055730724,3016.899910283055,-254.66277668939256
3042,10984.794039210192,1098.4794039210192,-90.61664151371588,-0.7504228544240599,524.9500165205318,4.196328991079971,12509.744055730724,3016.899910283055,-254.66277668939256
3043,11073.847996013898,1107.38479960139,89.05395680370566,0.7430578824496381,435.89605971682613,3.484452261972073,12509.744055730724,3016.899910283055,-254.66277668939256
3044,11164.464637527613,1116.4464637527612,90.61664151371588,0.7505199795759587,345.27941820311025,2.7600837928010007,12509.744055730724,3016.899910283055,-254.66277668939256
3045,11244.144870029619,1124.4144870029618,79.68023250200531,0.6550245726079096,265.59918570110494,2.1231384472605077,12509.744055730724,3016.899910283055,-254.66277668939256
3046,11441.00023224043,1144.100023224043,196.85536221081202,1.6077510050755972,68.74382349029293,0.5495222219098985,12509.744055730724,3016.899910283055,-254.66277668939256
3047,11334.760319564151,1133.4760319564152,-106.23991267627935,-0.8539499292103736,174.98373616657227,1.3987795064952755,12509.744055730724,3016.899910283055,-254.66277668939256
3048,11409.753689915307,1140.9753689915308,74.99337035115605,0.6079840094842304,99.99036581541623,0.7992998527384785,12509.744055730724,3016.899910283055,-254.66277668939256
3049,11353.508960146737,1135.3508960146737,-56.24472976857032,-0.4532300251396393,156.23509558398655,1.2489072109546089,12509.744055730724,3016.899910283055,-254.66277668939256
3050,10991.043586071053,1099.1043586071053,-362.46537407568394,-2.934108642694333,518.7004696596705,4.146371559233088,12509.744055730724,3016.899910283055,-254.66277668939256
3051,11153.528228515903,1115.3528228515902,162.48464244484967,1.355050052804363,356.2158272148208,2.8475069164315805,12509.744055730724,3016.899910283055,-254.66277668939256
3052,11109.782592469055,1110.9782592469055,-43.74563604684772,-0.3599418639947505,399.96146326166854,3.1971994109539423,12509.744055730724,3016.899910283055,-254.66277668939256
3053,11230.083091597884,1123.0083091597883,120.30049912882896,0.9934158454970365,279.6609641328396,2.235545051017464,12509.744055730724,3016.899910283055,-254.66277668939256
3054,11453.499325962153,1145.3499325962155,223.41623436426926,1.8267760953950996,56.24472976857032,0.4496073582161305,12509.744055730724,3016.899910283055,-254.66277668939256
3055,11515.993602591587,1151.5993602591586,62.49427662943344,0.5018210142682555,0.0,0.0,12515.993602591587,3023.149457143918,-254.66277668939256
3056,11503.494508869862,1150.3494508869862,-12.499093721724421,-0.0998649737176005,12.499093721724421,0.09986497371759868,12515.993602591587,3023.149457143918,-254.66277668939256
3057,11295.701545668155,1129.5701545668155,-207.7929632017076,-1.6618791095105556,220.29205692343203,1.7600844480922226,12515.993602591587,3023.149457143918,-254.66277668939256
3058,11565.988785499294,1156.5988785499294,270.28723983113923,2.1982254434791626,0.0,0.0,12565.988785499294,3073.144640051625,-254.66277668939256
3059,11619.108145847842,1161.9108145847842,53.11936034854807,0.42272328310404284,0.0,0.0,12619.108145847842,3126.2640004001732,-254.66277668939256
3060,11101.970360898182,1110.1970360898183,-517.1377849496603,-4.098053356645637,517.1377849496603,4.098053356645635,12619.108145847842,3126.2640004001732,-254.66277668939256
3061,10936.361541012493,1093.6361541012493,-165.60881988568872,-1.3684450956909955,682.746604835349,5.410418842158811,12619.108145847842,3126.2640004001732,-254.66277668939256
3062,10441.096574086258,1044.1096574086257,-495.2649669262355,-4.149212180148365,1178.0115717615845,9.33514126471128,12619.108145847842,3126.2640004001732,-254.66277668939256
3063,8143.099933199615,814.3099933199614,-2297.996640886642,-20.085457945451978,3476.0082126482266,27.54559333729114,12619.108145847842,3126.2640004001732,-349.7442122480534
3064,8143.099933199615,814.3099933199614,0.0,0.0,3476.0082126482266,27.54559333729114,12619.108145847842,0.0,0.0
3065,8143.099933199615,814.3099933199614,0.0,0.0,3476.0082126482266,27.54559333729114,12619.108145847842,0.0,0.0
3066,8143.099933199615,814.3099933199614,0.0,0.0,3476.0082126482266,27.54559333729114,12619.108145847842,0.0,0.0
3067,8143.099933199615,814.3099933199614,0.0,0.0,3476.0082126482266,27.54559333729114,12619.108145847842,0.0,0.0
3068,8143.099933199615,814.3099933199614,0.0,0.0,3476.0082126482266,27.54559333729114,12619.108145847842,0.0,0.0
3069,8143.099933199615,814.3099933199614,0.0,0.0,3476.0082126482266,27.54559333729114,12619.108145847842,0.0,0.0
3070,8143.099933199615,814.3099933199614,0.0,0.0,3476.0082126482266,27.54559333729114,12619.108145847842,0.0,0.0
3071,8143.099933199615,814.3099933199614,0.0,0.0,3476.0082126482266,27.54559333729114,12619.108145847842,0.0,0.0
3072,8143.099933199615,814.3099933199614,0.0,0.0,3476.0082126482266,27.54559333729114,12619.108145847842,0.0,0.0
3073,8143.099933199615,814.3099933199614,0.0,0.0,3476.0082126482266,27.54559333729114,12619.108145847842,0.0,0.0
3074,8143.099933199615,814.3099933199614,0.0,0.0,3476.0082126482266,27.54559333729114,12619.108145847842,0.0,0.0
3075,8143.099933199615,814.3099933199614,0.0,0.0,3476.0082126482266,27.54559333729114,12619.108145847842,0.0,0.0
3076,8143.099933199615,814.3099933199614,0.0,0.0,3476.0082126482266,27.54559333729114,12619.108145847842,0.0,0.0
3077,8143.099933199615,814.3099933199614,0.0,0.0,3476.0082126482266,27.54559333729114,12619.108145847842,0.0,0.0
3078,8143.099933199615,814.3099933199614,0.0,0.0,3476.0082126482266,27.54559333729114,12619.108145847842,0.0,0.0
3079,8143.099933199615,814.3099933199614,0.0,0.0,3476.0082126482266,27.54559333729114,12619.108145847842,0.0,0.0
3080,8143.099933199615,814.3099933199614,0.0,0.0,3476.0082126482266,27.54559333729114,12619.108145847842,0.0,0.0
3081,8143.099933199615,814.3099933199614,0.0,0.0,3476.0082126482266,27.54559333729114,12619.108145847842,0.0,0.0
3082,8143.099933199615,814.3099933199614,0.0,0.0,3476.0082126482266,27.54559333729114,12619.108145847842,0.0,0.0
3083,8143.099933199615,814.3099933199614,0.0,0.0,3476.0082126482266,27.54559333729114,12619.108145847842,0.0,0.0
3084,8143.099933199615,814.3099933199614,0.0,0.0,3476.0082126482266,27.54559333729114,12619.108145847842,0.0,0.0
3085,8143.099933199615,814.3099933199614,0.0,0.0,3476.0082126482266,27.54559333729114,12619.108145847842,0.0,0.0
3086,8143.099933199615,814.3099933199614,0.0,0.0,3476.0082126482266,27.54559333729114,12619.108145847842,0.0,0.0
3087,8143.099933199615,814.3099933199614,0.0,0.0,3476.0082126482266,27.54559333729114,12619.108145847842,0.0,0.0
3088,8143.099933199615,814.3099933199614,0.0,0.0,3476.0082126482266,27.54559333729114,12619.108145847842,0.0,0.0
3089,8143.099933199615,814.3099933199614,0.0,0.0,3476.0082126482266,27.54559333729114,12619.108145847842,0.0,0.0
3090,8143.099933199615,814.3099933199614,0.0,0.0,3476.0082126482266,27.54559333729114,12619.108145847842,0.0,0.0
3091,8143.099933199615,814.3099933199614,0.0,0.0,3476.0082126482266,27.54559333729114,12619.108145847842,0.0,0.0
3092,8143.099933199615,814.3099933199614,0.0,0.0,3476.0082126482266,27.54559333729114,12619.108145847842,0.0,0.0
3093,8143.099933199615,814.3099933199614,0.0,0.0,3476.0082126482266,27.54559333729114,12619.108145847842,0.0,0.0
3094,8143.099933199615,814.3099933199614,0.0,0.0,3476.0082126482266,27.54559333729114,12619.108145847842,0.0,0.0
3095,8143.099933199615,814.3099933199614,0.0,0.0,3476.0082126482266,27.54559333729114,12619.108145847842,0.0,0.0
3096,8143.099933199615,814.3099933199614,0.0,0.0,3476.0082126482266,27.54559333729114,12619.108145847842,0.0,0.0
3097,8143.099933199615,814.3099933199614,0.0,0.0,3476.0082126482266,27.54559333729114,12619.108145847842,0.0,0.0
3098,8143.099933199615,814.3099933199614,0.0,0.0,3476.0082126482266,27.54559333729114,12619.108145847842,0.0,0.0
3099,8143.099933199615,814.3099933199614,0.0,0.0,3476.0082126482266,27.54559333729114,12619.108145847842,0.0,0.0
3100,8143.099933199615,814.3099933199614,0.0,0.0,3476.0082126482266,27.54559333729114,12619.108145847842,0.0,0.0
3101,8143.099933199615,814.3099933199614,0.0,0.0,3476.0082126482266,27.54559333729114,12619.108145847842,0.0,0.0
3102,8143.099933199615,814.3099933199614,0.0,0.0,3476.0082126482266,27.54559333729114,12619.108145847842,0.0,0.0
3103,8143.099933199615,814.3099933199614,0.0,0.0,3476.0082126482266,27.54559333729114,12619.108145847842,0.0,0.0
3104,8143.099933199615,814.3099933199614,0.0,0.0,3476.0082126482266,27.54559333729114,12619.108145847842,0.0,0.0
3105,8143.099933199615,814.3099933199614,0.0,0.0,3476.0082126482266,27.54559333729114,12619.108145847842,0.0,0.0
3106,8143.099933199615,814.3099933199614,0.0,0.0,3476.0082126482266,27.54559333729114,12619.108145847842,0.0,0.0
3107,8143.099933199615,814.3099933199614,0.0,0.0,3476.0082126482266,27.54559333729114,12619.108145847842,0.0,0.0
3108,8143.099933199615,814.3099933199614,0.0,0.0,3476.0082126482266,27.54559333729114,12619.108145847842,0.0,0.0
3109,8143.099933199615,814.3099933199614,0.0,0.0,3476.0082126482266,27.54559333729114,12619.108145847842,0.0,0.0
3110,8143.099933199615,814.3099933199614,0.0,0.0,3476.0082126482266,27.54559333729114,12619.108145847842,0.0,0.0
3111,8143.099933199615,814.3099933199614,0.0,0.0,3476.0082126482266,27.54559333729114,12619.108145847842,0.0,0.0
3112,8143.099933199615,814.3099933199614,0.0,0.0,3476.0082126482266,27.54559333729114,12619.108145847842,0.0,0.0
3113,8143.099933199615,814.3099933199614,0.0,0.0,3476.0082126482266,27.54559333729114,12619.108145847842,0.0,0.0
3114,8143.099933199615,814.3099933199614,0.0,0.0,3476.0082126482266,27.54559333729114,12619.108145847842,0.0,0.0
3115,8143.099933199615,814.3099933199614,0.0,0.0,3476.0082126482266,27.54559333729114,12619.108145847842,0.0,0.0
3116,8143.099933199615,814.3099933199614,0.0,0.0,3476.0082126482266,27.54559333729114,12619.108145847842,0.0,0.0
3117,8143.099933199615,814.3099933199614,0.0,0.0,3476.0082126482266,27.54559333729114,12619.108145847842,0.0,0.0
3118,8143.099933199615,814.3099933199614,0.0,0.0,3476.0082126482266,27.54559333729114,12619.108145847842,0.0,0.0
3119,8143.099933199615,814.3099933199614,0.0,0.0,3476.0082126482266,27.54559333729114,12619.108145847842,0.0,0.0
3120,8143.099933199615,814.3099933199614,0.0,0.0,3476.0082126482266,27.54559333729114,12619.108145847842,0.0,0.0
3121,8143.099933199615,814.3099933199614,0.0,0.0,3476.0082126482266,27.54559333729114,12619.108145847842,0.0,0.0
3122,8143.099933199615,814.3099933199614,0.0,0.0,3476.0082126482266,27.54559333729114,12619.108145847842,0.0,0.0
3123,8143.099933199615,814.3099933199614,0.0,0.0,3476.0082126482266,27.54559333729114,12619.108145847842,0.0,0.0
3124,8143.099933199615,814.3099933199614,0.0,0.0,3476.0082126482266,27.54559333729114,12619.108145847842,0.0,0.0
3125,8143.099933199615,814.3099933199614,0.0,0.0,3476.0082126482266,27.54559333729114,12619.108145847842,0.0,0.0
3126,8143.099933199615,814.3099933199614,0.0,0.0,3476.0082126482266,27.54559333729114,12619.108145847842,0.0,0.0
3127,8143.099933199615,814.3099933199614,0.0,0.0,3476.0082126482266,27.54559333729114,12619.108145847842,0.0,0.0
3128,8143.099933199615,814.3099933199614,0.0,0.0,3476.0082126482266,27.54559333729114,12619.108145847842,0.0,0.0
3129,8143.099933199615,814.3099933199614,0.0,0.0,3476.0082126482266,27.54559333729114,12619.108145847842,0.0,0.0
3130,8143.099933199615,814.3099933199614,0.0,0.0,3476.0082126482266,27.54559333729114,12619.108145847842,0.0,0.0
3131,8143.099933199615,814.3099933199614,0.0,0.0,3476.0082126482266,27.54559333729114,12619.108145847842,0.0,0.0
3132,8143.099933199615,814.3099933199614,0.0,0.0,3476.0082126482266,27.54559333729114,12619.108145847842,0.0,0.0
3133,8143.099933199615,814.3099933199614,0.0,0.0,3476.0082126482266,27.54559333729114,12619.108145847842,0.0,0.0
3134,8143.099933199615,814.3099933199614,0.0,0.0,3476.0082126482266,27.54559333729114,12619.108145847842,0.0,0.0
3135,8143.099933199615,814.3099933199614,0.0,0.0,3476.0082126482266,27.54559333729114,12619.108145847842,0.0,0.0
3136,8143.099933199615,814.3099933199614,0.0,0.0,3476.0082126482266,27.54559333729114,12619.108145847842,0.0,0.0
3137,8133.965967232383,813.3965967232383,-9.133965967232143,-0.09990009990009652,3485.1421786154588,27.617975361929208,12619.108145847842,0.0,0.0
3138,8256.203528959619,825.6203528959619,122.23756172723552,1.3382747665773742,3362.9046168882232,26.649304990660095,12619.108145847842,122.23756172723552,0.0
3139,8338.677463940108,833.8677463940109,82.4739349804895,0.8910125487458842,3280.4306819077337,25.99574109353455,12619.108145847842,204.71149670772502,0.0
3140,8424.096956792157,842.4096956792157,85.41949285204828,0.9146851166225822,3195.0111890556855,25.318835151650266,12619.108145847842,290.1309895597733,0.0
3141,8488.897544543293,848.8897544543294,64.80058775113685,0.6876052745237615,3130.2106013045486,24.80532352307722,12619.108145847842,354.93157731091014,0.0
3142,8428.514450887917,842.8514450887917,-60.3830936553768,-0.636355207461381,3190.5936949599254,25.283828762571865,12619.108145847842,354.93157731091014,0.0
3143,8512.460883900327,851.2460883900326,83.94643301241013,0.8903463366331854,3106.6472619475153,24.618596069086852,12619.108145847842,378.49491666794347,0.0
3144,8481.533368960538,848.1533368960537,-30.927514939789035,-0.3251263297401108,3137.5747768873043,24.863680860994,12619.108145847842,378.49491666794347,0.0
3145,8437.351686310312,843.7351686310313,-44.18168265022541,-0.4659761341436863,3181.7564595375297,25.213798176255796,12619.108145847842,378.49491666794347,0.0
3146,8372.550536751456,837.2550536751456,-64.8011495588562,-0.6866454881919504,3246.557609096386,25.727314256868656,12619.108145847842,378.49491666794347,0.0
3147,8192.875439240403,819.2875439240403,-179.67509751105354,-1.917035248905996,3426.2327066074395,27.15114782287366,12619.108145847842,378.49491666794347,0.0
3148,8393.16888004465,839.316888004465,200.29344080424744,2.1787898914553017,3225.939265803192,25.563924395597216,12619.108145847842,378.49491666794347,0.0
3149,8307.74994900032,830.774994900032,-85.41893104433075,-0.9093728872031637,3311.358196847523,26.240825885441698,12619.108145847842,378.49491666794347,0.0
3150,8379.914150526494,837.9914150526494,72.16420152617502,0.7753130662252694,3239.1939953213478,25.66896137099169,12619.108145847842,378.49491666794347,0.0
3151,8129.547911328906,812.9547911328906,-250.36623919758858,-2.6691741009541747,3489.5602345189363,27.652986203047412,12619.108145847842,378.49491666794347,-4.41805590347758
3152,8073.583435384726,807.3583435384727,-55.96447594417987,-0.6130038035589203,3545.524710463116,28.09647614938403,12619.108145847842,378.49491666794347,-60.38253184765745
3153,8060.32870586657,806.032870586657,-13.254729518155727,-0.14608042800891008,3558.779439981272,28.2015131247785,12619.108145847842,378.49491666794347,-73.63726136581317
3154,8011.727843697428,801.1727843697429,-48.60086216914169,-0.5364138956423625,3607.3803021504136,28.586650185238145,12619.108145847842,378.49491666794347,-122.23812353495487
3155,7886.544724098634,788.6544724098634,-125.18311959879429,-1.3891134061082888,3732.563421749208,29.57866260126601,12619.108145847842,378.49491666794347,-247.42124313374916
3156,8058.855646026932,805.8855646026933,172.31092192829783,1.939009224372934,3560.25249982091,28.213186373177777,12619.108145847842,378.49491666794347,-247.42124313374916
3157,8234.112687634506,823.4112687634505,175.25704160757414,1.934648795120597,3384.995458213336,26.824363648290994,12619.108145847842,378.49491666794347,-247.42124313374916
3158,8032.34674879834,803.234674879834,-201.76593883616624,-2.1850062443612317,3586.761397049502,28.4232558719269,12619.108145847842,378.49491666794347,-247.42124313374916
3159,7899.79945361679,789.979945361679,-132.54729518155,-1.4674735023783692,3719.308692231052,29.473625625871534,12619.108145847842,378.49491666794347,-247.42124313374916
3160,7849.7260934157275,784.9726093415727,-50.073360201062314,-0.5626347027484213,3769.3820524321145,29.870431482690652,12619.108145847842,378.49491666794347,-284.23987381665575
3161,7737.797703335087,773.7797703335086,-111.92839008064038,-1.2647667159316534,3881.310442512755,30.75740692332406,12619.108145847842,378.49491666794347,-396.16826389729613
3162,8075.055933416645,807.5055933416644,337.2582300815575,3.859762397026323,3544.0522124311974,28.084807353024573,12619.108145847842,378.49491666794347,-396.16826389729613
3163,8173.730155786849,817.3730155786849,98.674222370204,1.0873125531586147,3445.3779900609934,27.302864435745818,12619.108145847842,378.49491666794347,-396.16826389729613
3164,8265.040202574295,826.5040202574296,91.31004678744648,0.995342627664364,3354.067943273547,26.57927885638384,12619.108145847842,378.49491666794347,-396.16826389729613
3165,8173.730155786849,817.3730155786849,-91.31004678744648,-0.9855331956581947,3445.3779900609934,27.302864435745818,12619.108145847842,378.49491666794347,-396.16826389729613
3166,8278.29493209245,827.829493209245,104.56477630560221,1.139828341687621,3340.813213755391,26.474241880989375,12619.108145847842,378.49491666794347,-396.16826389729613
3167,8416.7327812094,841.67327812094,138.43784911695002,1.4920613122364923,3202.375364638441,25.37719248956704,12619.108145847842,378.49491666794347,-396.16826389729613
3168,8269.458258477775,826.9458258477774,-147.27452273162635,-1.5639662519202568,3349.6498873700675,26.544268015265622,12619.108145847842,378.49491666794347,-396.16826389729613
3169,8334.25940803663,833.4259408036631,64.8011495588562,0.699082381643934,3284.8487378112113,26.030751934652763,12619.108145847842,378.49491666794347,-396.16826389729613
3170,8341.623021811667,834.1623021811668,7.363613775036356,0.07888803442399617,3277.485124036175,25.972399048775802,12619.108145847842,378.49491666794347,-396.16826389729613
3171,8518.351999643444,851.8351999643445,176.72897783177723,1.8918444623502229,3100.7561462043977,24.571911979569354,12619.108145847842,384.386032411061,-396.16826389729613
3172,8528.66117129004,852.8661171290039,10.309171646595132,0.10830836732012017,3090.4469745578026,24.490217048933648,12619.108145847842,394.69520405765616,-396.16826389729613
3173,8597.880376752375,859.7880376752375,69.2192054623356,0.7264315964019552,3021.227769095467,23.941690127202563,12619.108145847842,463.91440951999175,-396.16826389729613
3174,8499.20671618989,849.9206716189891,-98.67366056248466,-1.0280776243209777,3119.9014296579517,24.7236285924415,12619.108145847842,463.91440951999175,-396.16826389729613
3175,8649.426234985356,864.9426234985356,150.21951879546577,1.5813901442889966,2969.681910862486,23.53321547402399,12619.108145847842,515.4602677529729,-396.16826389729613
3176,8624.389835788685,862.4389835788685,-25.036399196671482,-0.25945997810624677,2994.7183100591574,23.731616176413635,12619.108145847842,515.4602677529729,-396.16826389729613
3177,8618.498720045567,861.8498720045567,-5.8911157431175525,-0.06121027767610476,3000.609425802275,23.778300265931136,12619.108145847842,515.4602677529729,-396.16826389729613
3178,8628.807891692164,862.8807891692164,10.309171646596951,0.10718067285397925,2990.300254155678,23.696605335295416,12619.108145847842,515.4602677529729,-396.16826389729613
3179,8858.556911212,885.8556911211998,229.7490195198352,2.386058815422687,2760.551234635843,21.875961460431476,12619.108145847842,724.590943979616,-396.16826389729613
3180,8767.246302616832,876.7246302616832,-91.31060859516765,-0.9262066387355494,2851.8618432310104,22.599551491833274,12619.108145847842,724.590943979616,-396.16826389729613
3181,8756.937130970236,875.6937130970236,-10.309171646595132,-0.10554839437020291,2862.1710148776056,22.68124642246898,12619.108145847842,724.590943979616,-396.16826389729613
3182,8600.826496431653,860.0826496431653,-156.11063453858333,-1.5999963148584873,3018.281649416189,23.918343630403992,12619.108145847842,724.590943979616,-396.16826389729613
3183,8552.225634262511,855.2225634262511,-48.60086216914169,-0.5062153991347018,3066.8825115853306,24.303480690863637,12619.108145847842,724.590943979616,-396.16826389729613
3184,8381.387210366132,838.1387210366132,-170.83842389637903,-1.7884672163061666,3237.7209354817096,25.65728812259241,12619.108145847842,724.590943979616,-396.16826389729613
3185,8513.933943739965,851.3933943739964,132.54673337383247,1.412869231400804,3105.174202107877,24.606922820687576,12619.108145847842,724.590943979616,-396.16826389729613
3186,8232.639627794868,823.2639627794867,-281.29431594509697,-2.956656180382511,3386.468518052974,26.836036896690267,12619.108145847842,724.590943979616,-396.16826389729613
3187,8234.112687634506,823.4112687634505,1.4730598396381538,0.015954915376559242,3384.995458213336,26.824363648290994,12619.108145847842,724.590943979616,-396.16826389729613
3188,8178.148211690328,817.8148211690327,-55.96447594417805,-0.6060623022190348,3440.959934157514,27.26785359462759,12619.108145847842,724.590943979616,-396.16826389729613
3189,9195.815703101274,919.5815703101275,1017.6674914109462,11.087939178348961,2423.2924427465678,19.20335743809218,12619.108145847842,1061.849735868891,-396.16826389729613
3190,9088.304807116396,908.8304807116396,-107.51089598487852,-1.0544609584515863,2530.8033387314463,20.05532648964717,12619.108145847842,1061.849735868891,-396.16826389729613
3191,8935.139168641652,893.5139168641651,-153.1656384747439,-1.51824951171875,2683.96897720619,21.269086104863252,12619.108145847842,1061.849735868891,-396.16826389729613
3192,8913.04776550882,891.3047765508819,-22.091403132832056,-0.2223562524675926,2706.0603803390222,21.44414921453397,12619.108145847842,1061.849735868891,-396.16826389729613
3193,8845.301619886124,884.5301619886123,-67.74614562269562,-0.6834038050175573,2773.806525961718,21.981002887865763,12619.108145847842,1061.849735868891,-396.16826389729613
3194,8855.610791532721,885.5610791532721,10.309171646596951,0.10471158776663714,2763.497354315121,21.89930795723004,12619.108145847842,1061.849735868891,-396.16826389729613
3195,8938.08528832093,893.8085288320931,82.47449678820885,0.8368278591019962,2681.022857526912,21.245739608064685,12619.108145847842,1061.849735868891,-396.16826389729613
3196,9005.831433943626,900.5831433943624,67.74614562269562,0.681682071115941,2613.2767119042164,20.708885934732894,12619.108145847842,1061.849735868891,-396.16826389729613
3197,8860.028847436199,886.0028847436199,-145.8025865074269,-1.4571761224440483,2759.0792984116433,21.864297116111832,12619.108145847842,1061.849735868891,-396.16826389729613
3198,8779.028534103069,877.9028534103068,-81.00031333313018,-0.8215017885489395,2840.0796117447735,22.506183312798264,12619.108145847842,1061.849735868891,-396.16826389729613
3199,8999.940318200506,899.9940318200506,220.9117840974377,2.259036092665423,2619.167827647336,20.755570024250407,12619.108145847842,1061.849735868891,-396.16826389729613
3200,9057.377292176607,905.7377292176607,57.43697397610049,0.5743731677234187,2561.7308536712353,20.300411281554318,12619.108145847842,1061.849735868891,-396.16826389729613
3201,9042.65006462653,904.265006462653,-14.72722755007635,-0.14643208783200468,2576.4580812213117,20.41711705330826,12619.108145847842,1061.849735868891,-396.16826389729613
3202,9188.451527518519,918.8451527518519,145.8014628919882,1.4518225961646092,2430.6566183293235,19.261714776008958,12619.108145847842,1061.849735868891,-396.16826389729613
3203,9282.707132177524,928.2707132177525,94.25560465900526,0.9251219815339384,2336.401013670318,18.51478715188824,12619.108145847842,1148.7411649451406,-396.16826389729613
3204,9281.234072337886,928.1234072337886,-1.4730598396381538,-0.014325603371789786,2337.8740735099564,18.526460400287515,12619.108145847842,1148.7411649451406,-396.16826389729613
3205,9219.379042458308,921.9379042458307,-61.85502987957807,-0.6016304019962115,2399.7291033895344,19.016629984101808,12619.108145847842,1148.7411649451406,-396.16826389729613
3206,9254.724613301574,925.4724613301574,35.345570843266614,0.345868087448542,2364.383532546268,18.736534351076454,12619.108145847842,1148.7411649451406,-396.16826389729613
3207,9337.199110089783,933.7199110089782,82.47449678820885,0.8042585237367561,2281.909035758059,18.082966001911096,12619.108145847842,1203.2331428573998,-396.16826389729613
3208,9300.380479406876,930.0380479406875,-36.81863068290659,-0.35617608107180176,2318.7276664409655,18.37473488333574,12619.108145847842,1203.2331428573998,-396.16826389729613
3209,9257.670732980852,925.7670732980852,-42.70974642602414,-0.4146424155050621,2361.4374128669897,18.713187854277884,12619.108145847842,1203.2331428573998,-396.16826389729613
3210,9116.287325992344,911.6287325992344,-141.3834069885088,-1.3783188276255354,2502.8208198554985,19.83357929045897,12619.108145847842,1203.2331428573998,-396.16826389729613
3211,9005.831433943626,900.5831433943624,-110.45589204871794,-1.0918619498372473,2613.2767119042164,20.708885934732894,12619.108145847842,1203.2331428573998,-396.16826389729613
3212,9148.687900771773,914.8687900771772,142.85646682814695,1.427732095740919,2470.4202450760695,19.57682125015253,12619.108145847842,1203.2331428573998,-396.16826389729613
3213,8963.1216875176,896.3121687517599,-185.5662132541729,-1.8284749227539199,2655.9864583302424,21.04733890567505,12619.108145847842,1203.2331428573998,-396.16826389729613
3214,8857.08385137236,885.7083851372358,-106.03783614524036,-1.064303332539751,2762.0242944754827,21.887634708830767,12619.108145847842,1203.2331428573998,-396.16826389729613
3215,8880.647190729393,888.0647190729393,23.56333935703333,0.23904980126301378,2738.4609551184494,21.70090725484039,12619.108145847842,1203.2331428573998,-396.16826389729613
3216,9113.341206313067,911.3341206313069,232.69401558367463,2.355048319122277,2505.766939534775,19.856925787257524,12619.108145847842,1203.2331428573998,-396.16826389729613
3217,9051.48617643349,905.1486176433489,-61.85502987957807,-0.6116181449605018,2567.621969414353,20.347095371071816,12619.108145847842,1203.2331428573998,-396.16826389729613
3218,9203.178755068593,920.3178755068594,151.69257863510393,1.509155720581501,2415.929390779249,19.145009004255026,12619.108145847842,1203.2331428573998,-396.16826389729613
3219,9104.505094506108,910.450509450611,-98.67366056248466,-0.9670874433466814,2514.6030513417336,19.926947469493967,12619.108145847842,1203.2331428573998,-396.16826389729613
3220,8455.023909924226,845.5023909924225,-649.4811845818822,-6.427639736012503,3164.084235923616,25.07375481178294,12619.108145847842,1203.2331428573998,-396.16826389729613
3221,8428.514450887917,842.8514450887917,-26.509459036309636,-0.28037432045502353,3190.5936949599254,25.283828762571865,12619.108145847842,1203.2331428573998,-396.16826389729613
3222,8437.351686310312,843.7351686310313,8.837235422395679,0.09372882089142553,3181.7564595375297,25.213798176255796,12619.108145847842,1203.2331428573998,-396.16826389729613
3223,8228.221571891389,822.8221571891389,-209.13011441892377,-2.2159830572202277,3390.8865739564535,26.87104773780849,12619.108145847842,1203.2331428573998,-396.16826389729613
3224,8145.42972621505,814.5429726215051,-82.7918456763382,-0.8971592742042178,3473.6784196327917,27.527130915157123,12619.108145847842,1203.2331428573998,-396.16826389729613
3225,8145.42972621505,814.5429726215051,0.0,0.0,3473.6784196327917,27.527130915157123,12619.108145847842,0.0,0.0
3226,8145.42972621505,814.5429726215051,0.0,0.0,3473.6784196327917,27.527130915157123,12619.108145847842,0.0,0.0
3227,8145.42972621505,814.5429726215051,0.0,0.0,3473.6784196327917,27.527130915157123,12619.108145847842,0.0,0.0
3228,8145.42972621505,814.5429726215051,0.0,0.0,3473.6784196327917,27.527130915157123,12619.108145847842,0.0,0.0
3229,8145.42972621505,814.5429726215051,0.0,0.0,3473.6784196327917,27.527130915157123,12619.108145847842,0.0,0.0
3230,8145.42972621505,814.5429726215051,0.0,0.0,3473.6784196327917,27.527130915157123,12619.108145847842,0.0,0.0
3231,8145.42972621505,814.5429726215051,0.0,0.0,3473.6784196327917,27.527130915157123,12619.108145847842,0.0,0.0
3232,8145.42972621505,814.5429726215051,0.0,0.0,3473.6784196327917,27.527130915157123,12619.108145847842,0.0,0.0
3233,8145.42972621505,814.5429726215051,0.0,0.0,3473.6784196327917,27.527130915157123,12619.108145847842,0.0,0.0
3234,8145.42972621505,814.5429726215051,0.0,0.0,3473.6784196327917,27.527130915157123,12619.108145847842,0.0,0.0
3235,8145.42972621505,814.5429726215051,0.0,0.0,3473.6784196327917,27.527130915157123,12619.108145847842,0.0,0.0
3236,8145.42972621505,814.5429726215051,0.0,0.0,3473.6784196327917,27.527130915157123,12619.108145847842,0.0,0.0
3237,8145.42972621505,814.5429726215051,0.0,0.0,3473.6784196327917,27.527130915157123,12619.108145847842,0.0,0.0
3238,8145.42972621505,814.5429726215051,0.0,0.0,3473.6784196327917,27.527130915157123,12619.108145847842,0.0,0.0
3239,8145.42972621505,814.5429726215051,0.0,0.0,3473.6784196327917,27.527130915157123,12619.108145847842,0.0,0.0
3240,8145.42972621505,814.5429726215051,0.0,0.0,3473.6784196327917,27.527130915157123,12619.108145847842,0.0,0.0
3241,8145.42972621505,814.5429726215051,0.0,0.0,3473.6784196327917,27.527130915157123,12619.108145847842,0.0,0.0
3242,8145.42972621505,814.5429726215051,0.0,0.0,3473.6784196327917,27.527130915157123,12619.108145847842,0.0,0.0
3243,8145.42972621505,814.5429726215051,0.0,0.0,3473.6784196327917,27.527130915157123,12619.108145847842,0.0,0.0
3244,8145.42972621505,814.5429726215051,0.0,0.0,3473.6784196327917,27.527130915157123,12619.108145847842,0.0,0.0
3245,8145.42972621505,814.5429726215051,0.0,0.0,3473.6784196327917,27.527130915157123,12619.108145847842,0.0,0.0
3246,8145.42972621505,814.5429726215051,0.0,0.0,3473.6784196327917,27.527130915157123,12619.108145847842,0.0,0.0
3247,8145.42972621505,814.5429726215051,0.0,0.0,3473.6784196327917,27.527130915157123,12619.108145847842,0.0,0.0
3248,8145.42972621505,814.5429726215051,0.0,0.0,3473.6784196327917,27.527130915157123,12619.108145847842,0.0,0.0
3249,8145.42972621505,814.5429726215051,0.0,0.0,3473.6784196327917,27.527130915157123,12619.108145847842,0.0,0.0
3250,8145.42972621505,814.5429726215051,0.0,0.0,3473.6784196327917,27.527130915157123,12619.108145847842,0.0,0.0
3251,8145.42972621505,814.5429726215051,0.0,0.0,3473.6784196327917,27.527130915157123,12619.108145847842,0.0,0.0
3252,8145.42972621505,814.5429726215051,0.0,0.0,3473.6784196327917,27.527130915157123,12619.108145847842,0.0,0.0
3253,8145.42972621505,814.5429726215051,0.0,0.0,3473.6784196327917,27.527130915157123,12619.108145847842,0.0,0.0
3254,8145.42972621505,814.5429726215051,0.0,0.0,3473.6784196327917,27.527130915157123,12619.108145847842,0.0,0.0
3255,8145.42972621505,814.5429726215051,0.0,0.0,3473.6784196327917,27.527130915157123,12619.108145847842,0.0,0.0
3256,8145.42972621505,814.5429726215051,0.0,0.0,3473.6784196327917,27.527130915157123,12619.108145847842,0.0,0.0
3257,8145.42972621505,814.5429726215051,0.0,0.0,3473.6784196327917,27.527130915157123,12619.108145847842,0.0,0.0
3258,8145.42972621505,814.5429726215051,0.0,0.0,3473.6784196327917,27.527130915157123,12619.108145847842,0.0,0.0
3259,8145.42972621505,814.5429726215051,0.0,0.0,3473.6784196327917,27.527130915157123,12619.108145847842,0.0,0.0
3260,8145.42972621505,814.5429726215051,0.0,0.0,3473.6784196327917,27.527130915157123,12619.108145847842,0.0,0.0
3261,8145.42972621505,814.5429726215051,0.0,0.0,3473.6784196327917,27.527130915157123,12619.108145847842,0.0,0.0
3262,8145.42972621505,814.5429726215051,0.0,0.0,3473.6784196327917,27.527130915157123,12619.108145847842,0.0,0.0
3263,8145.42972621505,814.5429726215051,0.0,0.0,3473.6784196327917,27.527130915157123,12619.108145847842,0.0,0.0
3264,8145.42972621505,814.5429726215051,0.0,0.0,3473.6784196327917,27.527130915157123,12619.108145847842,0.0,0.0
3265,8145.42972621505,814.5429726215051,0.0,0.0,3473.6784196327917,27.527130915157123,12619.108145847842,0.0,0.0
3266,8145.42972621505,814.5429726215051,0.0,0.0,3473.6784196327917,27.527130915157123,12619.108145847842,0.0,0.0
3267,8145.42972621505,814.5429726215051,0.0,0.0,3473.6784196327917,27.527130915157123,12619.108145847842,0.0,0.0
3268,8145.42972621505,814.5429726215051,0.0,0.0,3473.6784196327917,27.527130915157123,12619.108145847842,0.0,0.0
3269,8145.42972621505,814.5429726215051,0.0,0.0,3473.6784196327917,27.527130915157123,12619.108145847842,0.0,0.0
3270,8145.42972621505,814.5429726215051,0.0,0.0,3473.6784196327917,27.527130915157123,12619.108145847842,0.0,0.0
3271,8145.42972621505,814.5429726215051,0.0,0.0,3473.6784196327917,27.527130915157123,12619.108145847842,0.0,0.0
3272,8145.42972621505,814.5429726215051,0.0,0.0,3473.6784196327917,27.527130915157123,12619.108145847842,0.0,0.0
3273,8145.42972621505,814.5429726215051,0.0,0.0,3473.6784196327917,27.527130915157123,12619.108145847842,0.0,0.0
3274,8145.42972621505,814.5429726215051,0.0,0.0,3473.6784196327917,27.527130915157123,12619.108145847842,0.0,0.0
3275,8145.42972621505,814.5429726215051,0.0,0.0,3473.6784196327917,27.527130915157123,12619.108145847842,0.0,0.0
3276,8145.42972621505,814.5429726215051,0.0,0.0,3473.6784196327917,27.527130915157123,12619.108145847842,0.0,0.0
3277,8145.42972621505,814.5429726215051,0.0,0.0,3473.6784196327917,27.527130915157123,12619.108145847842,0.0,0.0
3278,8145.42972621505,814.5429726215051,0.0,0.0,3473.6784196327917,27.527130915157123,12619.108145847842,0.0,0.0
3279,8145.42972621505,814.5429726215051,0.0,0.0,3473.6784196327917,27.527130915157123,12619.108145847842,0.0,0.0
3280,8145.42972621505,814.5429726215051,0.0,0.0,3473.6784196327917,27.527130915157123,12619.108145847842,0.0,0.0
3281,8145.42972621505,814.5429726215051,0.0,0.0,3473.6784196327917,27.527130915157123,12619.108145847842,0.0,0.0
3282,8145.42972621505,814.5429726215051,0.0,0.0,3473.6784196327917,27.527130915157123,12619.108145847842,0.0,0.0
3283,8145.42972621505,814.5429726215051,0.0,0.0,3473.6784196327917,27.527130915157123,12619.108145847842,0.0,0.0
3284,8145.42972621505,814.5429726215051,0.0,0.0,3473.6784196327917,27.527130915157123,12619.108145847842,0.0,0.0
3285,8145.42972621505,814.5429726215051,0.0,0.0,3473.6784196327917,27.527130915157123,12619.108145847842,0.0,0.0
3286,8145.42972621505,814.5429726215051,0.0,0.0,3473.6784196327917,27.527130915157123,12619.108145847842,0.0,0.0
3287,8145.42972621505,814.5429726215051,0.0,0.0,3473.6784196327917,27.527130915157123,12619.108145847842,0.0,0.0
3288,8145.42972621505,814.5429726215051,0.0,0.0,3473.6784196327917,27.527130915157123,12619.108145847842,0.0,0.0
3289,8145.42972621505,814.5429726215051,0.0,0.0,3473.6784196327917,27.527130915157123,12619.108145847842,0.0,0.0
3290,8145.42972621505,814.5429726215051,0.0,0.0,3473.6784196327917,27.527130915157123,12619.108145847842,0.0,0.0
3291,8145.42972621505,814.5429726215051,0.0,0.0,3473.6784196327917,27.527130915157123,12619.108145847842,0.0,0.0
3292,8145.42972621505,814.5429726215051,0.0,0.0,3473.6784196327917,27.527130915157123,12619.108145847842,0.0,0.0
3293,8145.42972621505,814.5429726215051,0.0,0.0,3473.6784196327917,27.527130915157123,12619.108145847842,0.0,0.0
3294,8145.42972621505,814.5429726215051,0.0,0.0,3473.6784196327917,27.527130915157123,12619.108145847842,0.0,0.0
3295,8145.42972621505,814.5429726215051,0.0,0.0,3473.6784196327917,27.527130915157123,12619.108145847842,0.0,0.0
3296,8145.42972621505,814.5429726215051,0.0,0.0,3473.6784196327917,27.527130915157123,12619.108145847842,0.0,0.0
3297,8145.42972621505,814.5429726215051,0.0,0.0,3473.6784196327917,27.527130915157123,12619.108145847842,0.0,0.0
3298,8145.42972621505,814.5429726215051,0.0,0.0,3473.6784196327917,27.527130915157123,12619.108145847842,0.0,0.0
3299,8145.42972621505,814.5429726215051,0.0,0.0,3473.6784196327917,27.527130915157123,12619.108145847842,0.0,0.0
3300,8145.42972621505,814.5429726215051,0.0,0.0,3473.6784196327917,27.527130915157123,12619.108145847842,0.0,0.0
3301,8145.42972621505,814.5429726215051,0.0,0.0,3473.6784196327917,27.527130915157123,12619.108145847842,0.0,0.0
3302,8145.42972621505,814.5429726215051,0.0,0.0,3473.6784196327917,27.527130915157123,12619.108145847842,0.0,0.0
3303,8145.42972621505,814.5429726215051,0.0,0.0,3473.6784196327917,27.527130915157123,12619.108145847842,0.0,0.0
3304,8145.42972621505,814.5429726215051,0.0,0.0,3473.6784196327917,27.527130915157123,12619.108145847842,0.0,0.0
3305,8145.42972621505,814.5429726215051,0.0,0.0,3473.6784196327917,27.527130915157123,12619.108145847842,0.0,0.0
3306,8145.42972621505,814.5429726215051,0.0,0.0,3473.6784196327917,27.527130915157123,12619.108145847842,0.0,0.0
3307,8145.42972621505,814.5429726215051,0.0,0.0,3473.6784196327917,27.527130915157123,12619.108145847842,0.0,0.0
3308,8145.42972621505,814.5429726215051,0.0,0.0,3473.6784196327917,27.527130915157123,12619.108145847842,0.0,0.0
3309,8145.42972621505,814.5429726215051,0.0,0.0,3473.6784196327917,27.527130915157123,12619.108145847842,0.0,0.0
3310,8145.42972621505,814.5429726215051,0.0,0.0,3473.6784196327917,27.527130915157123,12619.108145847842,0.0,0.0
3311,8145.42972621505,814.5429726215051,0.0,0.0,3473.6784196327917,27.527130915157123,12619.108145847842,0.0,0.0
3312,8145.42972621505,814.5429726215051,0.0,0.0,3473.6784196327917,27.527130915157123,12619.108145847842,0.0,0.0
3313,8145.42972621505,814.5429726215051,0.0,0.0,3473.6784196327917,27.527130915157123,12619.108145847842,0.0,0.0
3314,8145.42972621505,814.5429726215051,0.0,0.0,3473.6784196327917,27.527130915157123,12619.108145847842,0.0,0.0
3315,8145.42972621505,814.5429726215051,0.0,0.0,3473.6784196327917,27.527130915157123,12619.108145847842,0.0,0.0
3316,8145.42972621505,814.5429726215051,0.0,0.0,3473.6784196327917,27.527130915157123,12619.108145847842,0.0,0.0
3317,8145.42972621505,814.5429726215051,0.0,0.0,3473.6784196327917,27.527130915157123,12619.108145847842,0.0,0.0
3318,8145.42972621505,814.5429726215051,0.0,0.0,3473.6784196327917,27.527130915157123,12619.108145847842,0.0,0.0
3319,8145.42972621505,814.5429726215051,0.0,0.0,3473.6784196327917,27.527130915157123,12619.108145847842,0.0,0.0
3320,8145.42972621505,814.5429726215051,0.0,0.0,3473.6784196327917,27.527130915157123,12619.108145847842,0.0,0.0
3321,8145.42972621505,814.5429726215051,0.0,0.0,3473.6784196327917,27.527130915157123,12619.108145847842,0.0,0.0
3322,8145.42972621505,814.5429726215051,0.0,0.0,3473.6784196327917,27.527130915157123,12619.108145847842,0.0,0.0
3323,8145.42972621505,814.5429726215051,0.0,0.0,3473.6784196327917,27.527130915157123,12619.108145847842,0.0,0.0
3324,8145.42972621505,814.5429726215051,0.0,0.0,3473.6784196327917,27.527130915157123,12619.108145847842,0.0,0.0
3325,8145.42972621505,814.5429726215051,0.0,0.0,3473.6784196327917,27.527130915157123,12619.108145847842,0.0,0.0
3326,8145.42972621505,814.5429726215051,0.0,0.0,3473.6784196327917,27.527130915157123,12619.108145847842,0.0,0.0
3327,8145.42972621505,814.5429726215051,0.0,0.0,3473.6784196327917,27.527130915157123,12619.108145847842,0.0,0.0
3328,8145.42972621505,814.5429726215051,0.0,0.0,3473.6784196327917,27.527130915157123,12619.108145847842,0.0,0.0
3329,8145.42972621505,814.5429726215051,0.0,0.0,3473.6784196327917,27.527130915157123,12619.108145847842,0.0,0.0
3330,8145.42972621505,814.5429726215051,0.0,0.0,3473.6784196327917,27.527130915157123,12619.108145847842,0.0,0.0
3331,8145.42972621505,814.5429726215051,0.0,0.0,3473.6784196327917,27.527130915157123,12619.108145847842,0.0,0.0
3332,8145.42972621505,814.5429726215051,0.0,0.0,3473.6784196327917,27.527130915157123,12619.108145847842,0.0,0.0
3333,8145.42972621505,814.5429726215051,0.0,0.0,3473.6784196327917,27.527130915157123,12619.108145847842,0.0,0.0
3334,8145.42972621505,814.5429726215051,0.0,0.0,3473.6784196327917,27.527130915157123,12619.108145847842,0.0,0.0
3335,8145.42972621505,814.5429726215051,0.0,0.0,3473.6784196327917,27.527130915157123,12619.108145847842,0.0,0.0
3336,8145.42972621505,814.5429726215051,0.0,0.0,3473.6784196327917,27.527130915157123,12619.108145847842,0.0,0.0
3337,8145.42972621505,814.5429726215051,0.0,0.0,3473.6784196327917,27.527130915157123,12619.108145847842,0.0,0.0
3338,8145.42972621505,814.5429726215051,0.0,0.0,3473.6784196327917,27.527130915157123,12619.108145847842,0.0,0.0
3339,8145.42972621505,814.5429726215051,0.0,0.0,3473.6784196327917,27.527130915157123,12619.108145847842,0.0,0.0
3340,8145.42972621505,814.5429726215051,0.0,0.0,3473.6784196327917,27.527130915157123,12619.108145847842,0.0,0.0
3341,8145.42972621505,814.5429726215051,0.0,0.0,3473.6784196327917,27.527130915157123,12619.108145847842,0.0,0.0
3342,8145.42972621505,814.5429726215051,0.0,0.0,3473.6784196327917,27.527130915157123,12619.108145847842,0.0,0.0
3343,8145.42972621505,814.5429726215051,0.0,0.0,3473.6784196327917,27.527130915157123,12619.108145847842,0.0,0.0
3344,8145.42972621505,814.5429726215051,0.0,0.0,3473.6784196327917,27.527130915157123,12619.108145847842,0.0,0.0
3345,8145.42972621505,814.5429726215051,0.0,0.0,3473.6784196327917,27.527130915157123,12619.108145847842,0.0,0.0
3346,8145.42972621505,814.5429726215051,0.0,0.0,3473.6784196327917,27.527130915157123,12619.108145847842,0.0,0.0
3347,8145.42972621505,814.5429726215051,0.0,0.0,3473.6784196327917,27.527130915157123,12619.108145847842,0.0,0.0
3348,8145.42972621505,814.5429726215051,0.0,0.0,3473.6784196327917,27.527130915157123,12619.108145847842,0.0,0.0
3349,8145.42972621505,814.5429726215051,0.0,0.0,3473.6784196327917,27.527130915157123,12619.108145847842,0.0,0.0
3350,8145.42972621505,814.5429726215051,0.0,0.0,3473.6784196327917,27.527130915157123,12619.108145847842,0.0,0.0
3351,8145.42972621505,814.5429726215051,0.0,0.0,3473.6784196327917,27.527130915157123,12619.108145847842,0.0,0.0
3352,8145.42972621505,814.5429726215051,0.0,0.0,3473.6784196327917,27.527130915157123,12619.108145847842,0.0,0.0
3353,8145.42972621505,814.5429726215051,0.0,0.0,3473.6784196327917,27.527130915157123,12619.108145847842,0.0,0.0
3354,8145.42972621505,814.5429726215051,0.0,0.0,3473.6784196327917,27.527130915157123,12619.108145847842,0.0,0.0
3355,8145.42972621505,814.5429726215051,0.0,0.0,3473.6784196327917,27.527130915157123,12619.108145847842,0.0,0.0
3356,8145.42972621505,814.5429726215051,0.0,0.0,3473.6784196327917,27.527130915157123,12619.108145847842,0.0,0.0
3357,8145.42972621505,814.5429726215051,0.0,0.0,3473.6784196327917,27.527130915157123,12619.108145847842,0.0,0.0
3358,8145.42972621505,814.5429726215051,0.0,0.0,3473.6784196327917,27.527130915157123,12619.108145847842,0.0,0.0
3359,8145.42972621505,814.5429726215051,0.0,0.0,3473.6784196327917,27.527130915157123,12619.108145847842,0.0,0.0
3360,8145.42972621505,814.5429726215051,0.0,0.0,3473.6784196327917,27.527130915157123,12619.108145847842,0.0,0.0
3361,8145.42972621505,814.5429726215051,0.0,0.0,3473.6784196327917,27.527130915157123,12619.108145847842,0.0,0.0
3362,8145.42972621505,814.5429726215051,0.0,0.0,3473.6784196327917,27.527130915157123,12619.108145847842,0.0,0.0
3363,8145.42972621505,814.5429726215051,0.0,0.0,3473.6784196327917,27.527130915157123,12619.108145847842,0.0,0.0
3364,8145.42972621505,814.5429726215051,0.0,0.0,3473.6784196327917,27.527130915157123,12619.108145847842,0.0,0.0
3365,8145.42972621505,814.5429726215051,0.0,0.0,3473.6784196327917,27.527130915157123,12619.108145847842,0.0,0.0
3366,8145.42972621505,814.5429726215051,0.0,0.0,3473.6784196327917,27.527130915157123,12619.108145847842,0.0,0.0
3367,8145.42972621505,814.5429726215051,0.0,0.0,3473.6784196327917,27.527130915157123,12619.108145847842,0.0,0.0
3368,8145.42972621505,814.5429726215051,0.0,0.0,3473.6784196327917,27.527130915157123,12619.108145847842,0.0,0.0
3369,8136.2934327822695,813.6293432782269,-9.136293432780803,-0.09990009990008542,3482.8147130655725,27.599531383773336,12619.108145847842,0.0,0.0
3370,8228.579580630952,822.8579580630953,92.28614784868296,1.0101049022522401,3390.5285652168895,26.868210701027234,12619.108145847842,92.28614784868296,0.0
3371,8129.372279730695,812.9372279730694,-99.2073009002579,-1.0750007629394598,3489.7358661171475,27.654377993942468,12619.108145847842,92.28614784868296,-6.921153051574947
3372,7875.586693305717,787.5586693305717,-253.78558642497774,-2.7798799156042775,3743.521452542125,29.665499409907852,12619.108145847842,92.28614784868296,-260.7067394765527
3373,7764.843843950857,776.4843843950857,-110.74284935485957,-1.2477242708742398,3854.2643018969848,30.543080044568615,12619.108145847842,92.28614784868296,-371.44958883141226
3374,7997.865091115178,799.7865091115178,233.0212471643208,2.658589831296787,3621.243054732664,28.696505433501564,12619.108145847842,92.28614784868296,-371.44958883141226
3375,8103.993545067011,810.3993545067011,106.12845395183285,1.1794848319811813,3515.114600780831,27.855491530417186,12619.108145847842,92.28614784868296,-371.44958883141226
3376,7767.1506015994055,776.7150601599405,-336.84294346760544,-3.6999470814665036,3851.9575442484365,30.52480016597587,12619.108145847842,92.28614784868296,-371.44958883141226
3377,7607.957920671657,760.7957920671657,-159.19268092774837,-1.8157858597604881,4011.150225176185,31.786321020602422,12619.108145847842,92.28614784868296,-528.3355121106124
3378,7515.671772822974,751.5671772822975,-92.28614784868296,-1.072102683344467,4103.436373024868,32.517641703348524,12619.108145847842,92.28614784868296,-620.6216599592954
3379,7280.342887904173,728.0342887904172,-235.32888491880112,-2.763479983691164,4338.765257943669,34.38250316739923,12619.108145847842,92.28614784868296,-855.9505448780965
3380,7656.407752244546,765.6407752244545,376.0648643403729,4.5416581104355425,3962.700393603296,31.40238080063663,12619.108145847842,92.28614784868296,-855.9505448780965
3381,7697.93643076586,769.793643076586,41.52867852131385,0.4797449439756907,3921.1717150819823,31.07328719083998,12619.108145847842,92.28614784868296,-855.9505448780965
3382,9112.216497927213,911.2216497927212,1414.2800671613531,16.259949453744447,2506.891647920629,19.865838527942962,12619.108145847842,975.9230651449434,-855.9505448780965
3383,9123.752046381816,912.3752046381817,11.535548454603486,0.11407537068621743,2495.3560994660256,19.774425186197416,12619.108145847842,987.4586135995469,-855.9505448780965
3384,9190.658579460882,919.0658579460882,66.90653307906541,0.6608867223588,2428.44956638696,19.244225014316964,12619.108145847842,1054.3651466786123,-855.9505448780965
3385,9257.56599264588,925.756599264588,66.9074131849975,0.6565563222758586,2361.5421532019627,18.714017868045598,12619.108145847842,1121.2725598636098,-855.9505448780965
3386,9407.530762873506,940.7530762873506,149.964770227627,1.4619917662254789,2211.5773829743357,17.525623502180913,12619.108145847842,1271.2373300912368,-855.9505448780965
3387,9405.223125119026,940.5223125119026,-2.307637754480311,-0.022172768998307557,2213.885020728816,17.543910355164574,12619.108145847842,1271.2373300912368,-855.9505448780965
3388,9273.71593650351,927.3715936503509,-131.5071886155165,-1.263857459222073,2345.3922093443325,18.586037794723666,12619.108145847842,1271.2373300912368,-855.9505448780965
3389,9227.573742685101,922.75737426851,-46.14219381840849,-0.44912857337685574,2391.534403162741,18.951691161705792,12619.108145847842,1271.2373300912368,-855.9505448780965
3390,9255.259234997333,925.5259234997333,27.685492312231872,0.27069462424587076,2363.848910850509,18.73229774663833,12619.108145847842,1271.2373300912368,-855.9505448780965
3391,9119.137650978788,911.9137650978788,-136.12158401854504,-1.3273344037370904,2499.970494869054,19.810991917773823,12619.108145847842,1271.2373300912368,-855.9505448780965
3392,9278.330331906536,927.8330331906536,159.19268092774837,1.5731842615299252,2340.777813941306,18.549471063147273,12619.108145847842,1271.2373300912368,-855.9505448780965
3393,9162.97308714865,916.297308714865,-115.35724475788629,-1.1223344748882869,2456.135058699192,19.46361842938443,12619.108145847842,1271.2373300912368,-855.9505448780965
3394,9202.195008021416,920.2195008021416,39.22192087276562,0.3859295949761199,2416.9131378264265,19.15280469818052,12619.108145847842,1271.2373300912368,-855.9505448780965
3395,9031.465898533133,903.1465898533133,-170.72910948828212,-1.6734546767048442,2587.6422473147086,20.505745868943517,12619.108145847842,1271.2373300912368,-855.9505448780965
3396,9186.045064163787,918.6045064163787,154.57916563065373,1.5409429408842268,2433.063081684055,19.28078477150244,12619.108145847842,1271.2373300912368,-855.9505448780965
3397,9361.387688949164,936.1387688949163,175.34262478537676,1.7214004422802187,2257.720456898678,17.89128384355397,12619.108145847842,1271.2373300912368,-855.9505448780965
3398,9465.209385252449,946.5209385252448,103.82169630328463,1.0020057102391178,2153.8987605953935,17.068549819062344,12619.108145847842,1328.915952470179,-855.9505448780965
3399,9072.994577054447,907.2994577054446,-392.21480819800126,-3.747797045998047,2546.1135687933947,20.176652259146866,12619.108145847842,1328.915952470179,-855.9505448780965
3400,8964.558485348136,896.4558485348135,-108.43609170631134,-1.0765030287350763,2654.549660499706,21.035953015214883,12619.108145847842,1328.915952470179,-855.9505448780965
3401,9354.466535897589,935.446653589759,389.90805054945304,3.912948587965759,2264.641609950253,17.946130453723107,12619.108145847842,1328.915952470179,-855.9505448780965
3402,9220.651709527594,922.0651709527594,-133.814826369995,-1.2923391649977911,2398.456436320248,19.006544746265845,12619.108145847842,1328.915952470179,-855.9505448780965
3403,9153.744296342595,915.3744296342595,-66.90741318499931,-0.6546296174306465,2465.3638495052473,19.536751892537225,12619.108145847842,1328.915952470179,-855.9505448780965
3404,8994.551615414846,899.4551615414846,-159.19268092774837,-1.5678224335931912,2624.5565304329957,20.798272747163775,12619.108145847842,1328.915952470179,-855.9505448780965
3405,9336.00895428548,933.600895428548,341.457338870634,3.4164347937730044,2283.0991915623617,18.09239738002869,12619.108145847842,1328.915952470179,-855.9505448780965
3406,10081.216649808717,1008.1216649808716,745.2076955232369,7.209820529560029,1537.8914960391248,12.187006231063553,12619.108145847842,1944.9232170264477,-855.9505448780965
3407,10023.538027429775,1002.3538027429775,-57.67862237894224,-0.5205080290523689,1595.570118418067,12.644079914182122,12619.108145847842,1944.9232170264477,-855.9505448780965
3408,9843.58100724137,984.3581007241371,-179.9570201884053,-1.6324796969958255,1775.5271386064724,14.070147573706999,12619.108145847842,1944.9232170264477,-855.9505448780965
3409,9772.059198653344,977.2059198653343,-71.52180858802603,-0.6595773899808921,1847.0489471944984,14.636921451554771,12619.108145847842,1944.9232170264477,-855.9505448780965
3410,9737.452553289537,973.7452553289536,-34.60664536380682,-0.32126304474945355,1881.6555925583052,14.91116147679137,12619.108145847842,1944.9232170264477,-855.9505448780965
3411,9802.052328720056,980.2052328720056,64.599775430519,0.6016303691207314,1817.0558171277862,14.39924118350365,12619.108145847842,1944.9232170264477,-855.9505448780965
3412,9804.359966474534,980.4359966474534,2.307637754478492,0.021362956633175223,1814.7481793733077,14.380954330520005,12619.108145847842,1944.9232170264477,-855.9505448780965
3413,10113.516537523978,1011.3516537523979,309.1565710494433,2.8614056918571995,1505.5916083238644,11.931046084419684,12619.108145847842,1977.223104741708,-855.9505448780965
3414,10152.738458396743,1015.2738458396744,39.22192087276562,0.3529208845853171,1466.3696874510988,11.62023235321578,12619.108145847842,2016.4450256144737,-855.9505448780965
3415,10005.081325923597,1000.5081325923596,-147.6571324731467,-1.3239540497067548,1614.0268199242455,12.790339866096803,12619.108145847842,2016.4450256144737,-855.9505448780965
3416,10071.988739108596,1007.1988739108596,66.90741318499931,0.6079683666434299,1547.1194067392462,12.26013271982542,12619.108145847842,2016.4450256144737,-855.9505448780965
3417,10173.5027976574,1017.3502797657401,101.51405854880431,0.9168547849966124,1445.6053481904419,11.455685548317454,12619.108145847842,2037.2093648751306,-855.9505448780965
3418,10247.331363893973,1024.7331363893973,73.82856623657244,0.6607468362745728,1371.7767819538694,10.87063179187695,12619.108145847842,2111.037931111703,-855.9505448780965
3419,10321.159930130547,1032.1159930130545,73.82856623657426,0.656409630408672,1297.9482157172952,10.285578035436432,12619.108145847842,2184.8664973482773,-855.9505448780965
3420,10341.924269391204,1034.1924269391204,20.764339260656925,0.1834117651265954,1277.1838764566382,10.121031230538106,12619.108145847842,2205.6308366089343,-855.9505448780965
3421,10272.710098557658,1027.271009855766,-69.21417083354572,-0.6102506875339975,1346.398047290184,10.669518255402219,12619.108145847842,2205.6308366089343,-855.9505448780965
3422,10634.931776688947,1063.4931776688948,362.2216781312891,3.213261717584981,984.1763691588949,7.799096083368822,12619.108145847842,2498.6383439066776,-855.9505448780965
3423,10791.81769996815,1079.1817699968149,156.88592327920196,1.3484043249271993,827.2904458796929,6.5558551073350015,12619.108145847842,2655.5242671858796,-855.9505448780965
3424,10761.824569901437,1076.1824569901437,-29.993130066712183,-0.2543554423063532,857.2835759464051,6.793535375386124,12619.108145847842,2655.5242671858796,-855.9505448780965
3425,10886.410605465378,1088.6410605465378,124.58603556394155,1.0592407225895606,732.6975403824636,5.806254545996172,12619.108145847842,2750.117172683109,-855.9505448780965
3426,10874.875057010777,1087.4875057010777,-11.535548454601667,-0.09704820771796463,744.2330888370652,5.8976678877417,12619.108145847842,2750.117172683109,-855.9505448780965
3427,10835.65313613801,1083.565313613801,-39.22192087276744,-0.33029333516744197,783.4550097098327,6.208481618945619,12619.108145847842,2750.117172683109,-855.9505448780965
3428,10309.624381675943,1030.9624381675944,-526.028754462066,-4.444442131004445,1309.4837641718987,10.376991377181973,12619.108145847842,2750.117172683109,-855.9505448780965
3429,10448.052723343035,1044.8052723343035,138.42834166709144,1.2239870838802958,1171.0554225048072,9.280017327453749,12619.108145847842,2750.117172683109,-855.9505448780965
3430,10498.810192670404,1049.8810192670405,50.75746932736911,0.4433720786756412,1120.297953177438,8.8777902545043,12619.108145847842,2750.117172683109,-855.9505448780965
3431,10261.174550103055,1026.1174550103055,-237.63564256734935,-2.066610706547911,1357.9335957447875,10.760931597147762,12619.108145847842,2750.117172683109,-855.9505448780965
3432,10203.495927724112,1020.3495927724113,-57.67862237894224,-0.5121901105636817,1415.6122181237297,11.21800528026633,12619.108145847842,2750.117172683109,-855.9505448780965
3433,10291.166800063835,1029.1166800063834,87.67087233972234,0.7825313893565333,1327.9413457840074,10.523258303487554,12619.108145847842,2750.117172683109,-855.9505448780965
3434,10305.009986272917,1030.5009986272917,13.843186209081978,0.12260191045094793,1314.0981595749254,10.413558108758366,12619.108145847842,2750.117172683109,-855.9505448780965
3435,10261.174550103055,1026.1174550103055,-43.83543616986208,-0.3877522994060967,1357.9335957447875,10.760931597147762,12619.108145847842,2750.117172683109,-855.9505448780965
3436,10381.14619026397,1038.114619026397,119.97164016091483,1.0653563678205913,1237.9619555838726,9.8102174993342,12619.108145847842,2750.117172683109,-855.9505448780965
3437,10526.495684982636,1052.6495684982638,145.3494947186664,1.2771077032909472,1092.6124608652062,8.658396839436838,12619.108145847842,2750.117172683109,-855.9505448780965
3438,10600.324251219208,1060.0324251219208,73.82856623657244,0.6405118108252061,1018.7838946286338,8.073343082996335,12619.108145847842,2750.117172683109,-855.9505448780965
3439,10713.374738328548,1071.3374738328548,113.05048710933988,0.9745459235543263,905.7334075192939,7.17747559535191,12619.108145847842,2750.117172683109,-855.9505448780965
3440,10881.796210062352,1088.179621006235,168.42147173380363,1.437856087560263,737.3119357854903,5.842821277572563,12619.108145847842,2750.117172683109,-855.9505448780965
3441,10803.35324842275,1080.335324842275,-78.44296163960098,-0.6601944710444507,815.7548974250913,6.4644417655894735,12619.108145847842,2750.117172683109,-855.9505448780965
3442,10881.796210062352,1088.179621006235,78.44296163960098,0.6645820046950135,737.3119357854903,5.842821277572563,12619.108145847842,2750.117172683109,-855.9505448780965
3443,10964.85356710498,1096.4853567104979,83.0573570426277,0.6990303113622476,654.2545787428626,5.184634057979262,12619.108145847842,2828.56013432271,-855.9505448780965
3444,11098.667513369042,1109.8667513369041,133.8139462640629,1.118391842520805,520.4406324787997,4.124226739827443,12619.108145847842,2962.374080586773,-855.9505448780965
3445,10738.753472992232,1073.8753472992232,-359.9140403768106,-2.9748237975719682,880.3546728556103,6.976362058877195,12619.108145847842,2962.374080586773,-855.9505448780965
3446,10711.067100574068,1071.1067100574069,-27.686372418163955,-0.23585444980902537,908.0410452737742,7.1957624483355715,12619.108145847842,2962.374080586773,-855.9505448780965
3447,10637.238534337495,1063.7238534337496,-73.82856623657244,-0.6304170713269497,981.8696115103467,7.780816204776075,12619.108145847842,2962.374080586773,-855.9505448780965
3448,10593.403098167633,1059.3403098167632,-43.83543616986208,-0.3766824581323047,1025.7050476802087,8.128189693165472,12619.108145847842,2962.374080586773,-855.9505448780965
3449,10987.924664014183,1098.7924664014183,394.5215658465495,3.4029832526819126,631.1834818336592,5.001807374488205,12619.108145847842,2962.374080586773,-855.9505448780965
3450,10994.84669717169,1099.484669717169,6.92203315750703,0.05774171386216942,624.2614486761522,4.946953789928154,12619.108145847842,2962.374080586773,-855.9505448780965
3451,10840.267531541038,1084.0267531541037,-154.57916563065191,-1.2887131410116326,778.8406143068041,6.171914887369214,12619.108145847842,2962.374080586773,-855.9505448780965
3452,10713.374738328548,1071.3374738328548,-126.89279321248978,-1.0717054566078188,905.7334075192939,7.17747559535191,12619.108145847842,2962.374080586773,-855.9505448780965
3453,10831.038740734983,1083.1038740734982,117.66400240643452,1.0045269193122763,788.0694051128594,6.245048350522011,12619.108145847842,2962.374080586773,-855.9505448780965
3454,10941.781590089842,1094.1781590089843,110.74284935485957,0.9360365711048368,677.3265557579998,5.367467715861247,12619.108145847842,2962.374080586773,-855.9505448780965
3455,10902.560549323009,1090.256054932301,-39.22104076683354,-0.32843542205948095,716.5475965248334,5.678274472674238,12619.108145847842,2962.374080586773,-855.9505448780965
3456,10923.324888583666,1092.3324888583666,20.764339260656925,0.17445270851268457,695.7832572641764,5.513727667775912,12619.108145847842,2962.374080586773,-855.9505448780965
3457,11133.275038838781,1113.327503883878,209.95015025511566,1.760835607659561,485.83310700906077,3.8499797401999283,12619.108145847842,2996.9816060565117,-855.9505448780965
3458,10837.96077389249,1083.7960773892491,-295.3142649462916,-2.433920470779627,781.1473719553524,6.19019476596196,12619.108145847842,2996.9816060565117,-855.9505448780965
3459,10625.702985882894,1062.5702985882895,-212.25778800959597,-1.7930266205790302,993.4051599649483,7.872229546521603,12619.108145847842,2996.9816060565117,-855.9505448780965
3460,10517.26689417658,1051.726689417658,-108.43609170631316,-0.9327271807819892,1101.8412516712615,8.731530302589636,12619.108145847842,2996.9816060565117,-855.9505448780965
3461,10602.631888973689,1060.2631888973688,85.36499479710801,0.74119142658986,1016.4762568741535,8.055056230012674,12619.108145847842,2996.9816060565117,-855.9505448780965
3462,10623.396228234345,1062.3396228234344,20.764339260656925,0.17896232044032345,995.7119176134966,7.890509425114349,12619.108145847842,2996.9816060565117,-855.9505448780965
3463,10951.010380895897,1095.1010380895898,327.614152661552,2.8185751068671827,668.0977649519446,5.294334252708451,12619.108145847842,2996.9816060565117,-855.9505448780965
3464,10877.181814659323,1087.7181814659323,-73.82856623657426,-0.6177600377169079,741.9263311885188,5.879388009148969,12619.108145847842,2996.9816060565117,-855.9505448780965
3465,11050.217681796154,1105.0217681796153,173.03586713683035,1.4568764698311032,568.8904640516885,4.50816695979323,12619.108145847842,2996.9816060565117,-855.9505448780965
3466,11036.374495587072,1103.6374495587072,-13.843186209081978,-0.11487913807560757,582.7336502607704,4.617867154522418,12619.108145847842,2996.9816060565117,-855.9505448780965
3467,10934.860437038267,1093.4860437038267,-101.51405854880431,-0.8433939853402128,684.2477088095748,5.422314326030384,12619.108145847842,2996.9816060565117,-855.9505448780965
3468,10757.21017449841,1075.7210174498412,-177.65026253985707,-1.4884988683113831,861.8979713494318,6.830102106962515,12619.108145847842,2996.9816060565117,-855.9505448780965
3469,10600.324251219208,1060.0324251219208,-156.88592327920196,-1.3343805286350152,1018.7838946286338,8.073343082996335,12619.108145847842,2996.9816060565117,-855.9505448780965
3470,10611.860679779744,1061.1860679779743,11.536428560535569,0.09944919047693013,1007.2474660680982,7.981922766859877,12619.108145847842,2996.9816060565117,-855.9505448780965
3471,10611.860679779744,1061.1860679779743,0.0,0.0,1007.2474660680982,7.981922766859877,12619.108145847842,2996.9816060565117,-855.9505448780965
3472,10614.16743742829,1061.416743742829,2.3067576485464087,0.019865529841944785,1004.9407084195518,7.963642888267146,12619.108145847842,2996.9816060565117,-855.9505448780965
3473,10711.067100574068,1071.1067100574069,96.8996631457776,0.8343229393568574,908.0410452737742,7.1957624483355715,12619.108145847842,2996.9816060565117,-855.9505448780965
3474,10967.160324753526,1096.7160324753524,256.09322417945805,2.186762504049744,651.9478210943162,5.166354179386531,12619.108145847842,2996.9816060565117,-855.9505448780965
3475,11306.310905975612,1130.631090597561,339.15058122208575,2.8340105089138756,312.7972398722304,2.478758690844189,12619.108145847842,3170.017473193342,-855.9505448780965
3476,11564.710887803618,1156.4710887803617,258.3999818280063,2.0997355243359994,54.397258044224145,0.43107054330240346,12619.108145847842,3428.4174550213484,-855.9505448780965
3477,11599.318413273357,1159.9318413273356,34.6075254697389,0.27543431582919276,19.789732574485242,0.1568235436748896,12619.108145847842,3463.0249804910873,-855.9505448780965
3478,11550.868581700468,1155.0868581700468,-48.4498315728888,-0.38454327435559765,68.23956414737404,0.540763763640677,12619.108145847842,3463.0249804910873,-855.9505448780965
3479,11375.525076809157,1137.5525076809158,-175.34350489131066,-1.397062711237107,243.5830690386847,1.9302716659800767,12619.108145847842,3463.0249804910873,-855.9505448780965
3480,11645.461487197697,1164.5461487197697,269.93641038854,2.181211776576508,0.0,0.0,12645.461487197697,3509.168054415428,-855.9505448780965
3481,11825.418507386103,1182.5418507386103,179.9570201884053,1.423095712011735,0.0,0.0,12825.418507386103,3689.125074603833,-855.9505448780965
3482,11763.125489604132,1176.312548960413,-62.293017781970775,-0.48569968883351855,62.293017781970775,0.4856996888335184,12825.418507386103,3689.125074603833,-855.9505448780965
3483,11989.22558371688,1198.922558371688,226.10009411274768,1.7715103898093831,0.0,0.0,12989.22558371688,3852.93215093461,-855.9505448780965
3484,11864.639548152938,1186.4639548152938,-124.58603556394155,-0.9591490636679745,124.58603556394155,0.9591490636679754,12989.22558371688,3852.93215093461,-855.9505448780965
3485,11800.039772722419,1180.0039772722419,-64.599775430519,-0.5021499062505375,189.18581099446055,1.456482603794497,12989.22558371688,3852.93215093461,-855.9505448780965
3486,11710.061262628216,1171.0061262628215,-89.97851009420265,-0.7029549258585233,279.1643210886632,2.1491991134453765,12989.22558371688,3852.93215093461,-855.9505448780965
3487,11636.232696391644,1163.6232696391644,-73.82856623657244,-0.5808671155162148,352.99288732523564,2.717582238064622,12989.22558371688,3852.93215093461,-855.9505448780965
3488,11788.504224267817,1178.8504224267817,152.27152787617342,1.2050389663974315,200.72135944906222,1.5452911965797549,12989.22558371688,3852.93215093461,-855.9505448780965
3489,11781.583071216242,1178.1583071216244,-6.921153051574947,-0.05412011389448468,207.64251250063717,1.598574997118651,12989.22558371688,3852.93215093461,-855.9505448780965
3490,11887.711525168073,1188.7711525168074,106.12845395183103,0.8303232343013001,101.51405854880613,0.7815251024361515,12989.22558371688,3852.93215093461,-855.9505448780965
3491,11490.882321567045,1149.0882321567046,-396.829203601028,-3.079128539043341,498.3432621498341,3.836589479010593,12989.22558371688,3852.93215093461,-855.9505448780965
3492,11435.511336942582,1143.5511336942582,-55.370984624463745,-0.44329121993935683,553.7142467742979,4.262873434644377,12989.22558371688,3852.93215093461,-855.9505448780965
3493,11800.039772722419,1180.0039772722419,364.5284357798373,2.931350596713478,189.18581099446055,1.456482603794497,12989.22558371688,3852.93215093461,-855.9505448780965
3494,11968.461244456223,1196.846124445622,168.42147173380363,1.315788659443995,20.764339260656925,0.1598581772779959,12989.22558371688,3852.93215093461,-855.9505448780965
3495,12060.747392304904,1206.0747392304904,92.28614784868114,0.7116198761679016,0.0,0.0,13060.747392304904,3924.4539595226342,-855.9505448780965
3496,12201.483371726476,1220.1483371726474,140.73597942157176,1.0775492029230227,0.0,0.0,13201.483371726476,4065.189938944206,-855.9505448780965
3497,12323.761769535937,1232.3761769535936,122.27839780946124,0.9262474099792861,0.0,0.0,13323.761769535937,4187.468336753667,-855.9505448780965
3498,12293.768639469226,1229.3768639469226,-29.993130066710364,-0.22511007465840782,29.993130066710364,0.22511007465840496,13323.761769535937,4187.468336753667,-855.9505448780965
3499,12236.090017090282,1223.6090017090282,-57.678622378944056,-0.4338771340408054,87.67175244565442,0.6580105075588424,13323.761769535937,4187.468336753667,-855.9505448780965
3500,12422.969070436195,1242.2969070436193,186.87905334591233,1.4118901662395489,0.0,0.0,13422.969070436195,4286.675637653925,-855.9505448780965
3501,12443.733409696852,1244.3733409696852,20.764339260656925,0.1546925955926648,0.0,0.0,13443.733409696852,4307.439976914582,-855.9505448780965
3502,12259.16199410542,1225.9161994105418,-184.57141559143201,-1.3729178492806304,184.57141559143201,1.3729178492806338,13443.733409696852,4307.439976914582,-855.9505448780965
3503,12570.626202909341,1257.062620290934,311.4642088039218,2.349048974153778,0.0,0.0,13570.626202909341,4434.332770127072,-855.9505448780965
3504,12492.18324126974,1249.218324126974,-78.44296163960098,-0.5780349444949318,78.44296163960098,0.5780349444949267,13570.626202909341,4434.332770127072,-855.9505448780965
3505,12413.74027963014,1241.374027963014,-78.44296163960098,-0.5813956143114085,156.88592327920196,1.1560698889898533,13570.626202909341,4434.332770127072,-855.9505448780965
3506,12219.940073232652,1221.9940073232651,-193.80020639748727,-1.444788719308876,350.68612967668923,2.5841558409552783,13570.626202909341,4434.332770127072,-855.9505448780965
3507,12148.41914475056,1214.841914475056,-71.52092848209213,-0.5410079628644149,422.20705815878136,3.111183314947297,13570.626202909341,4434.332770127072,-855.9505448780965
3508,11993.839979119906,1199.3839979119907,-154.57916563065373,-1.1756482960338932,576.7862237894351,4.2502550373525185,13570.626202909341,4434.332770127072,-855.9505448780965
3509,12194.561338568968,1219.456133856897,200.72135944906222,1.5447424300407464,376.0648643403729,2.771168100258705,13570.626202909341,4434.332770127072,-855.9505448780965
3510,12243.01205024779,1224.301205024779,48.45071167882088,0.36720214060617096,327.614152661552,2.4141417482364695,13570.626202909341,4434.332770127072,-855.9505448780965
3511,12356.061657251197,1235.6061657251198,113.0496070034078,0.85365479223658,214.5645456581442,1.5810953927250955,13570.626202909341,4434.332770127072,-855.9505448780965
3512,12249.933203299364,1224.9933203299363,-106.12845395183285,-0.7946088950122054,320.69299960997705,2.363140763108081,13570.626202909341,4434.332770127072,-855.9505448780965
3513,12381.44039191488,1238.144039191488,131.5071886155165,0.9925120874026083,189.18581099446055,1.3940831334216686,13570.626202909341,4434.332770127072,-855.9505448780965
3514,12365.29044805725,1236.5290448057249,-16.149943857630205,-0.12068912900727868,205.33575485209076,1.513089755637583,13570.626202909341,4434.332770127072,-855.9505448780965
3515,12215.325677829625,1221.5325677829626,-149.9647702276252,-1.1220464741147795,355.30052507971595,2.6181586594990347,13570.626202909341,4434.332770127072,-855.9505448780965
3516,12741.355312397623,1274.1355312397623,526.0296345679981,3.980451540823382,0.0,0.0,13741.355312397623,4605.061879615354,-855.9505448780965
3517,12665.21910840657,1266.521910840657,-76.13620399105275,-0.5540661911446421,76.13620399105275,0.5540661911446371,13741.355312397623,4605.061879615354,-855.9505448780965
3518,13096.654957371407,1309.6654957371409,431.4358489648366,3.1571820805963213,0.0,0.0,14096.654957371407,4960.361524589138,-855.9505448780965
3519,12995.140898822601,1299.5140898822601,-101.51405854880613,-0.7201287032688741,101.51405854880613,0.7201287032688738,14096.654957371407,4960.361524589138,-855.9505448780965
3520,12877.476896416167,1287.7476896416165,-117.66400240643452,-0.84074896606674,219.17806095524065,1.5548231947085311,14096.654957371407,4960.361524589138,-855.9505448780965
3521,12722.897730785515,1272.2897730785514,-154.57916563065191,-1.1138852313317238,373.75722658589257,2.651389480101078,14096.654957371407,4960.361524589138,-855.9505448780965
3522,13008.984085031683,1300.8984085031682,286.0863542461684,2.0847372024377364,87.67087233972416,0.6219267805365372,14096.654957371407,4960.361524589138,-855.9505448780965
3523,13038.976334992463,1303.8976334992465,29.9922499607801,0.214092969045665,57.678622378944056,0.40916531300060527,14096.654957371407,4960.361524589138,-855.9505448780965
3524,12928.233485637604,1292.8233485637604,-110.74284935485957,-0.7888242469561768,168.42147173380363,1.194761964757695,14096.654957371407,4960.361524589138,-855.9505448780965
3525,12835.948217894853,1283.5948217894852,-92.28526774275088,-0.6625769724345365,260.7067394765545,1.84942271953834,14096.654957371407,4960.361524589138,-855.9505448780965
3526,12697.51899612183,1269.751899612183,-138.42922177302353,-1.000504046365136,399.13596124957803,2.831423216760103,14096.654957371407,4960.361524589138,-855.9505448780965
3527,12621.383672236709,1262.138367223671,-76.13532388512067,-0.5558329497967973,475.2712851346987,3.3715181833699517,14096.654957371407,4960.361524589138,-855.9505448780965
3528,12619.07603448223,1261.907603448223,-2.307637754478492,-0.016941287390515036,477.5789228891772,3.3878882921755995,14096.654957371407,4960.361524589138,-855.9505448780965
3529,12709.054544576433,1270.9054544576431,89.97851009420265,0.6606799893501325,387.60041279497455,2.7495914028334143,14096.654957371407,4960.361524589138,-855.9505448780965
3530,12792.11190161906,1279.211190161906,83.0573570426277,0.6058576597865128,304.54305575234685,2.160392353173797,14096.654957371407,4960.361524589138,-855.9505448780965
3531,12616.769276833682,1261.6769276833684,-175.34262478537858,-1.2713254216331848,479.8856805377254,3.404252157614059,14096.654957371407,4960.361524589138,-855.9505448780965
3532,12561.397412103286,1256.1397412103286,-55.37186473039583,-0.40664465707442865,535.2575452681212,3.797053605176205,14096.654957371407,4960.361524589138,-855.9505448780965
3533,12697.51899612183,1269.751899612183,136.12158401854322,1.0037430500861033,399.13596124957803,2.831423216760103,14096.654957371407,4960.361524589138,-855.9505448780965
3534,12752.890860852225,1275.2890860852226,55.37186473039583,0.4042474023658871,343.7640965191822,2.4386217691979577,14096.654957371407,4960.361524589138,-855.9505448780965
3535,12614.461639079202,1261.4461639079202,-138.42922177302353,-1.0065463557706544,482.19331829220573,3.420622266419721,14096.654957371407,4960.361524589138,-855.9505448780965
3536,12711.362182330911,1271.136218233091,96.90054325170968,0.711747154023068,385.29277504049605,2.7332212940277665,14096.654957371407,4960.361524589138,-855.9505448780965
3537,12829.026184737346,1282.9026184737347,117.66400240643452,0.8581496195765315,267.62877263406153,1.8985268025881088,14096.654957371407,4960.361524589138,-855.9505448780965
3538,12665.21910840657,1266.521910840657,-163.8070763307751,-1.1845163509167644,431.4358489648366,3.0605547931016828,14096.654957371407,4960.361524589138,-855.9505448780965
3539,12713.66893997946,1271.366893997946,48.4498315728888,0.3545485161162487,382.9860173919478,2.716857428589307,14096.654957371407,4960.361524589138,-855.9505448780965
3540,13015.905238083258,1301.5905238083258,302.2362981037986,2.20390545685909,80.74971928814921,0.5728289408539694,14096.654957371407,4960.361524589138,-855.9505448780965
3541,13122.033692035091,1312.203369203509,106.12845395183285,0.7572001390496519,0.0,0.0,14122.033692035091,4985.7402592528215,-855.9505448780965
3542,13276.612857665745,1327.6612857665746,154.57916563065373,1.0945956439534443,0.0,0.0,14276.612857665745,5140.319424883475,-855.9505448780965
3543,13438.113176347972,1343.8113176347972,161.50031868222686,1.1312229328647172,0.0,0.0,14438.113176347972,5301.819743565702,-855.9505448780965
3544,13260.462913808115,1326.0462913808115,-177.65026253985707,-1.230425751412434,177.65026253985707,1.2304257514124333,14438.113176347972,5301.819743565702,-855.9505448780965
3545,12997.44765647115,1299.744765647115,-263.0152573369651,-1.8443668969700289,440.66551987682215,3.0520990831316204,14438.113176347972,5301.819743565702,-855.9505448780965
3546,12893.626840273797,1289.3626840273796,-103.82081619735254,-0.7417124803417607,544.4863360741747,3.7711737636614027,14438.113176347972,5301.819743565702,-855.9505448780965
3547,13068.969465059175,1306.8969465059176,175.34262478537858,1.2620363768307774,369.1437112887961,2.556730971561539,14438.113176347972,5301.819743565702,-855.9505448780965
3548,13207.398686832199,1320.73986868322,138.42922177302353,0.983932917878727,230.71448951577258,1.5979545713336092,14438.113176347972,5301.819743565702,-855.9505448780965
3549,13182.019952168514,1318.2019952168514,-25.378734663685464,-0.17863041097880838,256.09322417945805,1.773730549494385,14438.113176347972,5301.819743565702,-855.9505448780965
3550,13191.247862868637,1319.1247862868638,9.227910700123175,0.06506767534699698,246.86531347933487,1.7098169993828645,14438.113176347972,5301.819743565702,-855.9505448780965
3551,13251.23412300206,1325.123412300206,59.98626013342255,0.42269898118245663,186.87905334591233,1.294345397236886,14438.113176347972,5301.819743565702,-855.9505448780965
3552,13304.298349977977,1330.4298349977976,53.064226975917336,0.3723482929121946,133.814826369995,0.9268165773156974,14438.113176347972,5301.819743565702,-855.9505448780965
3553,13357.362576953892,1335.7362576953892,53.06422697591552,0.3709670036069701,80.75059939407947,0.5592877573945214,14438.113176347972,5301.819743565702,-855.9505448780965
3554,13295.069559171921,1329.506955917192,-62.293017781970775,-0.43387507592768104,143.04361717605025,0.99073622314015,14438.113176347972,5301.819743565702,-855.9505448780965
3555,13218.9342352868,1321.8934235286802,-76.13532388512067,-0.5325984848829957,219.17894106117092,1.5180580619095192,14438.113176347972,5301.819743565702,-855.9505448780965
3556,13025.134028889313,1302.5134028889313,-193.80020639748727,-1.3629728022550247,412.9791474586582,2.860340145658275,14438.113176347972,5301.819743565702,-855.9505448780965
3557,13050.512763552997,1305.0512763552997,25.378734663683645,0.18095181558628326,387.60041279497455,2.6845641674975123,14438.113176347972,5301.819743565702,-855.9505448780965
3558,13110.49814358049,1311.049814358049,59.98538002749228,0.42692662564667305,327.61503276748226,2.2690986610644535,14438.113176347972,5301.819743565702,-855.9505448780965
3559,13122.033692035091,1312.203369203509,11.535548454601667,0.0817515323500384,316.0794843128806,2.1892021516403632,14438.113176347972,5301.819743565702,-855.9505448780965
3560,13403.505650878233,1340.3505650878233,281.4719588431417,1.993140400181126,34.6075254697389,0.2396956239852156,14438.113176347972,5301.819743565702,-855.9505448780965
3561,13417.348837087315,1341.7348837087316,13.843186209081978,0.09610983981693799,20.764339260656925,0.14381615524854288,14438.113176347972,5301.819743565702,-855.9505448780965
3562,13445.034329399547,1344.5034329399548,27.685492312231872,0.1920290105002831,0.0,0.0,14445.034329399547,5308.740896617277,-855.9505448780965
3563,13338.905875447716,1333.8905875447715,-106.12845395183103,-0.7347054463957226,106.12845395183103,0.7347054463957275,14445.034329399547,5308.740896617277,-855.9505448780965
3564,13018.211995731806,1301.8211995731808,-320.69387971590913,-2.236529638324969,426.82233366774017,2.954803179657673,14445.034329399547,5308.740896617277,-855.9505448780965
3565,13221.240992935349,1322.1240992935348,203.02899720354253,1.4483230619237286,223.79333646419764,1.5492752136193804,14445.034329399547,5308.740896617277,-855.9505448780965
3566,13036.669577343915,1303.6669577343914,-184.57141559143383,-1.2978573085367318,408.36475205563147,2.82702514056681,14445.034329399547,5308.740896617277,-855.9505448780965
3567,12667.526746161051,1266.7526746161052,-369.14283118286403,-2.629846269079983,777.5075832384955,5.382524994461644,14445.034329399547,5308.740896617277,-855.9505448780965
3568,12725.205368539993,1272.5205368539994,57.67862237894224,0.4220121419930223,719.8289608595533,4.983227761491067,14445.034329399547,5308.740896617277,-855.9505448780965
3569,12665.21910840657,1266.521910840657,-59.98626013342255,-0.437051821977974,779.8152209929758,5.398500295744131,14445.034329399547,5308.740896617277,-855.9505448780965
3570,12390.669182720936,1239.0669182720935,-274.54992568563466,-2.009114698473713,1054.3651466786105,7.2991529312789005,14445.034329399547,5308.740896617277,-855.9505448780965
3571,12346.832866445142,1234.6832866445143,-43.83631627579416,-0.32736464233139584,1098.2014629544046,7.602622727723589,14445.034329399547,5308.740896617277,-855.9505448780965
3572,12339.911713393567,1233.9911713393567,-6.921153051574947,-0.051856145355466676,1105.1226160059796,7.650536445986539,14445.034329399547,5308.740896617277,-855.9505448780965
3573,12132.965395489084,1213.2965395489084,-206.9463179044833,-1.5513319904261746,1312.0689339104629,9.083183217086914,14445.034329399547,5308.740896617277,-855.9505448780965
3574,12132.965395489084,1213.2965395489084,0.0,0.0,1312.0689339104629,9.083183217086914,14445.034329399547,0.0,0.0
3575,12132.965395489084,1213.2965395489084,0.0,0.0,1312.0689339104629,9.083183217086914,14445.034329399547,0.0,0.0
3576,12132.965395489084,1213.2965395489084,0.0,0.0,1312.0689339104629,9.083183217086914,14445.034329399547,0.0,0.0
3577,12132.965395489084,1213.2965395489084,0.0,0.0,1312.0689339104629,9.083183217086914,14445.034329399547,0.0,0.0
3578,12132.965395489084,1213.2965395489084,0.0,0.0,1312.0689339104629,9.083183217086914,14445.034329399547,0.0,0.0
3579,12132.965395489084,1213.2965395489084,0.0,0.0,1312.0689339104629,9.083183217086914,14445.034329399547,0.0,0.0
3580,12132.965395489084,1213.2965395489084,0.0,0.0,1312.0689339104629,9.083183217086914,14445.034329399547,0.0,0.0
3581,12132.965395489084,1213.2965395489084,0.0,0.0,1312.0689339104629,9.083183217086914,14445.034329399547,0.0,0.0
3582,12132.965395489084,1213.2965395489084,0.0,0.0,1312.0689339104629,9.083183217086914,14445.034329399547,0.0,0.0
3583,12132.965395489084,1213.2965395489084,0.0,0.0,1312.0689339104629,9.083183217086914,14445.034329399547,0.0,0.0
3584,12132.965395489084,1213.2965395489084,0.0,0.0,1312.0689339104629,9.083183217086914,14445.034329399547,0.0,0.0
3585,12132.965395489084,1213.2965395489084,0.0,0.0,1312.0689339104629,9.083183217086914,14445.034329399547,0.0,0.0
3586,12132.965395489084,1213.2965395489084,0.0,0.0,1312.0689339104629,9.083183217086914,14445.034329399547,0.0,0.0
3587,12132.965395489084,1213.2965395489084,0.0,0.0,1312.0689339104629,9.083183217086914,14445.034329399547,0.0,0.0
3588,12132.965395489084,1213.2965395489084,0.0,0.0,1312.0689339104629,9.083183217086914,14445.034329399547,0.0,0.0
3589,12132.965395489084,1213.2965395489084,0.0,0.0,1312.0689339104629,9.083183217086914,14445.034329399547,0.0,0.0
3590,12132.965395489084,1213.2965395489084,0.0,0.0,1312.0689339104629,9.083183217086914,14445.034329399547,0.0,0.0
3591,12132.965395489084,1213.2965395489084,0.0,0.0,1312.0689339104629,9.083183217086914,14445.034329399547,0.0,0.0
3592,12132.965395489084,1213.2965395489084,0.0,0.0,1312.0689339104629,9.083183217086914,14445.034329399547,0.0,0.0
3593,12119.845549939146,1211.9845549939146,-13.119845549937963,-0.09990009990008542,1325.1887794604008,9.174009207879028,14445.034329399547,0.0,0.0
3594,12200.648714620442,1220.0648714620443,80.80316468129604,0.6158850298483287,1244.3856147791048,8.61462552737894,14445.034329399547,80.80316468129604,0.0
3595,12234.670971672365,1223.4670971672365,34.02225705192359,0.25773170536871337,1210.3633577271812,8.379096443293076,14445.034329399547,114.82542173321963,0.0
3596,12102.834015835888,1210.2834015835888,-131.8369558364775,-0.9961483448939767,1342.2003135636587,9.291776557650117,14445.034329399547,114.82542173321963,-17.011534103257873
3597,12653.569859532709,1265.3569859532709,550.7358436968207,4.2031811059440205,791.464469866838,5.479145648383778,14445.034329399547,533.7243095935628,-17.011534103257873
3598,12523.859751036434,1252.3859751036434,-129.7101084962742,-0.9500087510499133,921.1745783631122,6.377102036291276,14445.034329399547,533.7243095935628,-17.011534103257873
3599,12617.421566295172,1261.7421566295172,93.56181525873762,0.6918277546583251,827.6127631043746,5.729392843462885,14445.034329399547,533.7243095935628,-17.011534103257873
3600,12836.439795369779,1283.643979536978,219.018229074607,1.6083678397436518,608.5945340297676,4.21317471562607,14445.034329399547,716.5942454306332,-17.011534103257873
3601,12891.726470050777,1289.1726470050778,55.28667468099775,0.39957297902237787,553.3078593487699,3.830436444326331,14445.034329399547,771.880920111631,-17.011534103257873
3602,12787.532040400207,1278.7532040400206,-104.19442965056987,-0.7500466545695583,657.5022889993397,4.5517530384898075,14445.034329399547,771.880920111631,-17.011534103257873
3603,12725.868068316966,1272.5868068316965,-61.66397208324088,-0.44724445174489924,719.1662610825806,4.978640027312936,14445.034329399547,771.880920111631,-17.011534103257873
3604,12836.439795369779,1283.643979536978,110.571727052813,0.8055718334350148,608.5945340297676,4.21317471562607,14445.034329399547,771.880920111631,-17.011534103257873
3605,12910.863229185055,1291.0863229185056,74.42343381527644,0.5378799381628552,534.1711002144912,3.6979565990183123,14445.034329399547,791.0176792459097,-17.011534103257873
3606,13036.321265310107,1303.6321265310107,125.45803612505188,0.9018709627008681,408.7130640894393,2.8294364330972743,14445.034329399547,916.4757153709616,-17.011534103257873
3607,12834.312948029576,1283.4312948029576,-202.00831728053163,-1.439182770629388,610.7213813699709,4.227898442075613,14445.034329399547,916.4757153709616,-17.011534103257873
3608,12917.242148896481,1291.724214889648,82.92920086690538,0.5994457489753247,527.7921805030655,3.6537966505823105,14445.034329399547,916.4757153709616,-17.011534103257873
3609,13208.558586755344,1320.8558586755344,291.3164378588626,2.093205210789284,236.4757426442029,1.6370729016746668,14445.034329399547,1088.713036816198,-17.011534103257873
3610,13227.696968198807,1322.7696968198807,19.138381443463004,0.13469615039840566,217.3373612007399,1.5045818254540224,14445.034329399547,1107.851418259661,-17.011534103257873
3611,13242.581654961861,1324.2581654961862,14.88468676305456,0.10461768195038079,202.45267443768535,1.4015382021324758,14445.034329399547,1122.7361050227155,-17.011534103257873
3612,13202.179667043918,1320.2179667043918,-40.40198791794319,-0.2836703969597232,242.85466235562853,1.6812328501106688,14445.034329399547,1122.7361050227155,-17.011534103257873
3613,13363.785996406506,1336.3785996406505,161.60632936258844,1.1378980772760894,81.2483329930401,0.5624654891105229,14445.034329399547,1243.9404464673607,-17.011534103257873
3614,13436.08258288158,1343.608258288158,72.29658647507313,0.5033254219546368,8.951746517966967,0.0619710989523074,14445.034329399547,1316.2370329424339,-17.011534103257873
3615,13361.659149066303,1336.1659149066304,-74.42343381527644,-0.5155376009245649,83.3751803332434,0.5771892155600654,14445.034329399547,1316.2370329424339,-17.011534103257873
3616,13427.57681582995,1342.7576815829952,65.9176667636475,0.4589836458271046,17.457513569595903,0.120854773837852,14445.034329399547,1316.2370329424339,-17.011534103257873
3617,13457.346189356062,1345.734618935606,29.76937352611094,0.20633661429165784,0.0,0.0,14457.346189356062,1337.5006394169159,-17.011534103257873
3618,13421.197896118525,1342.1197896118524,-36.14829323753656,-0.2500340848457405,36.14829323753656,0.2500340848457377,14457.346189356062,1337.5006394169159,-17.011534103257873
3619,13319.130313808157,1331.9130313808155,-102.06758231036838,-0.7077607771947991,138.21587554790494,0.95602521885838,14457.346189356062,1337.5006394169159,-17.011534103257873
3620,13402.061136984246,1340.2061136984246,82.93082317608969,0.5791610339359599,55.285052371815254,0.3824011104646425,14457.346189356062,1337.5006394169159,-17.011534103257873
3621,13721.020101029017,1372.1020101029017,318.95896404477025,2.2146758093234853,0.0,0.0,14721.020101029017,1601.1745510898709,-17.011534103257873
3622,13629.585133110482,1362.9585133110484,-91.43496791853431,-0.6211184231189493,91.43496791853431,0.6211184231189447,14721.020101029017,1601.1745510898709,-17.011534103257873
3623,13701.881719585555,1370.1881719585556,72.29658647507313,0.49418070175788475,19.138381443461185,0.13000716874317284,14721.020101029017,1601.1745510898709,-17.011534103257873
3624,13895.384269814458,1389.5384269814458,193.5025502289027,1.316175397950059,0.0,0.0,14895.384269814458,1775.5387198753124,-17.011534103257873
3625,14022.967530970529,1402.296753097053,127.58326115607088,0.8565288336643828,0.0,0.0,15022.967530970529,1903.1219810313833,-17.011534103257873
3626,13986.819237732992,1398.6819237732993,-36.14829323753656,-0.24062019147026437,36.14829323753656,0.2406201914702619,15022.967530970529,1903.1219810313833,-17.011534103257873
3627,14082.50627802275,1408.250627802275,95.68704028975844,0.6384746407619435,0.0,0.0,15082.50627802275,1962.6607280836051,-17.011534103257873
3628,14116.527723920084,1411.6527723920085,34.02144589733325,0.22556891586982264,0.0,0.0,15116.527723920084,1996.6821739809384,-17.011534103257873
3629,13897.509494845477,1389.7509494845478,-219.018229074607,-1.4488659900913414,219.018229074607,1.4488659900913425,15116.527723920084,1996.6821739809384,-17.011534103257873
3630,13640.21612519313,1364.021612519313,-257.2933696523469,-1.7270898182100147,476.3115987269539,3.1509325913069848,15116.527723920084,1996.6821739809384,-17.011534103257873
3631,13891.130575134051,1389.113057513405,250.91444994092126,1.7138712147093393,225.39714878603263,1.491064303274943,15116.527723920084,1996.6821739809384,-17.011534103257873
3632,13895.384269814458,1389.5384269814458,4.253694680406625,0.02856529031791677,221.143454105626,1.4629249398040869,15116.527723920084,1996.6821739809384,-17.011534103257873
3633,13954.923016866678,1395.4923016866678,59.53874705222006,0.3997127296197167,161.60470705340595,1.0690597073935568,15116.527723920084,1996.6821739809384,-17.011534103257873
3634,14550.312109698074,1455.0312109698075,595.3890928313958,3.9812247255294864,0.0,0.0,15550.312109698074,2430.4665597589283,-17.011534103257873
3635,14550.312109698074,1455.0312109698075,0.0,0.0,0.0,0.0,15550.312109698074,2430.4665597589283,-17.011534103257873
3636,14307.903426808782,1430.7903426808782,-242.40868288929232,-1.5588669936606125,242.40868288929232,1.5588669936606112,15550.312109698074,2430.4665597589283,-17.011534103257873
3637,14516.29066380074,1451.629066380074,208.38723699195907,1.3613048840314113,34.02144589733325,0.21878304214945957,15550.312109698074,2430.4665597589283,-17.011534103257873
3638,14097.390964785805,1409.7390964785807,-418.8996990149353,-2.6997412467415383,452.9211449122686,2.912617712861215,15550.312109698074,2430.4665597589283,-17.011534103257873
3639,14056.988976867862,1405.6988976867863,-40.40198791794319,-0.26760907240317433,493.32313283021176,3.172432356020346,15550.312109698074,2430.4665597589283,-17.011534103257873
3640,13548.781157274596,1354.8781157274595,-508.2078195932663,-3.3752287417758597,1001.5309524234781,6.440584249102405,15550.312109698074,2430.4665597589283,-17.011534103257873
3641,13057.584871784587,1305.7584871784588,-491.19628549000845,-3.376202309871179,1492.7272379134865,9.599339404786194,15550.312109698074,2430.4665597589283,-17.011534103257873
3642,13886.87850276283,1388.687850276283,829.2936309782417,5.899261064699268,663.4336069352448,4.266368432061818,15550.312109698074,2430.4665597589283,-17.011534103257873
3643,13927.278868371588,1392.7278868371586,40.400365608758875,0.2713823828229822,623.033241326486,4.00656422154978,15550.312109698074,2430.4665597589283,-17.011534103257873
3644,14224.974225941876,1422.4974225941876,297.69535757028825,1.9943042546157308,325.3378837561977,2.092163047668337,15550.312109698074,2430.4665597589283,-17.011534103257873
3645,13963.428783918309,1396.342878391831,-261.5454420235674,-1.7178711644576627,586.8833257797651,3.7740935464166707,15550.312109698074,2430.4665597589283,-17.011534103257873
3646,13497.748177274005,1349.7748177274004,-465.68060664430413,-3.1121249906624793,1052.5639324240692,6.768764028650136,15550.312109698074,2430.4665597589283,-17.011534103257873
3647,13489.242410222376,1348.9242410222375,-8.505767051628936,-0.058669573699465793,1061.0696994756981,6.823462397349271,15550.312109698074,2430.4665597589283,-17.011534103257873
3648,13410.565281726693,1341.0565281726695,-78.67712849568306,-0.5430037421430334,1139.7468279713812,7.329414483330976,15550.312109698074,2430.4665597589283,-17.011534103257873
3649,13163.904526466178,1316.3904526466179,-246.66075526051463,-1.7116660619364676,1386.4075832318958,8.915625445017609,15550.312109698074,2430.4665597589283,-17.011534103257873
3650,12579.146425717432,1257.9146425717433,-584.7581007487461,-4.128509195018138,1971.165683980642,12.676052223744815,15550.312109698074,2430.4665597589283,-17.011534103257873
3651,12927.874763288313,1292.7874763288314,348.7283375708812,2.5681167772845237,1622.4373464097607,10.433471270315628,15550.312109698074,2430.4665597589283,-17.011534103257873
3652,13078.84847825907,1307.884847825907,150.9737149707562,1.0839680678971897,1471.4636314390045,9.462598699361891,15550.312109698074,2430.4665597589283,-17.011534103257873
3653,13240.454807621658,1324.0454807621659,161.60632936258844,1.1478661029141968,1309.857302076416,8.42335055937246,15550.312109698074,2430.4665597589283,-17.011534103257873
3654,13127.756233228642,1312.7756233228642,-112.69857439301632,-0.7913972967541594,1422.5558764694324,9.148085687503624,15550.312109698074,2430.4665597589283,-17.011534103257873
3655,13880.499583051402,1388.04995830514,752.7433498227601,5.328116775205238,669.8125266466723,4.3073896004244085,15550.312109698074,2430.4665597589283,-17.011534103257873
3656,13553.034851955003,1355.3034851955003,-327.4647310963992,-2.200629953777733,997.2772577430715,6.413229848429292,15550.312109698074,2430.4665597589283,-17.011534103257873
3657,13355.280229354878,1335.5280229354878,-197.754622600125,-1.3588548684988488,1195.0318803431965,7.684938230904738,15550.312109698074,2430.4665597589283,-17.011534103257873
3658,13797.568759875312,1379.7568759875312,442.2885305204345,3.0810163469745744,752.743349822762,4.840696087079228,15550.312109698074,2430.4665597589283,-17.011534103257873
3659,13991.071310104215,1399.1071310104214,193.5025502289027,1.3076644776512047,559.2407995938593,3.596331672629801,15550.312109698074,2430.4665597589283,-17.011534103257873
3660,13149.019839703124,1314.9019839703124,-842.0514704010911,-5.61701997797539,1401.2922699949504,9.01134498207932,15550.312109698074,2430.4665597589283,-17.011534103257873
3661,13104.365779413958,1310.4365779413959,-44.6540602891655,-0.3155982590671291,1445.946330284116,9.298503593264474,15550.312109698074,2430.4665597589283,-17.011534103257873
3662,13072.469558547644,1307.2469558547643,-31.896220866314252,-0.22614431137959468,1477.8425511504302,9.503619867724469,15550.312109698074,2430.4665597589283,-17.011534103257873
3663,13217.064353806974,1321.7064353806973,144.59479525933057,1.027501211907067,1333.2477558910996,8.573768465133309,15550.312109698074,2430.4665597589283,-17.011534103257873
3664,13616.825671378447,1361.6825671378447,399.7613175714723,2.811841513993185,933.4864383196273,6.003007732156393,15550.312109698074,2430.4665597589283,-17.011534103257873
3665,13652.975586925168,1365.2975586925168,36.14991554672088,0.24731714230885604,897.3365227729064,5.770537057023282,15550.312109698074,2430.4665597589283,-17.011534103257873
3666,13640.21612519313,1364.021612519313,-12.75946173203738,-0.08707761543957915,910.0959845049438,5.852589826395544,15550.312109698074,2430.4665597589283,-17.011534103257873
3667,13952.796169526475,1395.2796169526475,312.58004433334463,2.1350780730309715,597.5159401715991,3.842469115452375,15550.312109698074,2430.4665597589283,-17.011534103257873
3668,14078.254205651527,1407.8254205651526,125.45803612505188,0.8390272608726823,472.05790404654726,3.035681217948961,15550.312109698074,2430.4665597589283,-17.011534103257873
3669,14269.628286231044,1426.9628286231043,191.37408057951689,1.2692058242909088,280.6838234670304,1.8050044364831732,15550.312109698074,2430.4665597589283,-17.011534103257873
3670,14248.364679756562,1424.836467975656,-21.263606474482003,-0.13925425082976783,301.9474299415124,1.9417451419074767,15550.312109698074,2430.4665597589283,-17.011534103257873
3671,14180.32016565271,1418.032016565271,-68.04451410385082,-0.4462413874071758,369.9919440453632,2.379321658853489,15550.312109698074,2430.4665597589283,-17.011534103257873
3672,14116.527723920084,1411.6527723920085,-63.792441732626685,-0.42023120090025623,433.7843857779899,2.789554207773469,15550.312109698074,2430.4665597589283,-17.011534103257873
3673,13871.993815999773,1387.1993815999772,-244.53390792031132,-1.617659242825753,678.3182936983012,4.362087969123544,15550.312109698074,2430.4665597589283,-17.011534103257873
3674,13546.655932243577,1354.6655932243577,-325.3378837561959,-2.1875875405904632,1003.6561774544971,6.454251016791869,15550.312109698074,2430.4665597589283,-17.011534103257873
3675,13704.008566925759,1370.4008566925759,157.35263468218182,1.0817100192312967,846.3035427723153,5.442357277475553,15550.312109698074,2430.4665597589283,-17.011534103257873
3676,13621.079366058853,1362.1079366058852,-82.92920086690538,-0.5639904281165897,929.2327436392206,5.9756533314832785,15550.312109698074,2430.4665597589283,-17.011534103257873
3677,12925.74791594811,1292.574791594811,-695.3314501107434,-4.755677968104566,1624.564193749964,10.447148470652186,15550.312109698074,2430.4665597589283,-17.011534103257873
3678,12757.762666874096,1275.7762666874096,-167.98524907401406,-1.206292474112891,1792.549442823978,11.527417779004196,15550.312109698074,2430.4665597589283,-17.011534103257873
3679,12501.839440344258,1250.1839440344258,-255.92322652983785,-1.860209633838572,2048.472669353816,13.173193276784906,15550.312109698074,2430.4665597589283,-17.011534103257873
3680,12501.839440344258,1250.1839440344258,0.0,0.0,2048.472669353816,13.173193276784906,15550.312109698074,0.0,0.0
3681,12501.839440344258,1250.1839440344258,0.0,0.0,2048.472669353816,13.173193276784906,15550.312109698074,0.0,0.0
3682,12501.839440344258,1250.1839440344258,0.0,0.0,2048.472669353816,13.173193276784906,15550.312109698074,0.0,0.0
3683,12501.839440344258,1250.1839440344258,0.0,0.0,2048.472669353816,13.173193276784906,15550.312109698074,0.0,0.0
3684,12501.839440344258,1250.1839440344258,0.0,0.0,2048.472669353816,13.173193276784906,15550.312109698074,0.0,0.0
3685,12501.839440344258,1250.1839440344258,0.0,0.0,2048.472669353816,13.173193276784906,15550.312109698074,0.0,0.0
3686,12501.839440344258,1250.1839440344258,0.0,0.0,2048.472669353816,13.173193276784906,15550.312109698074,0.0,0.0
3687,12501.839440344258,1250.1839440344258,0.0,0.0,2048.472669353816,13.173193276784906,15550.312109698074,0.0,0.0
3688,12501.839440344258,1250.1839440344258,0.0,0.0,2048.472669353816,13.173193276784906,15550.312109698074,0.0,0.0
3689,12501.839440344258,1250.1839440344258,0.0,0.0,2048.472669353816,13.173193276784906,15550.312109698074,0.0,0.0
3690,12501.839440344258,1250.1839440344258,0.0,0.0,2048.472669353816,13.173193276784906,15550.312109698074,0.0,0.0
3691,12501.839440344258,1250.1839440344258,0.0,0.0,2048.472669353816,13.173193276784906,15550.312109698074,0.0,0.0
3692,12501.839440344258,1250.1839440344258,0.0,0.0,2048.472669353816,13.173193276784906,15550.312109698074,0.0,0.0
3693,12501.839440344258,1250.1839440344258,0.0,0.0,2048.472669353816,13.173193276784906,15550.312109698074,0.0,0.0
3694,12501.839440344258,1250.1839440344258,0.0,0.0,2048.472669353816,13.173193276784906,15550.312109698074,0.0,0.0
3695,12501.839440344258,1250.1839440344258,0.0,0.0,2048.472669353816,13.173193276784906,15550.312109698074,0.0,0.0
3696,12501.839440344258,1250.1839440344258,0.0,0.0,2048.472669353816,13.173193276784906,15550.312109698074,0.0,0.0
3697,12501.839440344258,1250.1839440344258,0.0,0.0,2048.472669353816,13.173193276784906,15550.312109698074,0.0,0.0
3698,12501.839440344258,1250.1839440344258,0.0,0.0,2048.472669353816,13.173193276784906,15550.312109698074,0.0,0.0
3699,12501.839440344258,1250.1839440344258,0.0,0.0,2048.472669353816,13.173193276784906,15550.312109698074,0.0,0.0
3700,12501.839440344258,1250.1839440344258,0.0,0.0,2048.472669353816,13.173193276784906,15550.312109698074,0.0,0.0
3701,12501.839440344258,1250.1839440344258,0.0,0.0,2048.472669353816,13.173193276784906,15550.312109698074,0.0,0.0
3702,12501.839440344258,1250.1839440344258,0.0,0.0,2048.472669353816,13.173193276784906,15550.312109698074,0.0,0.0
3703,12501.839440344258,1250.1839440344258,0.0,0.0,2048.472669353816,13.173193276784906,15550.312109698074,0.0,0.0
3704,12501.839440344258,1250.1839440344258,0.0,0.0,2048.472669353816,13.173193276784906,15550.312109698074,0.0,0.0
3705,12501.839440344258,1250.1839440344258,0.0,0.0,2048.472669353816,13.173193276784906,15550.312109698074,0.0,0.0
3706,12501.839440344258,1250.1839440344258,0.0,0.0,2048.472669353816,13.173193276784906,15550.312109698074,0.0,0.0
3707,12501.839440344258,1250.1839440344258,0.0,0.0,2048.472669353816,13.173193276784906,15550.312109698074,0.0,0.0
3708,12501.839440344258,1250.1839440344258,0.0,0.0,2048.472669353816,13.173193276784906,15550.312109698074,0.0,0.0
3709,12501.839440344258,1250.1839440344258,0.0,0.0,2048.472669353816,13.173193276784906,15550.312109698074,0.0,0.0
3710,12501.839440344258,1250.1839440344258,0.0,0.0,2048.472669353816,13.173193276784906,15550.312109698074,0.0,0.0
3711,12501.839440344258,1250.1839440344258,0.0,0.0,2048.472669353816,13.173193276784906,15550.312109698074,0.0,0.0
3712,12501.839440344258,1250.1839440344258,0.0,0.0,2048.472669353816,13.173193276784906,15550.312109698074,0.0,0.0
3713,12501.839440344258,1250.1839440344258,0.0,0.0,2048.472669353816,13.173193276784906,15550.312109698074,0.0,0.0
3714,12501.839440344258,1250.1839440344258,0.0,0.0,2048.472669353816,13.173193276784906,15550.312109698074,0.0,0.0
3715,12501.839440344258,1250.1839440344258,0.0,0.0,2048.472669353816,13.173193276784906,15550.312109698074,0.0,0.0
3716,12501.839440344258,1250.1839440344258,0.0,0.0,2048.472669353816,13.173193276784906,15550.312109698074,0.0,0.0
3717,12501.839440344258,1250.1839440344258,0.0,0.0,2048.472669353816,13.173193276784906,15550.312109698074,0.0,0.0
3718,12501.839440344258,1250.1839440344258,0.0,0.0,2048.472669353816,13.173193276784906,15550.312109698074,0.0,0.0
3719,12501.839440344258,1250.1839440344258,0.0,0.0,2048.472669353816,13.173193276784906,15550.312109698074,0.0,0.0
3720,12501.839440344258,1250.1839440344258,0.0,0.0,2048.472669353816,13.173193276784906,15550.312109698074,0.0,0.0
3721,12501.839440344258,1250.1839440344258,0.0,0.0,2048.472669353816,13.173193276784906,15550.312109698074,0.0,0.0
3722,12501.839440344258,1250.1839440344258,0.0,0.0,2048.472669353816,13.173193276784906,15550.312109698074,0.0,0.0
3723,12501.839440344258,1250.1839440344258,0.0,0.0,2048.472669353816,13.173193276784906,15550.312109698074,0.0,0.0
3724,12501.839440344258,1250.1839440344258,0.0,0.0,2048.472669353816,13.173193276784906,15550.312109698074,0.0,0.0
3725,12501.839440344258,1250.1839440344258,0.0,0.0,2048.472669353816,13.173193276784906,15550.312109698074,0.0,0.0
3726,12501.839440344258,1250.1839440344258,0.0,0.0,2048.472669353816,13.173193276784906,15550.312109698074,0.0,0.0
3727,12501.839440344258,1250.1839440344258,0.0,0.0,2048.472669353816,13.173193276784906,15550.312109698074,0.0,0.0
3728,12501.839440344258,1250.1839440344258,0.0,0.0,2048.472669353816,13.173193276784906,15550.312109698074,0.0,0.0
3729,12501.839440344258,1250.1839440344258,0.0,0.0,2048.472669353816,13.173193276784906,15550.312109698074,0.0,0.0
3730,12501.839440344258,1250.1839440344258,0.0,0.0,2048.472669353816,13.173193276784906,15550.312109698074,0.0,0.0
3731,12488.351089255004,1248.8351089255002,-13.488351089254138,-0.09990009990009652,2061.96102044307,13.25993334344146,15550.312109698074,0.0,0.0
3732,12519.934326549239,1251.993432654924,31.583237294235005,0.2341519514523549,2030.377783148835,13.05682978467406,15550.312109698074,31.583237294235005,0.0
3733,12606.790864684433,1260.6790864684433,86.85653813519457,0.6424331364142333,1943.5212450136405,12.498278049361776,15550.312109698074,118.43977542942957,0.0
3734,12794.32038361074,1279.432038361074,187.529518926307,1.378205344604999,1755.9917260873335,11.292324640816666,15550.312109698074,305.96929435573657,0.0
3735,12875.255158880982,1287.5255158880982,80.93477527024152,0.5867253552150453,1675.056950817092,10.771854217462488,15550.312109698074,386.9040696259781,0.0
3736,12975.92964571555,1297.592964571555,100.6744868345686,0.7255685440143544,1574.3824639825234,10.12444285925713,15550.312109698074,487.5785564605467,0.0
3737,12758.788300377566,1275.8788300377566,-217.1413453379846,-1.5536808701992255,1791.523809320508,11.520822197537823,15550.312109698074,487.5785564605467,0.0
3738,13112.13470973984,1311.213470973984,353.34640936227333,2.568150636873856,1438.1773999582347,9.248543629303132,15550.312109698074,623.7836204848354,0.0
3739,12985.798748475989,1298.579874847599,-126.33596126385055,-0.8952292751050361,1564.5133612220852,10.060977234317788,15550.312109698074,623.7836204848354,0.0
3740,12999.616697175365,1299.9616697175363,13.817948699375847,0.09879985367930999,1550.6954125227094,9.9721176114247,15550.312109698074,623.7836204848354,0.0
3741,13039.097626347477,1303.9097626347477,39.480929172112155,0.2820143581508061,1511.2144833505972,9.718226056749796,15550.312109698074,623.7836204848354,0.0
3742,12971.980799776613,1297.1980799776613,-67.11682657086385,-0.4780708016796198,1578.331309921461,10.149836857210873,15550.312109698074,623.7836204848354,0.0
3743,12993.69493431041,1299.369493431041,21.714134533796823,0.1554119980908153,1556.6171753876642,10.010198923382815,15550.312109698074,623.7836204848354,0.0
3744,12792.347466684727,1279.2347466684728,-201.34746762568284,-1.438844197839484,1757.964643013347,11.305011954821014,15550.312109698074,623.7836204848354,0.0
3745,13118.056472604792,1311.8056472604792,325.70900592006547,2.3615197246648068,1432.2556370932816,9.210462317345028,15550.312109698074,629.7053833497885,0.0
3746,12922.630767844063,1292.2630767844062,-195.4257047607298,-1.3842252659914012,1627.6813418540114,10.467194036825122,15550.312109698074,629.7053833497885,0.0
3747,12940.397562482376,1294.0397562482376,17.766794638313513,0.12761090152120236,1609.914547215698,10.352940415978289,15550.312109698074,629.7053833497885,0.0
3748,12973.95522274608,1297.395522274608,33.55766026370475,0.24072240489050323,1576.3568869519931,10.137139858234008,15550.312109698074,629.7053833497885,0.0
3749,12997.64378024935,1299.764378024935,23.688557503268385,0.16951934599525043,1552.6683294487248,9.98480492542906,15550.312109698074,629.7053833497885,0.0
3750,13135.823267243108,1313.5823267243109,138.17948699375847,0.9871624765071418,1414.4888424549663,9.096208696498183,15550.312109698074,647.4721779881038,0.0
3751,13303.613074605086,1330.3613074605084,167.7898073619781,1.1869829170176205,1246.6990350929882,8.017196222804266,15550.312109698074,815.2619853500819,0.0
3752,13102.265606979403,1310.2265606979404,-201.34746762568284,-1.4076685839828795,1448.046502718671,9.312009254242463,15550.312109698074,815.2619853500819,0.0
3753,13224.652722304316,1322.4652722304318,122.38711532491288,0.8678542777150744,1325.6593873937582,8.524969647181553,15550.312109698074,815.2619853500819,0.0
3754,13303.613074605086,1330.3613074605084,78.96035230076996,0.5550951143922012,1246.6990350929882,8.017196222804266,15550.312109698074,815.2619853500819,0.0
3755,12999.616697175365,1299.9616697175363,-303.9963774297212,-2.125311806493435,1550.6954125227094,9.9721176114247,15550.312109698074,815.2619853500819,0.0
3756,13250.315702777052,1325.0315702777052,250.69900560168753,1.7907562115773379,1299.9964069210218,8.359937715399738,15550.312109698074,815.2619853500819,0.0
3757,13283.873363040757,1328.3873363040757,33.55766026370475,0.2354871356089694,1266.438746657317,8.144137157655457,15550.312109698074,815.2619853500819,0.0
3758,13317.431023304462,1331.7431023304462,33.55766026370475,0.234933896505507,1232.8810863936123,7.9283365999111775,15550.312109698074,829.0799340494577,0.0
3759,13461.53377920663,1346.153377920663,144.1027559021677,1.0064847224869666,1088.7783304914446,7.001649374049666,15550.312109698074,973.1826899516254,0.0
3760,13467.455542071582,1346.7455542071582,5.9217628649530525,0.04094837349457592,1082.8565676264916,6.963568062091562,15550.312109698074,979.1044528165785,0.0
3761,13615.505637869232,1361.5505637869232,148.0500957976492,1.0233319561073984,934.8064718288424,6.011496523248836,15550.312109698074,1127.1545486142277,0.0
3762,13682.620958396641,1368.262095839664,67.1153205274095,0.4592062853679968,867.6911513014329,5.579895407760276,15550.312109698074,1194.2698691416372,0.0
3763,13633.27092646409,1363.327092646409,-49.35003193255034,-0.3361118704377386,917.0411832339832,5.897252587374522,15550.312109698074,1194.2698691416372,0.0
3764,13805.00957976501,1380.500957976501,171.7386533009194,1.1736176700612555,745.3025299330639,4.792846115726836,15550.312109698074,1316.6584905100062,0.0
3765,13913.580252434002,1391.3580252434003,108.57067266899139,0.7333374023437367,636.7318572640725,4.0946564465864945,15550.312109698074,1425.2291631789976,0.0
3766,13986.617335826364,1398.6617335826365,73.03708339236255,0.4897354099827389,563.6947738717099,3.6249740191398296,15550.312109698074,1498.2662465713602,0.0
3767,14221.523969759208,1422.1523969759207,234.90663393284376,1.5674426634707306,328.78813993886615,2.114350744984822,15550.312109698074,1733.172880504204,0.0
3768,14373.521405452342,1437.3521405452343,151.99743569313432,0.9985691051376255,176.79070424573183,1.1368948931608578,15550.312109698074,1885.1703161973383,0.0
3769,14316.275187685369,1431.627518768537,-57.24621776697313,-0.3723689339429459,234.03692201270496,1.5050303837100865,15550.312109698074,1885.1703161973383,0.0
3770,14201.784258194879,1420.178425819488,-114.49092949049009,-0.7475115724124848,348.52785150319505,2.241291679836014,15550.312109698074,1885.1703161973383,0.0
3771,14107.031534225263,1410.7031534225264,-94.75272396961554,-0.6233000176840253,443.2805754728106,2.8506217260832676,15550.312109698074,1885.1703161973383,0.0
3772,14282.717527421664,1428.2717527421664,175.6859931964009,1.162941857891675,267.5945822764097,1.7208309414543665,15550.312109698074,1885.1703161973383,0.0
3773,14091.239162556418,1409.1239162556417,-191.47836486524648,-1.2529078321422804,459.0729471416562,2.9521783479532333,15550.312109698074,1885.1703161973383,0.0
3774,14073.473873961559,1407.347387396156,-17.765288594859157,-0.11771921711331013,476.83823573651534,3.0664222838275474,15550.312109698074,1885.1703161973383,0.0
3775,13822.77486835987,1382.277486835987,-250.69900560168935,-1.6631800187397738,727.5372413382047,4.678602179852522,15550.312109698074,1885.1703161973383,0.0
3776,14160.330412096751,1416.033041209675,337.5555437368821,2.2772763314203415,389.9816976013226,2.507870548515277,15550.312109698074,1885.1703161973383,0.0
3777,14418.924097489407,1441.8924097489407,258.59368539265597,1.7057259199728225,131.38801220866662,0.8449220265278499,15550.312109698074,1930.5730082344035,0.0
3778,14541.312718857776,1454.1312718857776,122.38862136836906,0.7937559105586134,8.999390840297565,0.05787273449440944,15550.312109698074,2052.9616296027725,0.0
3779,14541.312718857776,1454.1312718857776,0.0,0.0,8.999390840297565,0.05787273449440944,15550.312109698074,2052.9616296027725,0.0
3780,14245.212527262476,1424.5212527262477,-296.1001915953002,-1.9052456954682717,305.09958243559777,1.9620158121798725,15550.312109698074,2052.9616296027725,0.0
3781,14529.467687084414,1452.9467687084414,284.2551598219379,1.8645536053604639,20.844422613659845,0.13404504338314893,15550.312109698074,2052.9616296027725,0.0
3782,14399.184385925078,1439.9184385925078,-130.28330115933568,-0.838942478805571,151.12772377299552,0.9718629613790423,15550.312109698074,2052.9616296027725,0.0
3783,14320.224033624309,1432.0224033624309,-78.96035230076996,-0.5127567169917135,230.08807607376548,1.47963638575633,15550.312109698074,2052.9616296027725,0.0
3784,14174.148360796127,1417.4148360796128,-146.07567282818127,-0.9534826155778053,376.16374890194675,2.4190109256221892,15550.312109698074,2052.9616296027725,0.0
3785,14537.363872918837,1453.7363872918836,363.2155121227097,2.3936467700626407,12.94823677923705,0.08326673244816597,15550.312109698074,2052.9616296027725,0.0
3786,14651.856308452783,1465.1856308452784,114.49243553394626,0.7368845607941488,0.0,0.0,15651.856308452783,2163.5052191977793,0.0
3787,14673.570442986582,1467.3570442986581,21.714134533798642,0.13873200792209328,0.0,0.0,15673.570442986582,2185.219353731578,0.0
3788,14474.19589228691,1447.4195892286912,-199.3745506996711,-1.2720429682879564,199.3745506996711,1.2720429682879615,15673.570442986582,2185.219353731578,0.0
3789,14513.67531541557,1451.3675315415571,39.47942312865962,0.25513069243447983,159.89512757101147,1.0201576478865375,15673.570442986582,2185.219353731578,0.0
3790,14318.249610654839,1431.8249610654839,-195.4257047607316,-1.2596995926976828,355.3208323317431,2.267006318848924,15673.570442986582,2185.219353731578,0.0
3791,14604.480699489703,1460.4480699489702,286.23108883486384,1.8685626367895836,69.08974349687924,0.44080411510699957,15673.570442986582,2185.219353731578,0.0
3792,14857.152622017406,1485.7152622017406,252.67192252770292,1.619226729768486,0.0,0.0,15857.152622017406,2368.8015327624016,0.0
3793,14876.892333581734,1487.6892333581734,19.7397115643289,0.12448459086482622,0.0,0.0,15876.892333581734,2388.5412443267305,0.0
3794,14801.880827219902,1480.1880827219902,-75.01150636183229,-0.47245710801460117,75.01150636183229,0.4724571080146018,15876.892333581734,2388.5412443267305,0.0
3795,14665.674257152159,1466.567425715216,-136.2065700677431,-0.8619642911944836,211.21807642957538,1.3303489876467898,15876.892333581734,2388.5412443267305,0.0
3796,14884.788519416157,1488.4788519416156,219.11426226399817,1.3986902744639984,0.0,0.0,15884.788519416157,2396.4374301611533,0.0
3797,14825.567878679714,1482.5567878679715,-59.220640736442874,-0.372813529522642,59.220640736442874,0.37281352952264246,15884.788519416157,2396.4374301611533,0.0
3798,14884.788519416157,1488.4788519416156,59.220640736442874,0.3742086299236336,0.0,0.0,15884.788519416157,2396.4374301611533,0.0
3799,14801.880827219902,1480.1880827219902,-82.90769219625508,-0.5219313564981731,82.90769219625508,0.5219313564981748,15884.788519416157,2396.4374301611533,0.0
3800,14764.374321017258,1476.4374321017258,-37.50650620264423,-0.2373546960184436,120.41419839889932,0.7580472239319753,15884.788519416157,2396.4374301611533,0.0
3801,14709.102526219755,1470.9102526219754,-55.27179479750339,-0.35061204252054834,175.6859931964027,1.1060014615974252,15884.788519416157,2396.4374301611533,0.0
3802,14663.69983418269,1466.369983418269,-45.40269203706521,-0.2890215527035056,221.0886852334679,1.3918264317036937,15884.788519416157,2396.4374301611533,0.0
3803,14586.713904851387,1458.6713904851388,-76.98592933130203,-0.4914926240050632,298.07461456476994,1.8764783314579856,15884.788519416157,2396.4374301611533,0.0
3804,14578.817719016964,1457.8817719016963,-7.896185834422795,-0.05065972136669705,305.97080039919274,1.926187434130465,15884.788519416157,2396.4374301611533,0.0
3805,14489.988263955756,1448.9988263955756,-88.82945506120814,-0.5701938148539587,394.8002554604009,2.4853982473725225,15884.788519416157,2396.4374301611533,0.0
3806,14339.963745188637,1433.9963745188636,-150.02451876711893,-0.9685257097077127,544.8247742275198,3.4298522360658077,15884.788519416157,2396.4374301611533,0.0
3807,14416.94967451994,1441.694967451994,76.98592933130203,0.5018651322135526,467.8388448962178,2.9452003363115162,15884.788519416157,2396.4374301611533,0.0
3808,14324.171373519792,1432.4171373519794,-92.77830100014762,-0.6017941483812739,560.6171458963654,3.5292704414107665,15884.788519416157,2396.4374301611533,0.0
3809,14355.756116857483,1435.5756116857483,31.58474333769118,0.20611061158106736,529.0324025586742,3.330434030720849,15884.788519416157,2396.4374301611533,0.0
3810,14012.280316299102,1401.2280316299102,-343.4758005583808,-2.236788588881755,872.508203117055,5.492727851243209,15884.788519416157,2396.4374301611533,0.0
3811,13846.463425863138,1384.646342586314,-165.81689043596452,-1.1045416615085069,1038.3250935530195,6.536600045281453,15884.788519416157,2396.4374301611533,0.0
3812,13741.841599133084,1374.1841599133083,-104.62182673005373,-0.7046919103158134,1142.9469202830733,7.195229063868469,15884.788519416157,2396.4374301611533,0.0
3813,14061.63034823165,1406.1630348231652,319.78874909856677,2.1692591590278143,823.1581711845065,5.182053070321654,15884.788519416157,2396.4374301611533,0.0
3814,14150.459803292859,1415.0459803292858,88.82945506120814,0.589773172010144,734.3287161232984,4.622842257079595,15884.788519416157,2396.4374301611533,0.0
3815,14079.395636826512,1407.9395636826512,-71.06416646634716,-0.469056169839166,805.3928825896455,5.070214700089993,15884.788519416157,2396.4374301611533,0.0
3816,14089.266245630402,1408.9266245630401,9.870608803890718,0.06545758889557884,795.5222737857548,5.008075951488928,15884.788519416157,2396.4374301611533,0.0
3817,14280.74461049565,1428.0744610495651,191.4783648652483,1.2689706825253833,604.0439089205065,3.802656284546545,15884.788519416157,2396.4374301611533,0.0
3818,13905.684066599579,1390.5684066599579,-375.060543896072,-2.454465102691783,979.1044528165785,6.163786515758822,15884.788519416157,2396.4374301611533,0.0
3819,13960.955861397082,1396.0955861397083,55.27179479750339,0.37081018590321424,923.8326580190751,5.815832278093372,15884.788519416157,2396.4374301611533,0.0
3820,14051.75973942776,1405.175973942776,90.80387803067788,0.6069390142709574,833.0287799883972,5.244191818922718,15884.788519416157,2396.4374301611533,0.0
3821,14448.534417857629,1444.8534417857627,396.7746784298688,2.636068375384215,436.2541015585284,2.74636392562161,15884.788519416157,2396.4374301611533,0.0
3822,14395.23553998614,1439.523553998614,-53.298877871488,-0.3450092832746443,489.5529794300164,3.081897998400358,15884.788519416157,2396.4374301611533,0.0
3823,14132.694514698,1413.2694514698,-262.5410252881411,-1.7053394513272702,752.0940047181575,4.734680627311245,15884.788519416157,2396.4374301611533,0.0
3824,14334.041982323684,1433.4041982323686,201.34746762568466,1.3305460400996116,550.7465370924729,3.467131692809691,15884.788519416157,2396.4374301611533,0.0
3825,14014.253233225116,1401.4253233225115,-319.7887490985686,-2.085482415316231,870.5352861910415,5.480307686356518,15884.788519416157,2396.4374301611533,0.0
3826,14079.395636826512,1407.9395636826512,65.14240360139593,0.43387042025668787,805.3928825896455,5.070214700089993,15884.788519416157,2396.4374301611533,0.0
3827,14337.989322219168,1433.7989322219166,258.59368539265597,1.7148809648652286,546.7991971969896,3.4422818819944045,15884.788519416157,2396.4374301611533,0.0
3828,13980.695572961411,1398.069557296141,-357.29374925775664,-2.329469278871954,904.0929464547462,5.691564261933126,15884.788519416157,2396.4374301611533,0.0
3829,13911.605829464532,1391.1605829464531,-69.08974349687924,-0.4611918262432235,973.1826899516254,6.126507059014939,15884.788519416157,2396.4374301611533,0.0
3830,13878.048169200827,1387.8048169200827,-33.55766026370475,-0.2250439063873122,1006.7403502153302,6.337763634591546,15884.788519416157,2396.4374301611533,0.0
3831,14028.071181924492,1402.8071181924493,150.02301272366458,1.0083514384247483,856.7173374916656,5.393319126940156,15884.788519416157,2396.4374301611533,0.0
3832,14170.199514857188,1417.0199514857188,142.12833293269614,0.9457523271758639,714.5890045589695,4.49857424091935,15884.788519416157,2396.4374301611533,0.0
3833,14379.44467436075,1437.944467436075,209.2451595035618,1.379317123012358,505.34384505540766,3.1813067227034226,15884.788519416157,2396.4374301611533,0.0
3834,14685.413968716488,1468.5413968716487,305.9692943557384,1.9894690662389358,199.37455069966927,1.255128769614852,15884.788519416157,2396.4374301611533,0.0
3835,14766.348743986728,1476.6348743986728,80.9347752702397,0.5159874991610636,118.43977542942957,0.7456175780033791,15884.788519416157,2396.4374301611533,0.0
3836,14831.489641544667,1483.1489641544667,65.14089755793975,0.4131641296009292,53.29887787148982,0.33553407277875935,15884.788519416157,2396.4374301611533,0.0
3837,14772.27050685168,1477.227050685168,-59.2191346929867,-0.3740591443624153,112.51801256447652,0.708338121259496,15884.788519416157,2396.4374301611533,0.0
3838,14859.125538943419,1485.912553894342,86.8550320917384,0.5506818568322691,25.662980472738127,0.16155695394603442,15884.788519416157,2396.4374301611533,0.0
3839,14888.73585931164,1488.8735859311641,29.610320368221437,0.18670840517347465,0.0,0.0,15888.73585931164,2400.3847700566366,0.0
3840,15459.222107968442,1545.9222107968444,570.4862486568018,3.590507474655169,0.0,0.0,16459.222107968442,2970.8710187134384,0.0
3841,15374.33999280272,1537.433999280272,-84.88211516572301,-0.5157115847208127,84.88211516572301,0.5157115847208164,16459.222107968442,2970.8710187134384,0.0
3842,14886.762942385627,1488.6762942385626,-487.5770504170923,-2.9776897916582,572.4591655828153,3.478045085166384,16459.222107968442,2970.8710187134384,0.0
3843,15107.850121575639,1510.7850121575639,221.08717919001174,1.3916439742432063,351.3719863928036,2.1348031157723613,16459.222107968442,2970.8710187134384,0.0
3844,15273.667012011603,1527.3667012011604,165.81689043596452,1.0294166458245213,185.55509595683907,1.1273624885771838,16459.222107968442,2970.8710187134384,0.0
3845,15394.081210410503,1539.4081210410502,120.41419839889932,0.739932790255704,65.14089755793975,0.3957714230395064,16459.222107968442,2970.8710187134384,0.0
3846,15194.706659710833,1519.4706659710832,-199.37455069966927,-1.2161373860528624,264.515448257609,1.6070956848534692,16459.222107968442,2970.8710187134384,0.0
3847,15271.692589042135,1527.1692589042136,76.98592933130203,0.47537711518312875,187.529518926307,1.1393583347752376,16459.222107968442,2970.8710187134384,0.0
3848,15709.92111357013,1570.9921113570128,438.2285245279945,2.693195696329176,0.0,0.0,16709.92111357013,3221.570024315126,0.0
3849,16173.811112527412,1617.381111252741,463.88999895728193,2.7761351822334968,0.0,0.0,17173.81111252741,3685.460023272408,0.0
3850,15978.38540776668,1597.838540776668,-195.4257047607316,-1.137928579045444,195.4257047607316,1.1379285790454432,17173.81111252741,3685.460023272408,0.0
3851,16197.49967003068,1619.749967003068,219.114262264,1.2905482883182051,0.0,0.0,17197.49967003068,3709.1485807756762,0.0
3852,16167.889349662459,1616.788934966246,-29.610320368221437,-0.17217805457977464,29.610320368221437,0.17217805457977142,17197.49967003068,3709.1485807756762,0.0
3853,15780.985280036479,1578.098528003648,-386.9040696259799,-2.2536495998186745,416.51438999420134,2.421947364360428,17197.49967003068,3709.1485807756762,0.0
3854,15852.049446502828,1585.2049446502829,71.06416646634898,0.4234802979708796,345.45022352785236,2.0087235363048337,17197.49967003068,3709.1485807756762,0.0
3855,15725.713485238975,1572.5713485238978,-126.33596126385237,-0.7496771337213826,471.7861847917047,2.7433417289948583,17197.49967003068,3709.1485807756762,0.0
3856,15324.989960870169,1532.498996087017,-400.72352436880647,-2.3958530960276114,872.5097091605112,5.073468387273734,17197.49967003068,3709.1485807756762,0.0
3857,14904.528230980486,1490.4528230980486,-420.46172988968283,-2.5755711390787916,1292.971439050194,7.518368738819621,17197.49967003068,3709.1485807756762,0.0
3858,15139.43486491333,1513.943486491333,234.90663393284376,1.4769795778995176,1058.0648051173503,6.1524339317836585,17197.49967003068,3709.1485807756762,0.0
3859,15496.728614171087,1549.6728614171086,357.29374925775664,2.2137934335885845,700.7710558595936,4.074842676582784,17197.49967003068,3709.1485807756762,0.0
3860,15771.114671232586,1577.1114671232585,274.38605706149974,1.66327557104744,426.3849987980939,2.479342968333566,17197.49967003068,3709.1485807756762,0.0
3861,15662.54550460705,1566.2545504607049,-108.56916662553704,-0.6473580841455107,534.9541654236309,3.110650825339871,17197.49967003068,3709.1485807756762,0.0
3862,15595.428678036187,1559.5428678036185,-67.11682657086203,-0.40280055980824736,602.0709919944929,3.5009216662099747,17197.49967003068,3709.1485807756762,0.0
3863,15705.972267631194,1570.5972267631194,110.54358959500678,0.6661086720905818,491.52740239948616,2.8581329369411135,17197.49967003068,3709.1485807756762,0.0
3864,15877.71092093211,1587.7710920932109,171.73865330091576,1.0280075325736604,319.7887490985704,1.8595072262501744,17197.49967003068,3709.1485807756762,0.0
3865,15883.632683797063,1588.3632683797064,5.9217628649530525,0.03508629157529253,313.86698623361735,1.8250733668021486,17197.49967003068,3709.1485807756762,0.0
3866,15974.43656182774,1597.443656182774,90.80387803067788,0.537821923346038,223.06310820293947,1.297067088139921,17197.49967003068,3709.1485807756762,0.0
3867,16136.304606324768,1613.6304606324768,161.86804449702686,0.9535989245206267,61.19506370591262,0.3558369814220991,17197.49967003068,3709.1485807756762,0.0
3868,16154.071400963083,1615.4071400963082,17.766794638315332,0.10367926485013168,43.428269067597284,0.2525266457383791,17197.49967003068,3709.1485807756762,0.0
3869,16357.393291558234,1635.7393291558233,203.32189059515076,1.1852690002429167,0.0,0.0,17357.393291558234,3869.0422023032297,0.0
3870,16572.558707883294,1657.2558707883295,215.1654163250605,1.2396182578273685,0.0,0.0,17572.558707883294,4084.20761862829,0.0
3871,16710.73970092051,1671.073970092051,138.18099303721465,0.7863453201907733,0.0,0.0,17710.73970092051,4222.388611665505,0.0
3872,16643.622874349643,1664.3622874349642,-67.11682657086567,-0.37896117104232463,67.11682657086567,0.3789611710423213,17710.73970092051,4222.388611665505,0.0
3873,16410.69066338627,1641.069066338627,-232.9322109633722,-1.3202062446143636,300.04903753423787,1.69416434661192,17710.73970092051,4222.388611665505,0.0
3874,16302.12149676073,1630.212149676073,-108.56916662554067,-0.6235775979516744,408.61820415977854,2.307177515225639,17710.73970092051,4222.388611665505,0.0
3875,16341.600919889392,1634.160091988939,39.47942312866144,0.22817677668054426,369.1387810311171,2.084265181831628,17710.73970092051,4222.388611665505,0.0
3876,16205.395855865103,1620.5395855865102,-136.20506402428873,-0.7854238178672035,505.34384505540584,2.8533186845332086,17710.73970092051,4222.388611665505,0.0
3877,16282.381785196401,1628.2381785196403,76.9859293312984,0.4474522410076176,428.35791572410744,2.418633681922634,17710.73970092051,4222.388611665505,0.0
3878,16213.29053565607,1621.3290535656072,-69.09124954033177,-0.39977851663659525,497.4491652644392,2.8087430207027686,17710.73970092051,4222.388611665505,0.0
3879,16333.704734054969,1633.3704734054968,120.41419839889932,0.6995420088301563,377.0349668655399,2.128849349222515,17710.73970092051,4222.388611665505,0.0
3880,15968.514798962788,1596.8514798962788,-365.18993509218126,-2.106819867392251,742.2249019577212,4.190818195578496,17710.73970092051,4222.388611665505,0.0
3881,16057.345760067452,1605.7345760067453,88.83096110466431,0.523504632886862,653.3939408530568,3.689252690101345,17710.73970092051,4222.388611665505,0.0
3882,16698.896175190603,1669.88961751906,641.5504151231507,3.761138597688918,11.843525729906105,0.06687199930610771,17710.73970092051,4222.388611665505,0.0
3883,16923.932200319552,1692.3932200319553,225.0360251289494,1.2714692650968473,0.0,0.0,17923.932200319552,4435.581111064548,0.0
3884,16910.114251620176,1691.0114251620175,-13.817948699375847,-0.07709217232549914,13.817948699375847,0.0770921723254984,17923.932200319552,4435.581111064548,0.0
3885,18408.38049819154,1840.8380498191536,1498.266246571362,8.365475649804011,0.0,0.0,19408.38049819154,5920.029408936534,0.0
3886,18406.40607522207,1840.640607522207,-1.9744229694697424,-0.010173043390471204,1.9744229694697424,0.010173043390476182,19408.38049819154,5920.029408936534,0.0
3887,18337.31633172519,1833.7316331725192,-69.08974349687924,-0.35601513865616274,71.06416646634898,0.3661519644721037,19408.38049819154,5920.029408936534,0.0
3888,18345.212517559612,1834.5212517559612,7.896185834422795,0.04083392803306829,63.167980631926184,0.32546755066870287,19408.38049819154,5920.029408936534,0.0
3889,18402.458735326585,1840.2458735326586,57.24621776697313,0.29591930155852264,5.9217628649530525,0.03051137041292466,19408.38049819154,5920.029408936534,0.0
3890,18246.51245369451,1824.651245369451,-155.9462816320738,-0.8037449467584112,161.86804449702686,0.8340110835734574,19408.38049819154,5920.029408936534,0.0
3891,18122.15091540013,1812.215091540013,-124.36153829438263,-0.6461510291466355,286.2295827914095,1.4747731415203869,19408.38049819154,5920.029408936534,0.0
3892,17881.322518602334,1788.1322518602335,-240.828396797795,-1.2594210654610083,527.0579795892045,2.7156206033693304,19408.38049819154,5920.029408936534,0.0
3893,18122.15091540013,1812.215091540013,240.828396797795,1.275484789587833,286.2295827914095,1.4747731415203869,19408.38049819154,5920.029408936534,0.0
3894,18305.733094430954,1830.5733094430955,183.5821790308255,0.960049838760435,102.64740376058398,0.5288818599272032,19408.38049819154,5920.029408936534,0.0
3895,18349.159857455095,1834.9159857455095,43.42676302414111,0.2249423153823038,59.220640736442874,0.3051292236462544,19408.38049819154,5920.029408936534,0.0
3896,18205.058607596384,1820.5058607596384,-144.10124985871153,-0.7447416369511739,203.3218905951544,1.047598436222434,19408.38049819154,5920.029408936534,0.0
3897,18430.094632725337,1843.0094632725336,225.03602512895304,1.1717539098784258,0.0,0.0,19430.094632725337,5941.743543470333,0.0
3898,18285.99187682317,1828.5991876823168,-144.1027559021677,-0.7416472159608611,144.1027559021677,0.7416472159608587,19430.094632725337,5941.743543470333,0.0
3899,18181.370050093115,1818.1370050093115,-104.62182673005373,-0.5424757378218237,248.72458263222143,1.2800996975758652,19430.094632725337,5941.743543470333,0.0
3900,17946.46492220373,1794.6464922203731,-234.90512788938577,-1.2246525001911701,483.6297105216072,2.4890754248157334,19430.094632725337,5941.743543470333,0.0
3901,18436.01639559029,1843.601639559029,489.55147338656025,2.58386709814582,0.0,0.0,19436.01639559029,5947.665306335286,0.0
3902,18653.15623488482,1865.3156234884823,217.13983929453025,1.1172034169707468,0.0,0.0,19653.15623488482,6164.805145629816,0.0
3903,18489.31527346178,1848.931527346178,-163.84096142304043,-0.8336623362929285,163.84096142304043,0.8336623362929299,19653.15623488482,6164.805145629816,0.0
3904,18199.13684473143,1819.9136844731431,-290.17842873034897,-1.488910331936999,454.0193901533894,2.310160183571401,19653.15623488482,6164.805145629816,0.0
3905,18171.50094733268,1817.150094733268,-27.635897398751695,-0.14394343674015708,481.6552875521411,2.45077829634912,19653.15623488482,6164.805145629816,0.0
3906,18262.304825363357,1826.2304825363358,90.80387803067788,0.47363990060105277,390.8514095214632,1.98874625963484,19653.15623488482,6164.805145629816,0.0
3907,18341.26517766413,1834.1265177664131,78.96035230077177,0.4099216216161272,311.89105722069144,1.5869769389360342,19653.15623488482,6164.805145629816,0.0
3908,18305.733094430954,1830.5733094430955,-35.53208323317449,-0.18371126659391113,347.4231404538659,1.7677727500948759,19653.15623488482,6164.805145629816,0.0
3909,18455.75610715462,1845.575610715462,150.02301272366458,0.7770904735388662,197.40012773020135,1.0044194701908054,19653.15623488482,6164.805145629816,0.0
3910,17938.568736369307,1793.8568736369305,-517.1873707853119,-2.6582743324743974,714.5874985155133,3.6359935776987493,19653.15623488482,6164.805145629816,0.0
3911,17970.151973663542,1797.015197366354,31.583237294235005,0.16676675906126537,683.0042612212783,3.475290447286678,19653.15623488482,6164.805145629816,0.0
3912,17557.58642960828,1755.7586429608277,-412.56554405526185,-2.174814121826918,1095.5698052765401,5.5745234616915,19653.15623488482,6164.805145629816,0.0
3913,17285.173289472794,1728.5173289472796,-272.4131401354862,-1.4679341043017158,1367.9829454120263,6.960627234946741,19653.15623488482,6164.805145629816,0.0
3914,17535.87229507448,1753.587229507448,250.69900560168753,1.3710507504242297,1117.2839398103388,5.685010216461482,19653.15623488482,6164.805145629816,0.0
3915,17340.446590313753,1734.0446590313754,-195.42570476072797,-1.0543108069031026,1312.7096445710667,6.679383346278883,19653.15623488482,6164.805145629816,0.0
3916,17593.118512841455,1759.3118512841454,252.6719225277011,1.3776759539821937,1060.0377220433656,5.393727650532658,19653.15623488482,6164.805145629816,0.0
3917,17210.16178311096,1721.0161783110962,-382.95672973049295,-2.0596691698920866,1442.9944517738586,7.342303874898776,19653.15623488482,6164.805145629816,0.0
3918,17064.08611028278,1706.408611028278,-146.07567282818127,-0.8021657059832377,1589.0701246020399,8.085572137168494,19653.15623488482,6164.805145629816,0.0
3919,17391.769539172317,1739.1769539172315,327.683428889537,1.8140050201765012,1261.3866957125028,6.418239801470216,19653.15623488482,6164.805145629816,0.0
3920,16973.282232252102,1697.3282232252104,-418.4873069202149,-2.2754053438353794,1679.8740026327177,8.547604173882775,19653.15623488482,6164.805145629816,0.0
3921,17052.241078509418,1705.224107850942,78.9588462573156,0.43931233726262064,1600.9151563754021,8.145842516296389,19653.15623488482,6164.805145629816,0.0
3922,17178.57703977327,1717.857703977327,126.33596126385237,0.6998353318816042,1474.5791951115498,7.503014668423266,19653.15623488482,6164.805145629816,0.0
3923,17277.27710363837,1727.7277103638373,98.70006386510067,0.5429471385419937,1375.879131246449,7.000804933327863,19653.15623488482,6164.805145629816,0.0
3924,17614.832647375253,1761.4832647375251,337.5555437368821,1.8468590360742887,1038.323587509567,5.283240895762676,19653.15623488482,6164.805145629816,0.0
3925,17565.482615442703,1756.5482615442704,-49.35003193255034,-0.2651113381860526,1087.6736194421173,5.534345763310378,19653.15623488482,6164.805145629816,0.0
3926,17385.847776307364,1738.5847776307364,-179.63483913533855,-0.9675743036484219,1267.308458577456,6.448371159477953,19653.15623488482,6164.805145629816,0.0
3927,17058.164347417827,1705.8164347417826,-327.683428889537,-1.782259011802556,1594.991887466993,8.115703495176232,19653.15623488482,6164.805145629816,0.0
3928,17300.96566114164,1730.0965661141638,242.8013137238122,1.3445514674282455,1352.1905737431807,6.880271838184496,19653.15623488482,6164.805145629816,0.0
3929,17559.559346534297,1755.9559346534297,258.5936853926578,1.4130056860427231,1093.596888350523,5.564484784430515,19653.15623488482,6164.805145629816,0.0
3930,17822.10187786589,1782.210187786589,262.54253133159364,1.4145946378873342,831.0543570189293,4.228605049929782,19653.15623488482,6164.805145629816,0.0
3931,17899.087807197193,1789.9087807197195,76.98592933130203,0.4090187686309088,754.0684276876273,3.8368820696043615,19653.15623488482,6164.805145629816,0.0
3932,18272.173928123793,1827.217392812379,373.0861209266004,1.974095917923191,380.98230676102685,1.9385298839927512,19653.15623488482,6164.805145629816,0.0
3933,18331.394568860236,1833.1394568860237,59.220640736442874,0.3072857320471911,321.761666024584,1.6372009776905418,19653.15623488482,6164.805145629816,0.0
3934,18351.134280424565,1835.1134280424565,19.7397115643289,0.10211219627231927,302.0219544602551,1.5367605632939452,19653.15623488482,6164.805145629816,0.0
3935,18457.73053012409,1845.7730530124088,106.59624969952347,0.5508527208524239,195.4257047607316,0.99437312981742,19653.15623488482,6164.805145629816,0.0
3936,18453.783190228605,1845.3783190228605,-3.94733989548331,-0.020286743561237497,199.37304465621492,1.0144581474517715,19653.15623488482,6164.805145629816,0.0
3937,17762.882743172904,1776.2882743172906,-690.9004470557011,-3.5514965922038844,890.273491711916,4.529926293119572,19653.15623488482,6164.805145629816,0.0
3938,17636.54678190905,1763.654678190905,-126.33596126385237,-0.6733291626513038,1016.6094529757684,5.172754140992694,19653.15623488482,6164.805145629816,0.0
3939,17648.390307638958,1764.8390307638958,11.843525729906105,0.06355000134146138,1004.7659272458623,5.11249142497722,19653.15623488482,6164.805145629816,0.0
3940,17445.068417043807,1744.5068417043806,-203.32189059515076,-1.0902919085293061,1208.087817841013,6.147042253175744,19653.15623488482,6164.805145629816,0.0
3941,17494.418448976354,1749.4418448976355,49.3500319325467,0.267551362872398,1158.7377859084663,5.895937385628061,19653.15623488482,6164.805145629816,0.0
3942,17370.05540463852,1737.0055404638517,-124.36304433783516,-0.6724355495737022,1283.1008302463015,6.528726556240199,19653.15623488482,6164.805145629816,0.0
3943,17978.048159497965,1797.8048159497966,607.992754859446,3.3096947258304033,675.1080753868555,3.4351127489055555,19653.15623488482,6164.805145629816,0.0
3944,18021.476428565562,1802.1476428565563,43.428269067597284,0.22883422311195112,631.6798063192582,3.214139239365591,19653.15623488482,6164.805145629816,0.0
3945,18574.197388627505,1857.4197388627504,552.7209600619426,2.9057731776903184,78.9588462573156,0.4017616575863869,19653.15623488482,6164.805145629816,0.0
3946,18357.056043289518,1835.7056043289517,-217.14134533798642,-1.1093243877480452,296.100191595302,1.506629205286208,19653.15623488482,6164.805145629816,0.0
3947,18167.55210139374,1816.755210139374,-189.50394189577855,-0.9789915443338959,485.6041334910806,2.470870977095891,19653.15623488482,6164.805145629816,0.0
3948,16617.96139992036,1661.7961399920362,-1549.5907014733784,-8.084447577219322,2035.194834964459,10.355562285471175,19653.15623488482,6164.805145629816,0.0
3949,16104.721369030533,1610.4721369030533,-513.2400308898286,-2.913163556438192,2548.4348658542876,12.967051375344765,19653.15623488482,6164.805145629816,0.0
3950,16249.322824114031,1624.932282411403,144.60145508349888,0.8453891294909477,2403.8334107707888,12.231284288596491,19653.15623488482,6164.805145629816,0.0
3951,16249.322824114031,1624.932282411403,0.0,0.0,2403.8334107707888,12.231284288596491,19653.15623488482,0.0,0.0
3952,16249.322824114031,1624.932282411403,0.0,0.0,2403.8334107707888,12.231284288596491,19653.15623488482,0.0,0.0
3953,16249.322824114031,1624.932282411403,0.0,0.0,2403.8334107707888,12.231284288596491,19653.15623488482,0.0,0.0
3954,16249.322824114031,1624.932282411403,0.0,0.0,2403.8334107707888,12.231284288596491,19653.15623488482,0.0,0.0
3955,16249.322824114031,1624.932282411403,0.0,0.0,2403.8334107707888,12.231284288596491,19653.15623488482,0.0,0.0
3956,16249.322824114031,1624.932282411403,0.0,0.0,2403.8334107707888,12.231284288596491,19653.15623488482,0.0,0.0
3957,16249.322824114031,1624.932282411403,0.0,0.0,2403.8334107707888,12.231284288596491,19653.15623488482,0.0,0.0
3958,16249.322824114031,1624.932282411403,0.0,0.0,2403.8334107707888,12.231284288596491,19653.15623488482,0.0,0.0
3959,16249.322824114031,1624.932282411403,0.0,0.0,2403.8334107707888,12.231284288596491,19653.15623488482,0.0,0.0
3960,16249.322824114031,1624.932282411403,0.0,0.0,2403.8334107707888,12.231284288596491,19653.15623488482,0.0,0.0
3961,16249.322824114031,1624.932282411403,0.0,0.0,2403.8334107707888,12.231284288596491,19653.15623488482,0.0,0.0
3962,16249.322824114031,1624.932282411403,0.0,0.0,2403.8334107707888,12.231284288596491,19653.15623488482,0.0,0.0
3963,16249.322824114031,1624.932282411403,0.0,0.0,2403.8334107707888,12.231284288596491,19653.15623488482,0.0,0.0
3964,16249.322824114031,1624.932282411403,0.0,0.0,2403.8334107707888,12.231284288596491,19653.15623488482,0.0,0.0
3965,16249.322824114031,1624.932282411403,0.0,0.0,2403.8334107707888,12.231284288596491,19653.15623488482,0.0,0.0
3966,16249.322824114031,1624.932282411403,0.0,0.0,2403.8334107707888,12.231284288596491,19653.15623488482,0.0,0.0
3967,16249.322824114031,1624.932282411403,0.0,0.0,2403.8334107707888,12.231284288596491,19653.15623488482,0.0,0.0
3968,16249.322824114031,1624.932282411403,0.0,0.0,2403.8334107707888,12.231284288596491,19653.15623488482,0.0,0.0
3969,16249.322824114031,1624.932282411403,0.0,0.0,2403.8334107707888,12.231284288596491,19653.15623488482,0.0,0.0
3970,16249.322824114031,1624.932282411403,0.0,0.0,2403.8334107707888,12.231284288596491,19653.15623488482,0.0,0.0
3971,16249.322824114031,1624.932282411403,0.0,0.0,2403.8334107707888,12.231284288596491,19653.15623488482,0.0,0.0
3972,16249.322824114031,1624.932282411403,0.0,0.0,2403.8334107707888,12.231284288596491,19653.15623488482,0.0,0.0
3973,16249.322824114031,1624.932282411403,0.0,0.0,2403.8334107707888,12.231284288596491,19653.15623488482,0.0,0.0
3974,16249.322824114031,1624.932282411403,0.0,0.0,2403.8334107707888,12.231284288596491,19653.15623488482,0.0,0.0
3975,16249.322824114031,1624.932282411403,0.0,0.0,2403.8334107707888,12.231284288596491,19653.15623488482,0.0,0.0
3976,16249.322824114031,1624.932282411403,0.0,0.0,2403.8334107707888,12.231284288596491,19653.15623488482,0.0,0.0
3977,16249.322824114031,1624.932282411403,0.0,0.0,2403.8334107707888,12.231284288596491,19653.15623488482,0.0,0.0
3978,16249.322824114031,1624.932282411403,0.0,0.0,2403.8334107707888,12.231284288596491,19653.15623488482,0.0,0.0
3979,16249.322824114031,1624.932282411403,0.0,0.0,2403.8334107707888,12.231284288596491,19653.15623488482,0.0,0.0
3980,16249.322824114031,1624.932282411403,0.0,0.0,2403.8334107707888,12.231284288596491,19653.15623488482,0.0,0.0
3981,16249.322824114031,1624.932282411403,0.0,0.0,2403.8334107707888,12.231284288596491,19653.15623488482,0.0,0.0
3982,16249.322824114031,1624.932282411403,0.0,0.0,2403.8334107707888,12.231284288596491,19653.15623488482,0.0,0.0
3983,16249.322824114031,1624.932282411403,0.0,0.0,2403.8334107707888,12.231284288596491,19653.15623488482,0.0,0.0
3984,16249.322824114031,1624.932282411403,0.0,0.0,2403.8334107707888,12.231284288596491,19653.15623488482,0.0,0.0
3985,16249.322824114031,1624.932282411403,0.0,0.0,2403.8334107707888,12.231284288596491,19653.15623488482,0.0,0.0
3986,16249.322824114031,1624.932282411403,0.0,0.0,2403.8334107707888,12.231284288596491,19653.15623488482,0.0,0.0
3987,16249.322824114031,1624.932282411403,0.0,0.0,2403.8334107707888,12.231284288596491,19653.15623488482,0.0,0.0
3988,16249.322824114031,1624.932282411403,0.0,0.0,2403.8334107707888,12.231284288596491,19653.15623488482,0.0,0.0
3989,16249.322824114031,1624.932282411403,0.0,0.0,2403.8334107707888,12.231284288596491,19653.15623488482,0.0,0.0
3990,16249.322824114031,1624.932282411403,0.0,0.0,2403.8334107707888,12.231284288596491,19653.15623488482,0.0,0.0
3991,16249.322824114031,1624.932282411403,0.0,0.0,2403.8334107707888,12.231284288596491,19653.15623488482,0.0,0.0
3992,16249.322824114031,1624.932282411403,0.0,0.0,2403.8334107707888,12.231284288596491,19653.15623488482,0.0,0.0
3993,16249.322824114031,1624.932282411403,0.0,0.0,2403.8334107707888,12.231284288596491,19653.15623488482,0.0,0.0
3994,16249.322824114031,1624.932282411403,0.0,0.0,2403.8334107707888,12.231284288596491,19653.15623488482,0.0,0.0
3995,16249.322824114031,1624.932282411403,0.0,0.0,2403.8334107707888,12.231284288596491,19653.15623488482,0.0,0.0
3996,16249.322824114031,1624.932282411403,0.0,0.0,2403.8334107707888,12.231284288596491,19653.15623488482,0.0,0.0
3997,16249.322824114031,1624.932282411403,0.0,0.0,2403.8334107707888,12.231284288596491,19653.15623488482,0.0,0.0
3998,16249.322824114031,1624.932282411403,0.0,0.0,2403.8334107707888,12.231284288596491,19653.15623488482,0.0,0.0
3999,16249.322824114031,1624.932282411403,0.0,0.0,2403.8334107707888,12.231284288596491,19653.15623488482,0.0,0.0
4000,16249.322824114031,1624.932282411403,0.0,0.0,2403.8334107707888,12.231284288596491,19653.15623488482,0.0,0.0
4001,16249.322824114031,1624.932282411403,0.0,0.0,2403.8334107707888,12.231284288596491,19653.15623488482,0.0,0.0
4002,16249.322824114031,1624.932282411403,0.0,0.0,2403.8334107707888,12.231284288596491,19653.15623488482,0.0,0.0
4003,16249.322824114031,1624.932282411403,0.0,0.0,2403.8334107707888,12.231284288596491,19653.15623488482,0.0,0.0
4004,16249.322824114031,1624.932282411403,0.0,0.0,2403.8334107707888,12.231284288596491,19653.15623488482,0.0,0.0
4005,16249.322824114031,1624.932282411403,0.0,0.0,2403.8334107707888,12.231284288596491,19653.15623488482,0.0,0.0
4006,16249.322824114031,1624.932282411403,0.0,0.0,2403.8334107707888,12.231284288596491,19653.15623488482,0.0,0.0
4007,16249.322824114031,1624.932282411403,0.0,0.0,2403.8334107707888,12.231284288596491,19653.15623488482,0.0,0.0
4008,16249.322824114031,1624.932282411403,0.0,0.0,2403.8334107707888,12.231284288596491,19653.15623488482,0.0,0.0
4009,16249.322824114031,1624.932282411403,0.0,0.0,2403.8334107707888,12.231284288596491,19653.15623488482,0.0,0.0
4010,16249.322824114031,1624.932282411403,0.0,0.0,2403.8334107707888,12.231284288596491,19653.15623488482,0.0,0.0
4011,16249.322824114031,1624.932282411403,0.0,0.0,2403.8334107707888,12.231284288596491,19653.15623488482,0.0,0.0
4012,16249.322824114031,1624.932282411403,0.0,0.0,2403.8334107707888,12.231284288596491,19653.15623488482,0.0,0.0
4013,16249.322824114031,1624.932282411403,0.0,0.0,2403.8334107707888,12.231284288596491,19653.15623488482,0.0,0.0
4014,16249.322824114031,1624.932282411403,0.0,0.0,2403.8334107707888,12.231284288596491,19653.15623488482,0.0,0.0
4015,16249.322824114031,1624.932282411403,0.0,0.0,2403.8334107707888,12.231284288596491,19653.15623488482,0.0,0.0
4016,16249.322824114031,1624.932282411403,0.0,0.0,2403.8334107707888,12.231284288596491,19653.15623488482,0.0,0.0
4017,16249.322824114031,1624.932282411403,0.0,0.0,2403.8334107707888,12.231284288596491,19653.15623488482,0.0,0.0
4018,16249.322824114031,1624.932282411403,0.0,0.0,2403.8334107707888,12.231284288596491,19653.15623488482,0.0,0.0
4019,16249.322824114031,1624.932282411403,0.0,0.0,2403.8334107707888,12.231284288596491,19653.15623488482,0.0,0.0
4020,16249.322824114031,1624.932282411403,0.0,0.0,2403.8334107707888,12.231284288596491,19653.15623488482,0.0,0.0
4021,16249.322824114031,1624.932282411403,0.0,0.0,2403.8334107707888,12.231284288596491,19653.15623488482,0.0,0.0
4022,16249.322824114031,1624.932282411403,0.0,0.0,2403.8334107707888,12.231284288596491,19653.15623488482,0.0,0.0
4023,16249.322824114031,1624.932282411403,0.0,0.0,2403.8334107707888,12.231284288596491,19653.15623488482,0.0,0.0
4024,16249.322824114031,1624.932282411403,0.0,0.0,2403.8334107707888,12.231284288596491,19653.15623488482,0.0,0.0
4025,16249.322824114031,1624.932282411403,0.0,0.0,2403.8334107707888,12.231284288596491,19653.15623488482,0.0,0.0
4026,16249.322824114031,1624.932282411403,0.0,0.0,2403.8334107707888,12.231284288596491,19653.15623488482,0.0,0.0
4027,16249.322824114031,1624.932282411403,0.0,0.0,2403.8334107707888,12.231284288596491,19653.15623488482,0.0,0.0
4028,16249.322824114031,1624.932282411403,0.0,0.0,2403.8334107707888,12.231284288596491,19653.15623488482,0.0,0.0
4029,16249.322824114031,1624.932282411403,0.0,0.0,2403.8334107707888,12.231284288596491,19653.15623488482,0.0,0.0
4030,16249.322824114031,1624.932282411403,0.0,0.0,2403.8334107707888,12.231284288596491,19653.15623488482,0.0,0.0
4031,16249.322824114031,1624.932282411403,0.0,0.0,2403.8334107707888,12.231284288596491,19653.15623488482,0.0,0.0
4032,16249.322824114031,1624.932282411403,0.0,0.0,2403.8334107707888,12.231284288596491,19653.15623488482,0.0,0.0
4033,16249.322824114031,1624.932282411403,0.0,0.0,2403.8334107707888,12.231284288596491,19653.15623488482,0.0,0.0
4034,16249.322824114031,1624.932282411403,0.0,0.0,2403.8334107707888,12.231284288596491,19653.15623488482,0.0,0.0
4035,16249.322824114031,1624.932282411403,0.0,0.0,2403.8334107707888,12.231284288596491,19653.15623488482,0.0,0.0
4036,16249.322824114031,1624.932282411403,0.0,0.0,2403.8334107707888,12.231284288596491,19653.15623488482,0.0,0.0
4037,16249.322824114031,1624.932282411403,0.0,0.0,2403.8334107707888,12.231284288596491,19653.15623488482,0.0,0.0
4038,16249.322824114031,1624.932282411403,0.0,0.0,2403.8334107707888,12.231284288596491,19653.15623488482,0.0,0.0
4039,16249.322824114031,1624.932282411403,0.0,0.0,2403.8334107707888,12.231284288596491,19653.15623488482,0.0,0.0
4040,16249.322824114031,1624.932282411403,0.0,0.0,2403.8334107707888,12.231284288596491,19653.15623488482,0.0,0.0
4041,16249.322824114031,1624.932282411403,0.0,0.0,2403.8334107707888,12.231284288596491,19653.15623488482,0.0,0.0
4042,16249.322824114031,1624.932282411403,0.0,0.0,2403.8334107707888,12.231284288596491,19653.15623488482,0.0,0.0
4043,16249.322824114031,1624.932282411403,0.0,0.0,2403.8334107707888,12.231284288596491,19653.15623488482,0.0,0.0
4044,16249.322824114031,1624.932282411403,0.0,0.0,2403.8334107707888,12.231284288596491,19653.15623488482,0.0,0.0
4045,16249.322824114031,1624.932282411403,0.0,0.0,2403.8334107707888,12.231284288596491,19653.15623488482,0.0,0.0
4046,16249.322824114031,1624.932282411403,0.0,0.0,2403.8334107707888,12.231284288596491,19653.15623488482,0.0,0.0
4047,16249.322824114031,1624.932282411403,0.0,0.0,2403.8334107707888,12.231284288596491,19653.15623488482,0.0,0.0
4048,16249.322824114031,1624.932282411403,0.0,0.0,2403.8334107707888,12.231284288596491,19653.15623488482,0.0,0.0
4049,16249.322824114031,1624.932282411403,0.0,0.0,2403.8334107707888,12.231284288596491,19653.15623488482,0.0,0.0
4050,16249.322824114031,1624.932282411403,0.0,0.0,2403.8334107707888,12.231284288596491,19653.15623488482,0.0,0.0
4051,16249.322824114031,1624.932282411403,0.0,0.0,2403.8334107707888,12.231284288596491,19653.15623488482,0.0,0.0
4052,16249.322824114031,1624.932282411403,0.0,0.0,2403.8334107707888,12.231284288596491,19653.15623488482,0.0,0.0
4053,16249.322824114031,1624.932282411403,0.0,0.0,2403.8334107707888,12.231284288596491,19653.15623488482,0.0,0.0
4054,16249.322824114031,1624.932282411403,0.0,0.0,2403.8334107707888,12.231284288596491,19653.15623488482,0.0,0.0
4055,16249.322824114031,1624.932282411403,0.0,0.0,2403.8334107707888,12.231284288596491,19653.15623488482,0.0,0.0
4056,16249.322824114031,1624.932282411403,0.0,0.0,2403.8334107707888,12.231284288596491,19653.15623488482,0.0,0.0
4057,16249.322824114031,1624.932282411403,0.0,0.0,2403.8334107707888,12.231284288596491,19653.15623488482,0.0,0.0
4058,16249.322824114031,1624.932282411403,0.0,0.0,2403.8334107707888,12.231284288596491,19653.15623488482,0.0,0.0
4059,16249.322824114031,1624.932282411403,0.0,0.0,2403.8334107707888,12.231284288596491,19653.15623488482,0.0,0.0
4060,16249.322824114031,1624.932282411403,0.0,0.0,2403.8334107707888,12.231284288596491,19653.15623488482,0.0,0.0
4061,16249.322824114031,1624.932282411403,0.0,0.0,2403.8334107707888,12.231284288596491,19653.15623488482,0.0,0.0
4062,16249.322824114031,1624.932282411403,0.0,0.0,2403.8334107707888,12.231284288596491,19653.15623488482,0.0,0.0
4063,16249.322824114031,1624.932282411403,0.0,0.0,2403.8334107707888,12.231284288596491,19653.15623488482,0.0,0.0
4064,16249.322824114031,1624.932282411403,0.0,0.0,2403.8334107707888,12.231284288596491,19653.15623488482,0.0,0.0
4065,16249.322824114031,1624.932282411403,0.0,0.0,2403.8334107707888,12.231284288596491,19653.15623488482,0.0,0.0
4066,16249.322824114031,1624.932282411403,0.0,0.0,2403.8334107707888,12.231284288596491,19653.15623488482,0.0,0.0
4067,16249.322824114031,1624.932282411403,0.0,0.0,2403.8334107707888,12.231284288596491,19653.15623488482,0.0,0.0
4068,16249.322824114031,1624.932282411403,0.0,0.0,2403.8334107707888,12.231284288596491,19653.15623488482,0.0,0.0
4069,16249.322824114031,1624.932282411403,0.0,0.0,2403.8334107707888,12.231284288596491,19653.15623488482,0.0,0.0
4070,16249.322824114031,1624.932282411403,0.0,0.0,2403.8334107707888,12.231284288596491,19653.15623488482,0.0,0.0
4071,16249.322824114031,1624.932282411403,0.0,0.0,2403.8334107707888,12.231284288596491,19653.15623488482,0.0,0.0
4072,16232.090733380654,1623.2090733380655,-17.232090733377845,-0.09990009990008542,2421.0655015041666,12.318965323273204,19653.15623488482,0.0,0.0
4073,17606.10680543688,1760.610680543688,1374.0160720562271,7.973588888982519,1047.0494294479395,5.327640084544801,19653.15623488482,1374.0160720562271,0.0
4074,18234.041625050133,1823.4041625050131,627.9348196132523,3.374885601698052,419.11460983468714,2.132556240970337,19653.15623488482,2001.9508916694795,0.0
4075,18023.999441843996,1802.3999441843998,-210.04218320613654,-1.0920335273299053,629.1567930408237,3.201301539159677,19653.15623488482,2001.9508916694795,0.0
4076,17995.557029385523,1799.5557029385523,-28.442412458472973,-0.1495080597821774,657.5992054992967,3.346023395122878,19653.15623488482,2001.9508916694795,0.0
4077,17875.22053580426,1787.522053580426,-120.33649358126422,-0.6334981037676712,777.9356990805609,3.9583245041308253,19653.15623488482,2001.9508916694795,0.0
4078,17940.85892671288,1794.085892671288,65.63839090862166,0.3477490013116036,712.2973081719392,3.6243405367510104,19653.15623488482,2001.9508916694795,0.0
4079,18325.934036919305,1832.5934036919302,385.07511020642414,2.0330393235933997,327.2221979655151,1.6649854814906926,19653.15623488482,2093.8433035386515,0.0
4080,18424.389954028615,1842.4389954028616,98.45591710930967,0.5094497214014337,228.7662808562054,1.1640180239860904,19653.15623488482,2192.299220647961,0.0
4081,18579.73236530849,1857.9732365308491,155.3424112798748,0.7997286486088884,73.42386957633062,0.37359836098998445,19653.15623488482,2347.641631927836,0.0
4082,18529.411045631685,1852.9411045631687,-50.321319676804706,-0.257007188545455,123.74518925313532,0.6296453748914115,19653.15623488482,2347.641631927836,0.0
4083,18435.330242264594,1843.5330242264595,-94.080803367091,-0.481739071123366,217.82599262022632,1.1083511982344088,19653.15623488482,2347.641631927836,0.0
4084,18376.25535659611,1837.6255356596112,-59.07488566848406,-0.3039561712206873,276.9008782887104,1.4089384675892653,19653.15623488482,2347.641631927836,0.0
4085,18328.120759163605,1832.8120759163603,-48.13459743250496,-0.2484205360976488,325.03547572121533,1.6538589111924407,19653.15623488482,2347.641631927836,0.0
4086,18209.974326333882,1820.9974326333881,-118.14643282972247,-0.6112670460924563,443.1819085509378,2.2550164627719154,19653.15623488482,2347.641631927836,0.0
4087,18284.362944726938,1828.4362944726936,74.38861839305537,0.38723955133599386,368.79329015788244,1.87650922706891,19653.15623488482,2347.641631927836,0.0
4088,18365.316737613754,1836.5316737613753,80.95379288681579,0.41978982203791926,287.83949727106665,1.4645967997758278,19653.15623488482,2347.641631927836,0.0
4089,18236.228347294433,1823.6228347294432,-129.08839031932075,-0.666595811823667,416.9278875903874,2.1214296706720854,19653.15623488482,2347.641631927836,0.0
4090,18494.403458679455,1849.4403458679453,258.1751113850223,1.3421295834291413,158.75277620536508,0.8077724224446714,19653.15623488482,2347.641631927836,0.0
4091,18391.570758574304,1839.1570758574303,-102.83270010515116,-0.5274985732347082,261.58547631051624,1.3310100076759974,19653.15623488482,2347.641631927836,0.0
4092,18131.208924944985,1813.1208924944985,-260.3618336293184,-1.3426546867751576,521.9473099398347,2.6557938262016445,19653.15623488482,2347.641631927836,0.0
4093,18279.98783098472,1827.998783098472,148.77890603973356,0.7776764480666998,373.1684039001011,1.8987708612305148,19653.15623488482,2347.641631927836,0.0
4094,18277.7994394868,1827.7799439486798,-2.1883914979189285,-0.01135058547289125,375.35679539802004,1.9099059250938675,19653.15623488482,2347.641631927836,0.0
4095,18376.25535659611,1837.6255356596112,98.45591710930967,0.5107217627113636,276.9008782887104,1.4089384675892653,19653.15623488482,2347.641631927836,0.0
4096,18468.149437718905,1846.8149437718903,91.89408112279489,0.47426130297933966,185.0067971659155,0.9413592145445016,19653.15623488482,2347.641631927836,0.0
4097,18669.438054933362,1866.9438054933362,201.2886172144572,1.0339381144489623,0.0,0.0,19669.438054933362,2437.3473215527083,0.0
4098,18603.79966402474,1860.379966402474,-65.63839090862166,-0.33370750463386223,65.63839090862166,0.3337075046338635,19669.438054933362,2437.3473215527083,0.0
4099,18756.955353060315,1875.6955353060316,153.15568903557505,0.7812551222742492,0.0,0.0,19756.955353060315,2524.8646196796617,0.0
4100,18546.91316985418,1854.6913169854179,-210.04218320613654,-1.0631303227275901,210.04218320613654,1.0631303227275928,19756.955353060315,2524.8646196796617,0.0
4101,18455.020757985007,1845.5020757985008,-91.89241186917207,-0.47011214031937865,301.9345950753086,1.528244558332413,19756.955353060315,2524.8646196796617,0.0
4102,18104.953234730812,1810.495323473081,-350.0675232541944,-1.7993685414625649,652.002118329503,3.300114347975733,19756.955353060315,2524.8646196796617,0.0
4103,18227.476450556376,1822.7476450556378,122.52321582556397,0.6413164916982295,529.478902503939,2.679962033835966,19756.955353060315,2524.8646196796617,0.0
4104,18660.686158195305,1866.0686158195304,433.2097076389291,2.25307626173894,96.26919486500992,0.48726736050500824,19756.955353060315,2524.8646196796617,0.0
4105,18905.734259100052,1890.5734259100054,245.04810090474712,1.2463863108999496,0.0,0.0,19905.734259100052,2673.643525719399,0.0
4106,18802.9015589949,1880.29015589949,-102.83270010515116,-0.516598376963362,102.83270010515116,0.5165983769633639,19905.734259100052,2673.643525719399,0.0
4107,19187.974999947706,1918.7974999947705,385.07344095280496,1.9445304002831731,0.0,0.0,20187.974999947706,2955.8842665670527,0.0
4108,19168.284484227293,1916.8284484227293,-19.690515720412805,-0.09753586340612852,19.690515720412805,0.09753586340613067,20187.974999947706,2955.8842665670527,0.0
4109,19376.136606681892,1937.6136606681894,207.85212245459843,1.030589005312521,0.0,0.0,20376.136606681892,3144.0458733012383,0.0
4110,19338.942297485362,1933.8942297485364,-37.1943091965295,-0.18253857399215256,37.1943091965295,0.1825385739921496,20376.136606681892,3144.0458733012383,0.0
4111,19255.801782354247,1925.5801782354247,-83.14051513111554,-0.40877501846000586,120.33482432764504,0.5905674203626214,20376.136606681892,3144.0458733012383,0.0
4112,19321.438504009246,1932.1438504009247,65.63672165499884,0.3240391190645342,54.6981026726462,0.2684419707645128,20376.136606681892,3144.0458733012383,0.0
4113,19212.04229866396,1921.204229866396,-109.39620534528513,-0.5383290426202003,164.09430801793133,0.8053259122935028,20376.136606681892,3144.0458733012383,0.0
4114,18956.055578776857,1895.605557877686,-255.9867198871034,-1.2665059577083082,420.0810279050347,2.0616323693436502,20376.136606681892,3144.0458733012383,0.0
4115,18886.042074126017,1888.6042074126017,-70.01350465084033,-0.35083839275983353,490.09453255587505,2.4052377642342644,20376.136606681892,3144.0458733012383,0.0
4116,19573.05011015413,1957.3050110154131,687.0080360281136,3.454724844025092,0.0,0.0,20573.05011015413,3340.959376773477,0.0
4117,19371.761492939673,1937.1761492939672,-201.2886172144572,-0.9784092107718578,201.2886172144572,0.9784092107718545,20573.05011015413,3340.959376773477,0.0
4118,19317.063390267027,1931.7063390267026,-54.6981026726462,-0.26849962234047897,255.9867198871034,1.2442818080764668,20573.05011015413,3340.959376773477,0.0
4119,19087.330691340478,1908.7330691340476,-229.73269892654935,-1.1307377179154976,485.71941881365274,2.360949962270878,20573.05011015413,3340.959376773477,0.0
4120,19273.305575830364,1927.3305575830364,185.97488448988588,0.9258317461267263,299.74453432376686,1.4569766404050295,20573.05011015413,3340.959376773477,0.0
4121,19564.298213416074,1956.4298213416073,290.9926375857103,1.4353487471358894,8.75189673805653,0.04254058922326205,20573.05011015413,3340.959376773477,0.0
4122,19542.419306197742,1954.2419306197744,-21.878907218331733,-0.10639267623564486,30.630803956388263,0.1488880053875433,20573.05011015413,3340.959376773477,0.0
4123,19076.39207235812,1907.6392072358121,-466.02723383962075,-2.2686092952012626,496.658037796009,2.4141196134591447,20573.05011015413,3340.959376773477,0.0
4124,19113.58638155465,1911.358638155465,37.1943091965295,0.18526391127686725,459.4637285994795,2.2333281946010737,20573.05011015413,3340.959376773477,0.0
4125,18708.82075562781,1870.8820755627808,-404.7656259268406,-2.0123990731858443,864.2293545263201,4.200783791897571,20573.05011015413,3340.959376773477,0.0
4126,18131.208924944985,1813.1208924944985,-577.6118306828248,-2.930727504424069,1441.841185209145,7.008397770331114,20573.05011015413,3340.959376773477,0.0
4127,18286.551336224857,1828.6551336224857,155.34241127987116,0.8119842916843645,1286.4987739292737,6.253320567640593,20573.05011015413,3340.959376773477,0.0
4128,18533.786159373904,1853.3786159373904,247.23482314904686,1.2819027043195597,1039.2639507802269,5.051579348787387,20573.05011015413,3340.959376773477,0.0
4129,18157.462945905536,1815.7462945905536,-376.3232134683676,-1.9265246911069345,1415.5871642485945,6.880784116449076,20573.05011015413,3340.959376773477,0.0
4130,18023.999441843996,1802.3999441843998,-133.46350406153942,-0.6966658603928755,1549.050668310134,7.529513902975317,20573.05011015413,3340.959376773477,0.0
4131,18376.25535659611,1837.6255356596112,352.2559147521133,1.8516396398609691,1196.7947535580206,5.8172937272306795,20573.05011015413,3340.959376773477,0.0
4132,18295.303232962917,1829.5303232962915,-80.95212363319297,-0.41779034257842795,1277.7468771912136,6.210779978417313,20573.05011015413,3340.959376773477,0.0
4133,18262.484037508606,1826.2484037508607,-32.81919545431083,-0.17008903699551325,1310.5660726455244,6.370305159557627,20573.05011015413,3340.959376773477,0.0
4134,18417.826448788477,1841.7826448788478,155.34241127987116,0.8064505646176334,1155.2236613656532,5.615227956867104,20573.05011015413,3340.959376773477,0.0
4135,18328.120759163605,1832.8120759163603,-89.70568962487232,-0.46197595730632646,1244.9293509905256,6.051262911064764,20573.05011015413,3340.959376773477,0.0
4136,16897.219862190435,1689.7219862190436,-1430.9008969731694,-7.403207558576375,2675.830247963695,13.006482916419865,20573.05011015413,3340.959376773477,0.0
4137,17200.624460428804,1720.0624460428805,303.40459823836864,1.6952610549269664,2372.4256497253264,11.53171570099069,20573.05011015413,3340.959376773477,0.0
4138,17200.624460428804,1720.0624460428805,0.0,0.0,2372.4256497253264,11.53171570099069,20573.05011015413,0.0,0.0
4139,17200.624460428804,1720.0624460428805,0.0,0.0,2372.4256497253264,11.53171570099069,20573.05011015413,0.0,0.0
4140,17200.624460428804,1720.0624460428805,0.0,0.0,2372.4256497253264,11.53171570099069,20573.05011015413,0.0,0.0
4141,17200.624460428804,1720.0624460428805,0.0,0.0,2372.4256497253264,11.53171570099069,20573.05011015413,0.0,0.0
4142,17200.624460428804,1720.0624460428805,0.0,0.0,2372.4256497253264,11.53171570099069,20573.05011015413,0.0,0.0
4143,17200.624460428804,1720.0624460428805,0.0,0.0,2372.4256497253264,11.53171570099069,20573.05011015413,0.0,0.0
4144,17200.624460428804,1720.0624460428805,0.0,0.0,2372.4256497253264,11.53171570099069,20573.05011015413,0.0,0.0
4145,17200.624460428804,1720.0624460428805,0.0,0.0,2372.4256497253264,11.53171570099069,20573.05011015413,0.0,0.0
4146,17200.624460428804,1720.0624460428805,0.0,0.0,2372.4256497253264,11.53171570099069,20573.05011015413,0.0,0.0
4147,17200.624460428804,1720.0624460428805,0.0,0.0,2372.4256497253264,11.53171570099069,20573.05011015413,0.0,0.0
4148,17200.624460428804,1720.0624460428805,0.0,0.0,2372.4256497253264,11.53171570099069,20573.05011015413,0.0,0.0
4149,17200.624460428804,1720.0624460428805,0.0,0.0,2372.4256497253264,11.53171570099069,20573.05011015413,0.0,0.0
4150,17200.624460428804,1720.0624460428805,0.0,0.0,2372.4256497253264,11.53171570099069,20573.05011015413,0.0,0.0
4151,17200.624460428804,1720.0624460428805,0.0,0.0,2372.4256497253264,11.53171570099069,20573.05011015413,0.0,0.0
4152,17200.624460428804,1720.0624460428805,0.0,0.0,2372.4256497253264,11.53171570099069,20573.05011015413,0.0,0.0
4153,17200.624460428804,1720.0624460428805,0.0,0.0,2372.4256497253264,11.53171570099069,20573.05011015413,0.0,0.0
4154,17200.624460428804,1720.0624460428805,0.0,0.0,2372.4256497253264,11.53171570099069,20573.05011015413,0.0,0.0
4155,17200.624460428804,1720.0624460428805,0.0,0.0,2372.4256497253264,11.53171570099069,20573.05011015413,0.0,0.0
4156,17200.624460428804,1720.0624460428805,0.0,0.0,2372.4256497253264,11.53171570099069,20573.05011015413,0.0,0.0
4157,17200.624460428804,1720.0624460428805,0.0,0.0,2372.4256497253264,11.53171570099069,20573.05011015413,0.0,0.0
4158,17200.624460428804,1720.0624460428805,0.0,0.0,2372.4256497253264,11.53171570099069,20573.05011015413,0.0,0.0
4159,17200.624460428804,1720.0624460428805,0.0,0.0,2372.4256497253264,11.53171570099069,20573.05011015413,0.0,0.0
4160,17200.624460428804,1720.0624460428805,0.0,0.0,2372.4256497253264,11.53171570099069,20573.05011015413,0.0,0.0
4161,17200.624460428804,1720.0624460428805,0.0,0.0,2372.4256497253264,11.53171570099069,20573.05011015413,0.0,0.0
4162,17200.624460428804,1720.0624460428805,0.0,0.0,2372.4256497253264,11.53171570099069,20573.05011015413,0.0,0.0
4163,17200.624460428804,1720.0624460428805,0.0,0.0,2372.4256497253264,11.53171570099069,20573.05011015413,0.0,0.0
4164,17200.624460428804,1720.0624460428805,0.0,0.0,2372.4256497253264,11.53171570099069,20573.05011015413,0.0,0.0
4165,17200.624460428804,1720.0624460428805,0.0,0.0,2372.4256497253264,11.53171570099069,20573.05011015413,0.0,0.0
4166,17200.624460428804,1720.0624460428805,0.0,0.0,2372.4256497253264,11.53171570099069,20573.05011015413,0.0,0.0
4167,17200.624460428804,1720.0624460428805,0.0,0.0,2372.4256497253264,11.53171570099069,20573.05011015413,0.0,0.0
4168,17200.624460428804,1720.0624460428805,0.0,0.0,2372.4256497253264,11.53171570099069,20573.05011015413,0.0,0.0
4169,17200.624460428804,1720.0624460428805,0.0,0.0,2372.4256497253264,11.53171570099069,20573.05011015413,0.0,0.0
4170,17200.624460428804,1720.0624460428805,0.0,0.0,2372.4256497253264,11.53171570099069,20573.05011015413,0.0,0.0
4171,17200.624460428804,1720.0624460428805,0.0,0.0,2372.4256497253264,11.53171570099069,20573.05011015413,0.0,0.0
4172,17200.624460428804,1720.0624460428805,0.0,0.0,2372.4256497253264,11.53171570099069,20573.05011015413,0.0,0.0
4173,17200.624460428804,1720.0624460428805,0.0,0.0,2372.4256497253264,11.53171570099069,20573.05011015413,0.0,0.0
4174,17200.624460428804,1720.0624460428805,0.0,0.0,2372.4256497253264,11.53171570099069,20573.05011015413,0.0,0.0
4175,17200.624460428804,1720.0624460428805,0.0,0.0,2372.4256497253264,11.53171570099069,20573.05011015413,0.0,0.0
4176,17200.624460428804,1720.0624460428805,0.0,0.0,2372.4256497253264,11.53171570099069,20573.05011015413,0.0,0.0
4177,17200.624460428804,1720.0624460428805,0.0,0.0,2372.4256497253264,11.53171570099069,20573.05011015413,0.0,0.0
4178,17200.624460428804,1720.0624460428805,0.0,0.0,2372.4256497253264,11.53171570099069,20573.05011015413,0.0,0.0
4179,17200.624460428804,1720.0624460428805,0.0,0.0,2372.4256497253264,11.53171570099069,20573.05011015413,0.0,0.0
4180,17200.624460428804,1720.0624460428805,0.0,0.0,2372.4256497253264,11.53171570099069,20573.05011015413,0.0,0.0
4181,17200.624460428804,1720.0624460428805,0.0,0.0,2372.4256497253264,11.53171570099069,20573.05011015413,0.0,0.0
4182,17200.624460428804,1720.0624460428805,0.0,0.0,2372.4256497253264,11.53171570099069,20573.05011015413,0.0,0.0
4183,17200.624460428804,1720.0624460428805,0.0,0.0,2372.4256497253264,11.53171570099069,20573.05011015413,0.0,0.0
4184,17200.624460428804,1720.0624460428805,0.0,0.0,2372.4256497253264,11.53171570099069,20573.05011015413,0.0,0.0
4185,17200.624460428804,1720.0624460428805,0.0,0.0,2372.4256497253264,11.53171570099069,20573.05011015413,0.0,0.0
4186,17200.624460428804,1720.0624460428805,0.0,0.0,2372.4256497253264,11.53171570099069,20573.05011015413,0.0,0.0
4187,17200.624460428804,1720.0624460428805,0.0,0.0,2372.4256497253264,11.53171570099069,20573.05011015413,0.0,0.0
4188,17200.624460428804,1720.0624460428805,0.0,0.0,2372.4256497253264,11.53171570099069,20573.05011015413,0.0,0.0
4189,17200.624460428804,1720.0624460428805,0.0,0.0,2372.4256497253264,11.53171570099069,20573.05011015413,0.0,0.0
4190,17200.624460428804,1720.0624460428805,0.0,0.0,2372.4256497253264,11.53171570099069,20573.05011015413,0.0,0.0
4191,17200.624460428804,1720.0624460428805,0.0,0.0,2372.4256497253264,11.53171570099069,20573.05011015413,0.0,0.0
4192,17200.624460428804,1720.0624460428805,0.0,0.0,2372.4256497253264,11.53171570099069,20573.05011015413,0.0,0.0
4193,17200.624460428804,1720.0624460428805,0.0,0.0,2372.4256497253264,11.53171570099069,20573.05011015413,0.0,0.0
4194,17200.624460428804,1720.0624460428805,0.0,0.0,2372.4256497253264,11.53171570099069,20573.05011015413,0.0,0.0
4195,17200.624460428804,1720.0624460428805,0.0,0.0,2372.4256497253264,11.53171570099069,20573.05011015413,0.0,0.0
4196,17200.624460428804,1720.0624460428805,0.0,0.0,2372.4256497253264,11.53171570099069,20573.05011015413,0.0,0.0
4197,17200.624460428804,1720.0624460428805,0.0,0.0,2372.4256497253264,11.53171570099069,20573.05011015413,0.0,0.0
4198,17200.624460428804,1720.0624460428805,0.0,0.0,2372.4256497253264,11.53171570099069,20573.05011015413,0.0,0.0
4199,17200.624460428804,1720.0624460428805,0.0,0.0,2372.4256497253264,11.53171570099069,20573.05011015413,0.0,0.0
4200,17200.624460428804,1720.0624460428805,0.0,0.0,2372.4256497253264,11.53171570099069,20573.05011015413,0.0,0.0
4201,17200.624460428804,1720.0624460428805,0.0,0.0,2372.4256497253264,11.53171570099069,20573.05011015413,0.0,0.0
4202,17200.624460428804,1720.0624460428805,0.0,0.0,2372.4256497253264,11.53171570099069,20573.05011015413,0.0,0.0
4203,17200.624460428804,1720.0624460428805,0.0,0.0,2372.4256497253264,11.53171570099069,20573.05011015413,0.0,0.0
4204,17200.624460428804,1720.0624460428805,0.0,0.0,2372.4256497253264,11.53171570099069,20573.05011015413,0.0,0.0
4205,17200.624460428804,1720.0624460428805,0.0,0.0,2372.4256497253264,11.53171570099069,20573.05011015413,0.0,0.0
4206,17200.624460428804,1720.0624460428805,0.0,0.0,2372.4256497253264,11.53171570099069,20573.05011015413,0.0,0.0
4207,17200.624460428804,1720.0624460428805,0.0,0.0,2372.4256497253264,11.53171570099069,20573.05011015413,0.0,0.0
4208,17200.624460428804,1720.0624460428805,0.0,0.0,2372.4256497253264,11.53171570099069,20573.05011015413,0.0,0.0
4209,17200.624460428804,1720.0624460428805,0.0,0.0,2372.4256497253264,11.53171570099069,20573.05011015413,0.0,0.0
4210,17200.624460428804,1720.0624460428805,0.0,0.0,2372.4256497253264,11.53171570099069,20573.05011015413,0.0,0.0
4211,17200.624460428804,1720.0624460428805,0.0,0.0,2372.4256497253264,11.53171570099069,20573.05011015413,0.0,0.0
4212,17200.624460428804,1720.0624460428805,0.0,0.0,2372.4256497253264,11.53171570099069,20573.05011015413,0.0,0.0
4213,17200.624460428804,1720.0624460428805,0.0,0.0,2372.4256497253264,11.53171570099069,20573.05011015413,0.0,0.0
4214,17200.624460428804,1720.0624460428805,0.0,0.0,2372.4256497253264,11.53171570099069,20573.05011015413,0.0,0.0
4215,17200.624460428804,1720.0624460428805,0.0,0.0,2372.4256497253264,11.53171570099069,20573.05011015413,0.0,0.0
4216,17200.624460428804,1720.0624460428805,0.0,0.0,2372.4256497253264,11.53171570099069,20573.05011015413,0.0,0.0
4217,17200.624460428804,1720.0624460428805,0.0,0.0,2372.4256497253264,11.53171570099069,20573.05011015413,0.0,0.0
4218,17200.624460428804,1720.0624460428805,0.0,0.0,2372.4256497253264,11.53171570099069,20573.05011015413,0.0,0.0
4219,17200.624460428804,1720.0624460428805,0.0,0.0,2372.4256497253264,11.53171570099069,20573.05011015413,0.0,0.0
4220,17200.624460428804,1720.0624460428805,0.0,0.0,2372.4256497253264,11.53171570099069,20573.05011015413,0.0,0.0
4221,17200.624460428804,1720.0624460428805,0.0,0.0,2372.4256497253264,11.53171570099069,20573.05011015413,0.0,0.0
4222,17200.624460428804,1720.0624460428805,0.0,0.0,2372.4256497253264,11.53171570099069,20573.05011015413,0.0,0.0
4223,17200.624460428804,1720.0624460428805,0.0,0.0,2372.4256497253264,11.53171570099069,20573.05011015413,0.0,0.0
4224,17200.624460428804,1720.0624460428805,0.0,0.0,2372.4256497253264,11.53171570099069,20573.05011015413,0.0,0.0
4225,17200.624460428804,1720.0624460428805,0.0,0.0,2372.4256497253264,11.53171570099069,20573.05011015413,0.0,0.0
4226,17200.624460428804,1720.0624460428805,0.0,0.0,2372.4256497253264,11.53171570099069,20573.05011015413,0.0,0.0
4227,17200.624460428804,1720.0624460428805,0.0,0.0,2372.4256497253264,11.53171570099069,20573.05011015413,0.0,0.0
4228,17200.624460428804,1720.0624460428805,0.0,0.0,2372.4256497253264,11.53171570099069,20573.05011015413,0.0,0.0
4229,17200.624460428804,1720.0624460428805,0.0,0.0,2372.4256497253264,11.53171570099069,20573.05011015413,0.0,0.0
4230,17182.442018410395,1718.2442018410395,-18.182442018409347,-0.09990009990009652,2390.6080917437357,11.6200956053853,20573.05011015413,0.0,0.0
4231,17518.618422294854,1751.8618422294853,336.17640388445943,1.8489067835006257,2054.4316878592763,9.986033557781894,20573.05011015413,336.17640388445943,0.0
4232,17527.523948725193,1752.7523948725193,8.905526430338796,0.048089583289967486,2045.5261614289375,9.942746216417069,20573.05011015413,345.0819303147982,0.0
4233,17572.049882321397,1757.2049882321398,44.525933596203686,0.2403231738867584,2001.0002278327338,9.726317765809119,20573.05011015413,389.6078639110019,0.0
4234,17621.029428410515,1762.1029428410516,48.97954608911823,0.26372719435641123,1952.0206817436156,9.488241516410671,20573.05011015413,438.58741000012014,0.0
4235,17957.205832294974,1795.7205832294974,336.17640388445943,1.8053588561089295,1615.8442778591561,7.854179468807265,20573.05011015413,774.7638138845796,0.0
4236,17932.716059250415,1793.2716059250413,-24.489773044559115,-0.12918450778668378,1640.3340509037153,7.973217593506489,20573.05011015413,774.7638138845796,0.0
4237,17905.9994799594,1790.5999479959398,-26.716579291016387,-0.14111329408525997,1667.0506301947316,8.103079617600963,20573.05011015413,774.7638138845796,0.0
4238,17977.24199284662,1797.7241992846618,71.24251288722007,0.3768248960481557,1595.8081173075116,7.756789142898539,20573.05011015413,794.7999744362241,0.0
4239,17926.037339066534,1792.6037339066531,-51.20465378008521,-0.2698213670847771,1647.0127710875968,8.005681035476064,20573.05011015413,794.7999744362241,0.0
4240,17943.84669337172,1794.3846693371722,17.8093543051873,0.09409975255847414,1629.2034167824095,7.919114608962588,20573.05011015413,794.7999744362241,0.0
4241,17854.794826179314,1785.4794826179316,-89.05186719240737,-0.47008333963959315,1718.2552839748168,8.351971510178487,20573.05011015413,794.7999744362241,0.0
4242,17839.210579565093,1783.9210579565095,-15.58424661422032,-0.08265402385913001,1733.8395305890372,8.427722293512886,20573.05011015413,794.7999744362241,0.0
4243,17727.89404701909,1772.7894047019092,-111.31653254600315,-0.5908768420835431,1845.1560631350403,8.968801676248951,20573.05011015413,794.7999744362241,0.0
4244,17558.692441953634,1755.8692441953635,-169.20160506545653,-0.9034737415784755,2014.3576682004968,9.79124464974827,20573.05011015413,794.7999744362241,0.0
4245,17727.89404701909,1772.7894047019092,169.20160506545653,0.911710809340005,1845.1560631350403,8.968801676248951,20573.05011015413,794.7999744362241,0.0
4246,17552.013721769752,1755.201372176975,-175.88032524933806,-0.9391356273575902,2021.0363883843784,9.823708091717846,20573.05011015413,794.7999744362241,0.0
4247,17736.79957344943,1773.6799573449427,184.78585167967685,0.9960420170606055,1836.2505367047015,8.925514334884127,20573.05011015413,794.7999744362241,0.0
4248,17703.40427397453,1770.3404273974531,-33.39529947489791,-0.17823374447694107,1869.6458361795994,9.087839800948174,20573.05011015413,794.7999744362241,0.0
4249,17772.419980615294,1777.2419980615293,69.0157066407628,0.369000774563788,1800.6301295388366,8.752373225641001,20573.05011015413,794.7999744362241,0.0
4250,17801.36166759728,1780.136166759728,28.941686981987004,0.1541713162813929,1771.6884425568496,8.611695558367433,20573.05011015413,794.7999744362241,0.0
4251,17779.09870079918,1777.9098700799177,-22.262966798101843,-0.11841145972140144,1793.9514093549515,8.719909783671408,20573.05011015413,794.7999744362241,0.0
4252,17783.55231329209,1778.3552313292091,4.453612492910906,0.023715794692114045,1789.4977968620406,8.69826198488093,20573.05011015413,794.7999744362241,0.0
4253,17251.459423606648,1725.1459423606648,-532.0928896854421,-2.8327596442389025,2321.5906865474826,11.284620773861954,20573.05011015413,794.7999744362241,0.0
4254,16897.47196686151,1689.747196686151,-353.987456745137,-1.9395021983134475,2675.5781432926196,13.005257504195008,20573.05011015413,794.7999744362241,-284.97005154888393
4255,17008.788499407514,1700.8788499407515,111.31653254600315,0.6219679111782561,2564.2616107466165,12.464178121458945,20573.05011015413,794.7999744362241,-284.97005154888393
4256,16895.245160615057,1689.524516061506,-113.54333879245678,-0.6304884906399577,2677.8049495390733,13.01608140359024,20573.05011015413,794.7999744362241,-287.19685779533756
4257,16944.224706704175,1694.4224706704176,48.97954608911823,0.2737014533721771,2628.825403449955,12.778005154191794,20573.05011015413,794.7999744362241,-287.19685779533756
4258,17186.89563090331,1718.689563090331,242.67092419913388,1.3523622678915048,2386.154479250821,11.598447806594802,20573.05011015413,794.7999744362241,-287.19685779533756
4259,17280.40111058863,1728.0401110588632,93.50547968532192,0.5141365606477377,2292.6489995654993,11.143943106588404,20573.05011015413,794.7999744362241,-287.19685779533756
4260,17055.541239250175,1705.5541239250174,-224.8598713384563,-1.2300598328130241,2517.5088709039555,12.236925771455747,20573.05011015413,794.7999744362241,-287.19685779533756
4261,16783.928628069054,1678.3928628069052,-271.6126111811209,-1.5043171931654609,2789.1214820850764,13.557160786326305,20573.05011015413,794.7999744362241,-398.5133903413407
4262,17046.635712819836,1704.6635712819834,262.7070847507821,1.4772162565707792,2526.4143973342943,12.28021311282057,20573.05011015413,794.7999744362241,-398.5133903413407
4263,16563.522369223512,1656.3522369223513,-483.11334359632383,-2.677027182707148,3009.527740930618,14.628495652403148,20573.05011015413,794.7999744362241,-618.9196491868825
4264,16703.87004997056,1670.3870049970558,140.34768074704698,0.799086184403297,2869.180060183571,13.946303755744246,20573.05011015413,794.7999744362241,-618.9196491868825
4265,16703.87004997056,1670.3870049970558,0.0,0.0,2869.180060183571,13.946303755744246,20573.05011015413,0.0,0.0
4266,16703.87004997056,1670.3870049970558,0.0,0.0,2869.180060183571,13.946303755744246,20573.05011015413,0.0,0.0
4267,16703.87004997056,1670.3870049970558,0.0,0.0,2869.180060183571,13.946303755744246,20573.05011015413,0.0,0.0
4268,16686.183866104457,1668.6183866104457,-17.68618386610251,-0.09990009990008542,2886.8662440496737,14.032271484259976,20573.05011015413,0.0,0.0
4269,16539.130661351144,1653.9130661351144,-147.05320475331246,-0.8314580797451732,3033.919448802986,14.74705710897749,20573.05011015413,0.0,-147.05320475331246
4270,16801.723952615353,1680.1723952615355,262.59329126420926,1.4971853299596827,2771.326157538777,13.4706625546542,20573.05011015413,115.5400865108968,-147.05320475331246
4271,16936.17158952325,1693.6171589523249,134.44763690789478,0.7552506558677452,2636.878520630882,12.817149166080203,20573.05011015413,249.98772341879157,-147.05320475331246
4272,16646.269172954773,1664.6269172954774,-289.902416568475,-1.616300419080574,2926.780937199357,14.22628594947524,20573.05011015413,249.98772341879157,-147.05320475331246
4273,16480.310020546724,1648.0310020546724,-165.9591524080497,-0.9404772803896955,3092.740089607407,15.032968242666843,20573.05011015413,249.98772341879157,-205.87384555773315
4274,16429.892557391828,1642.9892557391827,-50.41746315489581,-0.2884243076675119,3143.1575527623027,15.278033815758565,20573.05011015413,249.98772341879157,-256.29130871262896
4275,16417.288592288667,1641.7288592288667,-12.60396510316059,-0.07231235110405354,3155.7615178654632,15.339298261407972,20573.05011015413,249.98772341879157,-268.89527381578955
4276,16308.048885587094,1630.8048885587095,-109.2397067015736,-0.6271912308436933,3265.001224567037,15.870282758683155,20573.05011015413,249.98772341879157,-378.13498051736315
4277,15961.425420569889,1596.1425420569888,-346.6234650172046,-2.0026720938247866,3611.6246895842414,17.555125128488708,20573.05011015413,249.98772341879157,-724.7584455345677
4278,16043.35439922494,1604.3354399224938,81.92897865505074,0.48303121125474746,3529.6957109291907,17.15689065077938,20573.05011015413,249.98772341879157,-724.7584455345677
4279,16060.16075452399,1606.0160754523988,16.806355299049756,0.09860943394930377,3512.889355630141,17.075199529584108,20573.05011015413,249.98772341879157,-724.7584455345677
4280,16471.9068428972,1647.1906842897197,411.7460883732092,2.413494774743108,3101.1432672569317,15.07381380326448,20573.05011015413,249.98772341879157,-724.7584455345677
4281,16402.581829345305,1640.2581829345304,-69.32501355189379,-0.3967798945773149,3170.4682808088255,15.410783835324422,20573.05011015413,249.98772341879157,-724.7584455345677
4282,16253.429032236309,1625.3429032236309,-149.1527971089963,-0.8570728100670943,3319.621077917822,16.13577500732074,20573.05011015413,249.98772341879157,-724.7584455345677
4283,16570.642176851303,1657.0642176851302,317.21314461499423,1.838551304916325,3002.4079333028276,14.593888204359864,20573.05011015413,249.98772341879157,-724.7584455345677
4284,16492.913985649884,1649.2913985649884,-77.72819120141867,-0.44237535782171156,3080.1361245042463,14.971703797017438,20573.05011015413,249.98772341879157,-724.7584455345677
4285,16425.69016719594,1642.569016719594,-67.22381845394557,-0.38429171096989734,3147.359942958192,15.298460491304427,20573.05011015413,249.98772341879157,-724.7584455345677
4286,16589.549727248297,1658.9549727248298,163.85956005235857,0.9403332578518331,2983.5003829058332,14.50198374539166,20573.05011015413,249.98772341879157,-724.7584455345677
4287,16761.810862207927,1676.1810862207926,172.26113495963,0.9793379457165852,2811.2392479462032,13.66466922937535,20573.05011015413,249.98772341879157,-724.7584455345677
4288,16761.810862207927,1676.1810862207926,0.0,0.0,2811.2392479462032,13.66466922937535,20573.05011015413,249.98772341879157,-724.7584455345677
4289,16675.679493356984,1667.5679493356984,-86.13136885094355,-0.48492447937392713,2897.370616797147,14.08333038263056,20573.05011015413,249.98772341879157,-724.7584455345677
4290,16736.601329259352,1673.6601329259352,60.92183590236891,0.344664746411949,2836.448780894778,13.787205911168257,20573.05011015413,249.98772341879157,-724.7584455345677
4291,16677.78068845493,1667.7780688454932,-58.82064080442069,-0.33163422750775995,2895.2694216991986,14.07311704485761,20573.05011015413,249.98772341879157,-724.7584455345677
4292,16860.544593419774,1686.0544593419775,182.76390496484237,1.0338622714343382,2712.505516734356,13.184751420964844,20573.05011015413,249.98772341879157,-724.7584455345677
4293,16961.381122471823,1696.1381122471823,100.83652905204872,0.5645770123336558,2611.6689876823075,12.694612484287296,20573.05011015413,275.1972563673662,-724.7584455345677
4294,17066.418438977507,1706.6418438977507,105.03731650568443,0.5847953216374435,2506.631671176623,12.184054662557976,20573.05011015413,380.23457287305064,-724.7584455345677
4295,17289.097037092033,1728.9097037092033,222.6785981145258,1.2325553006903966,2283.9530730620972,11.101674573449946,20573.05011015413,602.9131709875764,-724.7584455345677
4296,17404.638726345187,1740.4638726345188,115.54168925315389,0.6317517426848607,2168.4113838089434,10.540057853350058,20573.05011015413,718.4548602407303,-724.7584455345677
4297,17366.82522829345,1736.682522829345,-37.81349805173522,-0.20545634507678212,2206.2248818606786,10.723858980792372,20573.05011015413,718.4548602407303,-724.7584455345677
4298,17350.0188729944,1735.0018872994397,-16.806355299053394,-0.09150386683683953,2223.031237159732,10.80555010198766,20573.05011015413,718.4548602407303,-724.7584455345677
4299,17524.381203051977,1752.4381203051978,174.36233005757822,0.9502024562720646,2048.6689071021538,9.9580222481984,20573.05011015413,838.19733694752,-724.7584455345677
4300,17738.656623516978,1773.8656623516977,214.27542046500093,1.156721070011768,1834.3934866371528,8.916487719688005,20573.05011015413,1052.4727574125209,-724.7584455345677
4301,17568.496683655292,1756.8496683655294,-170.15993986168542,-0.9080690429437488,2004.5534264988382,9.743588897931383,20573.05011015413,1052.4727574125209,-724.7584455345677
4302,17765.967351563497,1776.5967351563497,197.47066790820463,1.0634714876085027,1807.0827585906336,8.783737700122169,20573.05011015413,1079.78348545904,-724.7584455345677
4303,17574.798666206872,1757.4798666206875,-191.16868535662434,-1.0186988060634006,1998.251443947258,9.71295667510668,20573.05011015413,1079.78348545904,-724.7584455345677
4304,17616.8145544545,1761.68145544545,42.01588824762803,0.2261983508013321,1956.23555569963,9.508728872118487,20573.05011015413,1079.78348545904,-724.7584455345677
4305,17356.32085554598,1735.6320855545978,-260.49369890852176,-1.3992388340474338,2216.7292546081517,10.774917879162956,20573.05011015413,1079.78348545904,-724.7584455345677
4306,17387.832371046137,1738.7832371046138,31.511515500158566,0.17166574799023504,2185.217739107993,10.62174897454533,20573.05011015413,1079.78348545904,-724.7584455345677
4307,17118.937097230348,1711.8937097230348,-268.89527381578955,-1.462354389521181,2454.1130129237827,11.928775751693324,20573.05011015413,1079.78348545904,-724.7584455345677
4308,17301.70260493745,1730.170260493745,182.7655077071031,1.0086988366168503,2271.3475052166796,11.040402337306428,20573.05011015413,1079.78348545904,-724.7584455345677
4309,17635.720502109238,1763.5720502109236,334.0178971717869,1.825064609462479,1937.3296080448927,9.416832203644395,20573.05011015413,1079.78348545904,-724.7584455345677
4310,17112.635114678767,1711.2635114678767,-523.0853874304703,-2.806896504866907,2460.414995475363,11.959407974518028,20573.05011015413,1079.78348545904,-724.7584455345677
4311,17238.679573937137,1723.8679573937138,126.0444592583699,0.6958924444749659,2334.370536216993,11.346740146541666,20573.05011015413,1079.78348545904,-724.7584455345677
4312,17295.399019643613,1729.5399019643614,56.71944570647611,0.31098438610395185,2277.651090510517,11.071042350625243,20573.05011015413,1079.78348545904,-724.7584455345677
4313,17642.022484660818,1764.2022484660818,346.6234650172046,1.894593633322983,1931.0276254933124,9.386199980819692,20573.05011015413,1079.78348545904,-724.7584455345677
4314,18120.992391487973,1812.0992391487973,478.9699068271548,2.5693022697578227,1452.0577186661576,7.058057560213073,20573.05011015413,1434.808525383516,-724.7584455345677
4315,18171.411457385126,1817.1411457385127,50.419065897152905,0.26368435730144135,1401.6386527690047,6.8129841966272435,20573.05011015413,1485.227591280669,-724.7584455345677
4316,18034.862625379286,1803.4862625379287,-136.54883200583936,-0.7122523675910042,1538.187484774844,7.476710922974174,20573.05011015413,1485.227591280669,-724.7584455345677
4317,17969.740002023285,1796.9740002023286,-65.12262335600099,-0.3421228964855971,1603.310108130845,7.793254279488231,20573.05011015413,1485.227591280669,-724.7584455345677
4318,18095.78446128165,1809.5784461281653,126.04445925836626,0.6644501149985382,1477.2656488724788,7.1805864515118865,20573.05011015413,1485.227591280669,-724.7584455345677
4319,18024.358252631817,1802.4358252631816,-71.42620864983473,-0.3740417619116809,1548.6918575223135,7.52776982134474,20573.05011015413,1485.227591280669,-724.7584455345677
4320,18026.45944772976,1802.645944772976,2.101195097944583,0.011044762036349631,1546.590662424369,7.517556483571809,20573.05011015413,1485.227591280669,-724.7584455345677
4321,18303.757899195076,1830.3757899195077,277.29845146531443,1.4574359051252816,1269.2922109590545,6.169684145826179,20573.05011015413,1617.5740330906192,-724.7584455345677
4322,18173.511049740813,1817.3511049740814,-130.2468494542627,-0.6747227671131006,1399.5390604133172,6.802778649348422,20573.05011015413,1617.5740330906192,-724.7584455345677
4323,18089.482478730075,1808.9482478730076,-84.02857101073823,-0.43825343617425183,1483.5676314240554,7.211218674336573,20573.05011015413,1617.5740330906192,-724.7584455345677
4324,18106.287231286868,1810.6287231286867,16.804752556792664,0.08803147269977885,1466.7628788672628,7.129535343635412,20573.05011015413,1617.5740330906192,-724.7584455345677
4325,18455.01189140202,1845.5011891402019,348.7246601151528,1.825182757349686,1118.03821875211,5.43447963605691,20573.05011015413,1768.8280252975637,-724.7584455345677
4326,18484.42221180423,1848.442221180423,29.410320402210345,0.1511709196909239,1088.6278983498996,5.291524069212232,20573.05011015413,1798.238345699774,-724.7584455345677
4327,18461.3138739536,1846.13138739536,-23.10833785063005,-0.1185990408103077,1111.7362362005297,5.4038474132322065,20573.05011015413,1798.238345699774,-724.7584455345677
4328,18356.276557447916,1835.6276557447916,-105.03731650568443,-0.5397236650412585,1216.773552706214,5.914405234961527,20573.05011015413,1798.238345699774,-724.7584455345677
4329,18236.534080741127,1823.6534080741126,-119.7424767067896,-0.6186235061862444,1336.5160294130037,6.496440840113187,20573.05011015413,1798.238345699774,-724.7584455345677
4330,18555.846817711812,1855.5846817711813,319.31273697068536,1.6599286317921846,1017.2032924423183,4.944348489873471,20573.05011015413,1869.6629516073554,-724.7584455345677
4331,18078.978105982602,1807.8978105982603,-476.8687117292102,-2.4384968657931383,1494.0720041715285,7.262277572707157,20573.05011015413,1869.6629516073554,-724.7584455345677
4332,18240.734868194762,1824.0734868194763,161.75676221216054,0.8478271808563864,1332.315241959368,6.476021955061414,20573.05011015413,1869.6629516073554,-724.7584455345677
4333,18370.98171764902,1837.098171764902,130.24684945425906,0.6769328216749138,1202.068392505109,5.842927451539189,20573.05011015413,1869.6629516073554,-724.7584455345677
4334,18200.821777787336,1820.0821777787337,-170.15993986168542,-0.8784270324650123,1372.2283323667943,6.670028629782567,20573.05011015413,1869.6629516073554,-724.7584455345677
4335,18438.205536102967,1843.8205536102967,237.38375831563098,1.236320825550563,1134.8445740511634,5.5161707572521985,20573.05011015413,1869.6629516073554,-724.7584455345677
4336,18425.601570999806,1842.5601570999806,-12.60396510316059,-0.0648411967851148,1147.448539154324,5.577435202901605,20573.05011015413,1869.6629516073554,-724.7584455345677
4337,18324.76504194776,1832.476504194776,-100.83652905204508,-0.5190908949897488,1248.285068206369,6.067574139579136,20573.05011015413,1869.6629516073554,-724.7584455345677
4338,18583.15754575833,1858.3157545758334,258.3925038105699,1.3371055391860454,989.8925643957991,4.811598470307634,20573.05011015413,1896.9736796538746,-724.7584455345677
4339,18635.676204011175,1863.5676204011177,52.518658252844034,0.26818278988016697,937.3739061429551,4.556319559442965,20573.05011015413,1949.4923379067186,-724.7584455345677
4340,18455.01189140202,1845.5011891402019,-180.66431260915488,-0.920081950486884,1118.03821875211,5.43447963605691,20573.05011015413,1949.4923379067186,-724.7584455345677
4341,18612.567866160545,1861.2567866160546,157.55597475852483,0.8098477432859186,960.4822439935851,4.668642903462939,20573.05011015413,1949.4923379067186,-724.7584455345677
4342,18396.191250597596,1839.6191250597597,-216.37661556294915,-1.1032548977754408,1176.8588595565343,5.720390769746283,20573.05011015413,1949.4923379067186,-724.7584455345677
4343,18282.75075644239,1828.275075644239,-113.44049415520567,-0.5848596391402894,1290.29935371174,6.2717941520732206,20573.05011015413,1949.4923379067186,-724.7584455345677
4344,18463.415069051545,1846.3415069051546,180.66431260915488,0.9369218888482189,1109.635041102585,5.393634075459275,20573.05011015413,1949.4923379067186,-724.7584455345677
4345,17994.947932229603,1799.4947932229604,-468.4671368219424,-2.406911300817116,1578.1021779245275,7.670725388189435,20573.05011015413,1949.4923379067186,-724.7584455345677
4346,18219.727725442077,1821.9727725442076,224.77979321247403,1.1833661982883381,1353.3223847120535,6.578131961308456,20573.05011015413,1949.4923379067186,-724.7584455345677
4347,18532.740082603435,1853.2740082603436,313.0123571613585,1.6285993310249047,1040.310027550695,5.056664043399353,20573.05011015413,1949.4923379067186,-724.7584455345677
4348,18478.12022925265,1847.812022925265,-54.61985335078498,-0.2796323153832936,1094.92988090148,5.3221562920369365,20573.05011015413,1949.4923379067186,-724.7584455345677
4349,18698.69763226923,1869.869763226923,220.57740301658123,1.1324368081747194,874.3524778848987,4.249989540701839,20573.05011015413,2012.513766164775,-724.7584455345677
4350,18692.39564971765,1869.239564971765,-6.301982551580295,-0.03199187412906701,880.654460436479,4.2806217635265424,20573.05011015413,2012.513766164775,-724.7584455345677
4351,18948.68695843028,1894.868695843028,256.29130871262896,1.3014734889114532,624.36315172385,3.0348594320279543,20573.05011015413,2262.5030923258237,-724.7584455345677
4352,18877.262352522695,1887.7262352522696,-71.42460590758492,-0.3580416398152986,695.7877576314349,3.382035011366733,20573.05011015413,2262.5030923258237,-724.7584455345677
4353,18801.635356419225,1880.1635356419226,-75.62699610347045,-0.3804698794141137,771.4147537349054,3.7496372662513586,20573.05011015413,2262.5030923258237,-724.7584455345677
4354,18847.852032120485,1884.7852032120486,46.2166757012601,0.2333982768058407,725.1980780336453,3.5249905782114106,20573.05011015413,2262.5030923258237,-724.7584455345677
4355,18896.168300177436,1889.6168300177437,48.31626805695123,0.2434332338771883,676.8818099766941,3.2901383428926225,20573.05011015413,2262.5030923258237,-724.7584455345677
4356,18797.432966223332,1879.7432966223332,-98.73533395410414,-0.4962530094461681,775.6171439307982,3.77006394179724,20573.05011015413,2262.5030923258237,-724.7584455345677
4357,18797.432966223332,1879.7432966223332,0.0,0.0,775.6171439307982,3.77006394179724,20573.05011015413,2262.5030923258237,-724.7584455345677
4358,18885.665530172224,1888.5665530172225,88.23256394889177,0.4456767910234971,687.3845799819064,3.3411894507690802,20573.05011015413,2262.5030923258237,-724.7584455345677
4359,18919.276638028066,1891.9276638028066,33.61110785584242,0.16902179011732965,653.773472126064,3.1778149988726487,20573.05011015413,2262.5030923258237,-724.7584455345677
4360,18740.713520516856,1874.0713520516856,-178.5631175112103,-0.8964337448394755,832.3365896372743,4.045761737713662,20573.05011015413,2262.5030923258237,-724.7584455345677
4361,18744.91430797049,1874.4914307970494,4.200787453635712,0.02127981569293169,828.1358021836386,4.025342852661891,20573.05011015413,2262.5030923258237,-724.7584455345677
4362,18910.87346037854,1891.0873460378543,165.9591524080497,0.8405159415711294,662.1766497755889,3.218660559470284,20573.05011015413,2262.5030923258237,-724.7584455345677
4363,18560.0492079077,1856.0049207907703,-350.8242524708403,-1.76197319102529,1013.0009022464292,4.923921814327608,20573.05011015413,2262.5030923258237,-724.7584455345677
4364,18591.56072340786,1859.1560723407858,31.511515500158566,0.16110141219594087,981.4893867462706,4.770752909709981,20573.05011015413,2262.5030923258237,-724.7584455345677
4365,18442.40792629886,1844.2407926298858,-149.15279710899995,-0.7613114606576099,1130.6421838552706,5.4957440817063175,20573.05011015413,2262.5030923258237,-724.7584455345677
4366,18591.56072340786,1859.1560723407858,149.15279710899995,0.7671518758088025,981.4893867462706,4.770752909709981,20573.05011015413,2262.5030923258237,-724.7584455345677
4367,18570.553580655174,1857.0553580655176,-21.007142752685468,-0.1072254684007179,1002.4965294989561,4.872862915957023,20573.05011015413,2262.5030923258237,-724.7584455345677
4368,18728.1095554137,1872.8109555413698,157.55597475852483,0.805066520521236,844.9405547404313,4.107026183363051,20573.05011015413,2262.5030923258237,-724.7584455345677
4369,18683.992472068127,1868.3992472068126,-44.11708334557261,-0.2236254985387931,889.0576380860039,4.3214673241241774,20573.05011015413,2262.5030923258237,-724.7584455345677
4370,19062.127452585486,1906.2127452585487,378.1349805173595,1.9210278659369528,510.92265756864435,2.4834560497010165,20573.05011015413,2375.9435864810293,-724.7584455345677
4371,18807.937338970805,1880.7937338970805,-254.19011361468074,-1.267014748138895,765.1127711833251,3.719005043426655,20573.05011015413,2375.9435864810293,-724.7584455345677
4372,18866.757979775226,1886.6757979775225,58.82064080442069,0.29695490145102976,706.2921303789044,3.4330939097373,20573.05011015413,2375.9435864810293,-724.7584455345677
4373,18408.795215700757,1840.8795215700757,-457.9627640744693,-2.305171103109449,1164.2548944533737,5.659126324096876,20573.05011015413,2375.9435864810293,-724.7584455345677
4374,18543.24285260865,1854.324285260865,134.44763690789478,0.6927150058192888,1029.807257545479,5.005612935522878,20573.05011015413,2375.9435864810293,-724.7584455345677
4375,18568.452385557226,1856.8452385557225,25.209532948574633,0.12899360223224132,1004.5977245969043,4.883076253729972,20573.05011015413,2375.9435864810293,-724.7584455345677
4376,18982.29966902838,1898.229966902838,413.8472834711538,2.1148697675070105,590.7504411257505,2.871477189637413,20573.05011015413,2375.9435864810293,-724.7584455345677
4377,19053.72427493596,1905.3724274935962,71.42460590758128,0.357439369294843,519.3258352181692,2.5243016102986515,20573.05011015413,2375.9435864810293,-724.7584455345677
4378,18816.34051662033,1881.634051662033,-237.38375831563098,-1.1837390155619354,756.7095935338002,3.6781594828290194,20573.05011015413,2375.9435864810293,-724.7584455345677
4379,18181.91422739034,1818.1914227390341,-634.4262892299885,-3.2015310228338256,1391.1358827637887,6.7619330887507685,20573.05011015413,2375.9435864810293,-724.7584455345677
4380,18261.743613689705,1826.1743613689707,79.82938629936325,0.4161700722515649,1311.3064964644254,6.373904158320262,20573.05011015413,2375.9435864810293,-724.7584455345677
4381,17875.205455522817,1787.5205455522816,-386.538158166888,-2.006766188561282,1697.8446546313135,8.252760993341077,20573.05011015413,2375.9435864810293,-724.7584455345677
4382,17536.985168155137,1753.6985168155138,-338.2202873676797,-1.791876057533015,2036.0649419989932,9.896757802548994,20573.05011015413,2375.9435864810293,-724.7584455345677
4383,17562.519548109693,1756.251954810969,25.534379954555334,0.1377482892871873,2010.5305620444378,9.772642127829704,20573.05011015413,2375.9435864810293,-724.7584455345677
4384,17562.519548109693,1756.251954810969,0.0,0.0,2010.5305620444378,9.772642127829704,20573.05011015413,0.0,0.0
4385,17562.519548109693,1756.251954810969,0.0,0.0,2010.5305620444378,9.772642127829704,20573.05011015413,0.0,0.0
4386,17562.519548109693,1756.251954810969,0.0,0.0,2010.5305620444378,9.772642127829704,20573.05011015413,0.0,0.0
4387,17562.519548109693,1756.251954810969,0.0,0.0,2010.5305620444378,9.772642127829704,20573.05011015413,0.0,0.0
4388,17562.519548109693,1756.251954810969,0.0,0.0,2010.5305620444378,9.772642127829704,20573.05011015413,0.0,0.0
4389,17562.519548109693,1756.251954810969,0.0,0.0,2010.5305620444378,9.772642127829704,20573.05011015413,0.0,0.0
4390,17543.975572537158,1754.3975572537156,-18.54397557253469,-0.09990009990008542,2029.0745376169725,9.862779348481212,20573.05011015413,0.0,0.0
4391,17539.960867626596,1753.9960867626596,-4.014704910561704,-0.021649645162968856,2033.0892425275342,9.882293736912025,20573.05011015413,0.0,-4.014704910561704
4392,17590.133960879582,1759.0133960879584,50.17309325298629,0.27062135465774073,1982.916149274548,9.638415979436372,20573.05011015413,46.15838834242459,-4.014704910561704
4393,17664.390690112075,1766.4390690112075,74.25672923249294,0.399441603749362,1908.659420042055,9.277474219051303,20573.05011015413,120.41511757491753,-4.014704910561704
4394,17770.757402822604,1777.0757402822603,106.3667127105291,0.5698911605342749,1802.292707331526,8.760454564012257,20573.05011015413,226.78183028544663,-4.014704910561704
4395,17959.40872342546,1795.9408723425458,188.65132060285396,1.0050277490373682,1613.641386728672,7.843471814285017,20573.05011015413,415.4331508883006,-4.014704910561704
4396,18226.329947010072,1822.6329947010072,266.9212235846135,1.4078562653423665,1346.7201631440585,6.54604035830042,20573.05011015413,682.3543744729141,-4.014704910561704
4397,18350.75823833426,1835.0758238334258,124.42829132418774,0.6471765108948313,1222.2918718198707,5.941228282998206,20573.05011015413,806.7826657971018,-4.014704910561704
4398,18449.09860354625,1844.9098603546247,98.34036521198868,0.5081990276596615,1123.951506607882,5.463222519703772,20573.05011015413,905.1230310090905,-4.014704910561704
4399,18366.813995653927,1836.681399565393,-82.28460789232122,-0.4230767171765848,1206.2361145002033,5.863185614391946,20573.05011015413,905.1230310090905,-4.014704910561704
4400,18617.679461918873,1861.7679461918872,250.865466264946,1.2953367875647714,955.3706482352572,4.643796827013609,20573.05011015413,1073.7038893817153,-4.014704910561704
4401,18766.19138922256,1876.6191389222558,148.51192730368712,0.757031062679836,806.8587209315701,3.9219207488020125,20573.05011015413,1222.2158166854024,-4.014704910561704
4402,18481.20858702429,1848.1208587024291,-284.9828021982685,-1.4417689102901976,1091.8415231298386,5.30714462504976,20573.05011015413,1222.2158166854024,-4.014704910561704
4403,18667.852555171863,1866.7852555171862,186.6439681475713,0.9580718121969589,905.1975549822673,4.399919069537938,20573.05011015413,1222.2158166854024,-4.014704910561704
4404,18573.526894870436,1857.3526894870436,-94.32566030142698,-0.4795930823501271,999.5232152836943,4.8584104444015574,20573.05011015413,1222.2158166854024,-4.014704910561704
4405,18683.90831249153,1868.3908312491533,110.38141762109444,0.563932183576088,889.1417976625999,4.321876400931678,20573.05011015413,1222.2158166854024,-4.014704910561704
4406,18406.9518577918,1840.69518577918,-276.9564546997317,-1.407019634022444,1166.0982523623316,5.66808638543483,20573.05011015413,1222.2158166854024,-4.014704910561704
4407,18501.277518093226,1850.1277518093225,94.32566030142698,0.48604057449421756,1071.7725920609046,5.209595010571211,20573.05011015413,1222.2158166854024,-4.014704910561704
4408,18625.70734057871,1862.570734057871,124.42982248548287,0.6380598520791203,947.3427695754217,4.60477549271047,20573.05011015413,1222.2158166854024,-4.014704910561704
4409,18922.73119518608,1892.2731195186077,297.0238546073706,1.5134427995531885,650.3189149680511,3.161023336287295,20573.05011015413,1378.7556226489214,-4.014704910561704
4410,18581.554773530268,1858.1554773530268,-341.1764216558113,-1.7124982429028046,991.4953366238624,4.819389110098435,20573.05011015413,1378.7556226489214,-4.014704910561704
4411,18611.65893571432,1861.165893571432,30.104162184052257,0.15373734380248472,961.3911744398101,4.673060967101331,20573.05011015413,1378.7556226489214,-4.014704910561704
4412,18408.95921024708,1840.8959210247083,-202.69972546723875,-1.0335674617413804,1164.0908999070489,5.658329191219414,20573.05011015413,1378.7556226489214,-4.014704910561704
4413,18469.167534615186,1846.9167534615185,60.20832436810451,0.3102089283402609,1103.8825755389444,5.365672905225205,20573.05011015413,1378.7556226489214,-4.014704910561704
4414,18384.875574267582,1838.4875574267583,-84.29196034760389,-0.43295102473044356,1188.1745358865483,5.775393194128795,20573.05011015413,1378.7556226489214,-4.014704910561704
4415,18310.620376196384,1831.0620376196382,-74.25519807119781,-0.3830573881514532,1262.429733957746,6.136327511955339,20573.05011015413,1378.7556226489214,-4.014704910561704
4416,18533.38903273256,1853.3389032732562,222.76865653617642,1.1536069385465142,1039.6610774215696,5.05350967335869,20573.05011015413,1378.7556226489214,-4.014704910561704
4417,18744.11510569834,1874.4115105698343,210.72607296577917,1.0787993451246924,828.9350044557905,4.029227557495996,20573.05011015413,1378.7556226489214,-4.014704910561704
4418,18734.08140574452,1873.4081405744523,-10.03369995381945,-0.0508186864800253,838.9687044096099,4.077998643456007,20573.05011015413,1378.7556226489214,-4.014704910561704
4419,18503.28487054851,1850.328487054851,-230.79653519601197,-1.169532700563547,1069.765239605622,5.199837816355794,20573.05011015413,1378.7556226489214,-4.014704910561704
4420,18503.28487054851,1850.328487054851,0.0,0.0,1069.765239605622,5.199837816355794,20573.05011015413,1378.7556226489214,-4.014704910561704
4421,18872.55810193309,1887.2558101933091,369.27323138458087,1.8933899280844324,700.492008221041,3.404901093762966,20573.05011015413,1378.7556226489214,-4.014704910561704
4422,18788.26767274678,1878.826767274678,-84.29042918630876,-0.4241549012158119,784.7824374073498,3.8146139401080297,20573.05011015413,1378.7556226489214,-4.014704910561704
4423,19111.382515788933,1911.1382515788932,323.11484304215264,1.6328606848549976,461.66759436519715,2.2440405865600566,20573.05011015413,1567.4069432517754,-4.014704910561704
4424,19450.553116150757,1945.0553116150759,339.17060036182374,1.686460888979413,122.4969940033734,0.5954245644058059,20573.05011015413,1906.5775436135991,-4.014704910561704
4425,19113.389868244216,1911.3389868244217,-337.1632479065411,-1.6486754465348308,459.6602419099145,2.2342833923446404,20573.05011015413,1906.5775436135991,-4.014704910561704
4426,18539.409558937114,1853.9409558937114,-573.9803093071023,-2.8537223862662997,1033.6405512170168,5.0242455332709675,20573.05011015413,1906.5775436135991,-4.014704910561704
4427,18920.72537389209,1892.0725373892094,381.3158149549781,1.9515216864911311,652.3247362620386,3.170773087944185,20573.05011015413,1906.5775436135991,-4.014704910561704
4428,18593.595825939374,1859.3595825939374,-327.129547952718,-1.6421568081122717,979.4542842147566,4.76086082992299,20573.05011015413,1906.5775436135991,-4.014704910561704
4429,19015.05103419352,1901.5051034193518,421.45520825414496,2.150984495128716,557.9990759606117,2.7122817130805656,20573.05011015413,1906.5775436135991,-4.014704910561704
4430,18952.83535737013,1895.283535737013,-62.215676823387184,-0.3108444575889324,620.2147527839988,3.0146951932901906,20573.05011015413,1906.5775436135991,-4.014704910561704
4431,19145.499851722256,1914.5499851722257,192.66449435212417,0.9655995797156702,427.5502584318747,2.078205497690646,20573.05011015413,1906.5775436135991,-4.014704910561704
4432,19079.272532310893,1907.9272532310893,-66.22731941136226,-0.32874497976629335,493.77757784323694,2.400118481214051,20573.05011015413,1906.5775436135991,-4.014704910561704
4433,19544.878776452184,1954.4878776452183,465.6062441412905,2.318840203956851,28.171333701946423,0.13693318954218678,20573.05011015413,2000.903203915026,-4.014704910561704
4434,19141.486677972985,1914.1486677972985,-403.39209847919847,-1.9634678932326066,431.5634321811449,2.0977124435629526,20573.05011015413,2000.903203915026,-4.014704910561704
4435,19163.562961497206,1916.3562961497205,22.076283524220344,0.1096060279818456,409.48714865692455,1.9904056348689696,20573.05011015413,2000.903203915026,-4.014704910561704
4436,19472.629399674977,1947.262939967498,309.0664381777715,1.5327967520816665,100.42071047915306,0.488117755711823,20573.05011015413,2000.903203915026,-4.014704910561704
4437,19410.41372285159,1941.041372285159,-62.215676823387184,-0.3038968547165455,162.63638730254024,0.7905312359214479,20573.05011015413,2000.903203915026,-4.014704910561704
4438,19508.75408806358,1950.8754088063579,98.34036521198868,0.48181465867047635,64.29602209055156,0.3125254726270137,20573.05011015413,2000.903203915026,-4.014704910561704
4439,19928.20041270115,1992.8200412701149,419.4463246375708,2.045206270631983,0.0,0.0,20928.20041270115,2384.2248401639918,-4.014704910561704
4440,19970.345627294308,1997.0345627294307,42.145214593158016,0.2013800219897499,0.0,0.0,20970.345627294308,2426.37005475715,-4.014704910561704
4441,19978.37350595414,1997.837350595414,8.027878659831913,0.03828205220128833,0.0,0.0,20978.37350595414,2434.3979334169817,-4.014704910561704
4442,20000.44978947836,2000.044978947836,22.076283524220344,0.10523353260898372,0.0,0.0,21000.44978947836,2456.474216941202,-4.014704910561704
4443,19771.66060673763,1977.166060673763,-228.7891827407293,-1.08944896435198,228.7891827407293,1.089448964351979,21000.44978947836,2456.474216941202,-4.014704910561704
4444,19721.48751348464,1972.148751348464,-50.17309325298993,-0.24154589371980784,278.96227599371923,1.3283633388342229,21000.44978947836,2456.474216941202,-4.014704910561704
4445,19998.442437023077,1999.8442437023077,276.95492353843656,1.3365590832135288,2.007352455282671,0.009558616483959283,21000.44978947836,2456.474216941202,-4.014704910561704
4446,20020.518720547298,2002.0518720547298,22.076283524220344,0.1051329573154236,0.0,0.0,21020.518720547298,2476.5431480101397,-4.014704910561704
4447,20154.98377414789,2015.498377414789,134.46505360059382,0.6396847546352724,0.0,0.0,21154.98377414789,2611.0082016107335,-4.014704910561704
4448,18902.66226411714,1890.266226411714,-1252.3215100307498,-5.919746965540707,1252.3215100307498,5.919746965540712,21154.98377414789,2611.0082016107335,-4.014704910561704
4449,19131.45144685787,1913.145144685787,228.7891827407293,1.1495405976577278,1023.5323272900205,4.8382562625304955,21154.98377414789,2611.0082016107335,-4.014704910561704
4450,19223.769754704015,1922.3769754704015,92.31830784614431,0.4585775054016361,931.2140194438762,4.401865912002501,21154.98377414789,2611.0082016107335,-4.014704910561704
4451,19101.348815835114,1910.1348815835113,-122.42093886890143,-0.6053319452988037,1053.6349583127776,4.980551956746737,21154.98377414789,2611.0082016107335,-4.014704910561704
4452,18994.98057196329,1899.498057196329,-106.36824387182423,-0.5291597337390153,1160.0032021846018,5.4833566150127,21154.98377414789,2611.0082016107335,-4.014704910561704
4453,19171.590840157038,1917.1590840157037,176.6102681937482,0.8832730172360748,983.3929339908536,4.648516607195857,21154.98377414789,2611.0082016107335,-4.014704910561704
4454,19257.888621798633,1925.7888621798631,86.29778164159507,0.4278184220839698,897.0951523492586,4.2405853955111015,21154.98377414789,2611.0082016107335,-4.014704910561704
4455,19657.266015367266,1965.7266015367265,399.3773935686331,1.9714660349098745,497.71775878062545,2.3527210613550715,21154.98377414789,2611.0082016107335,-4.014704910561704
4456,19488.68362583335,1948.868362583335,-168.58238953391628,-0.8160924558385685,666.3001483145417,3.1496131381049937,21154.98377414789,2611.0082016107335,-4.014704910561704
4457,19599.065043454444,1959.9065043454445,110.38141762109444,0.5387433357695981,555.9187306934473,2.6278381332194582,21154.98377414789,2611.0082016107335,-4.014704910561704
4458,19514.77461426813,1951.477461426813,-84.2904291863124,-0.4091954125514885,640.2091598797597,3.0262805526805323,21154.98377414789,2611.0082016107335,-4.014704910561704
4459,19448.545763695474,1944.8545763695474,-66.2288505726574,-0.32283489250033437,706.4380104524171,3.339345555611857,21154.98377414789,2611.0082016107335,-4.014704910561704
4460,19665.2938940271,1966.5293894027102,216.74813033162718,1.0599684341193738,489.6898801207899,2.314773130288134,21154.98377414789,2611.0082016107335,-4.014704910561704
4461,19753.599028123976,1975.3599028123976,88.3051340968741,0.4273112908517396,401.3847460239158,1.8973531263797119,21154.98377414789,2611.0082016107335,-4.014704910561704
4462,19765.640080533078,1976.5640080533078,12.041052409102122,0.0580191049889045,389.3436936148137,1.8404348486932187,21154.98377414789,2611.0082016107335,-4.014704910561704
4463,19777.681132942183,1977.7681132942184,12.04105240910576,0.057985462342635685,377.3026412057079,1.7835165710067078,21154.98377414789,2611.0082016107335,-4.014704910561704
4464,19649.238136707434,1964.9238136707436,-128.44299623474944,-0.6181777235531261,505.74563744045736,2.3906689924219924,21154.98377414789,2611.0082016107335,-4.014704910561704
4465,19021.07156039807,1902.107156039807,-628.1665763093624,-3.0420811274033954,1133.9122137498198,5.360024029588238,21154.98377414789,2611.0082016107335,-4.014704910561704
4466,18762.17821547329,1876.217821547329,-258.89334492478156,-1.2931043383156204,1392.8055586746013,6.58381766464249,21154.98377414789,2611.0082016107335,-4.014704910561704
4467,18699.964069811198,1869.99640698112,-62.21414566209205,-0.3148142121974229,1455.0197043366934,6.87790508312645,21154.98377414789,2611.0082016107335,-4.014704910561704
4468,18862.52440197927,1886.2524401979267,162.5603321680719,0.825180856127461,1292.4593721686215,6.1094793830475576,21154.98377414789,2611.0082016107335,-4.014704910561704
4469,18786.260320291498,1878.6260320291497,-76.26408168777198,-0.3839596626508013,1368.7234538563935,6.4699811092694866,21154.98377414789,2611.0082016107335,-4.014704910561704
4470,19107.369342039663,1910.7369342039665,321.1090217481651,1.6228888963866428,1047.6144321082284,4.952092817903499,21154.98377414789,2611.0082016107335,-4.014704910561704
4471,18994.98057196329,1899.498057196329,-112.38877007637348,-0.5589431822958346,1160.0032021846018,5.4833566150127,21154.98377414789,2611.0082016107335,-4.014704910561704
4472,18956.850062280697,1895.6850062280698,-38.130509682592674,-0.1907004087618791,1198.1337118671945,5.663600240295881,21154.98377414789,2611.0082016107335,-4.014704910561704
4473,18758.16351056273,1875.8163510562729,-198.68655171796854,-0.9955807208948952,1396.820263585163,6.602795249089838,21154.98377414789,2611.0082016107335,-4.014704910561704
4474,18754.44504861451,1875.444504861451,-3.718461948217737,-0.01881987638289173,1400.5387255333808,6.6203724875690355,21154.98377414789,2611.0082016107335,-4.014704910561704
4475,18754.44504861451,1875.444504861451,0.0,0.0,1400.5387255333808,6.6203724875690355,21154.98377414789,0.0,0.0
4476,18754.44504861451,1875.444504861451,0.0,0.0,1400.5387255333808,6.6203724875690355,21154.98377414789,0.0,0.0
4477,18754.44504861451,1875.444504861451,0.0,0.0,1400.5387255333808,6.6203724875690355,21154.98377414789,0.0,0.0
4478,18754.44504861451,1875.444504861451,0.0,0.0,1400.5387255333808,6.6203724875690355,21154.98377414789,0.0,0.0
4479,18734.710338276236,1873.4710338276236,-19.734710338274454,-0.09990009990008542,1420.2734358716552,6.713658828740288,21154.98377414789,0.0,0.0
4480,18719.187600362013,1871.9187600362013,-15.522737914223399,-0.07865703447451633,1435.7961737858786,6.7870350982753775,21154.98377414789,0.0,-15.522737914223399
4481,19004.437340717086,1900.4437340717086,285.2497403550733,1.4465592910624547,1150.5464334308053,5.4386542940146905,21154.98377414789,269.7270024408499,-15.522737914223399
4482,19159.676563626916,1915.9676563626917,155.23922290982955,0.776023940417736,995.3072105209758,4.704835612955066,21154.98377414789,424.96622535067945,-15.522737914223399
4483,19361.48696122132,1936.1486961221322,201.81039759440318,1.001059699333262,793.4968129265726,3.7508741268629695,21154.98377414789,626.7766229450826,-15.522737914223399
4484,19260.582502659592,1926.0582502659593,-100.90445856172664,-0.49556527356720004,894.4012714882992,4.227851370802222,21154.98377414789,626.7766229450826,-15.522737914223399
4485,19217.891642335842,1921.7891642335844,-42.6908603237498,-0.2107089483638802,937.092131812049,4.429651858004294,21154.98377414789,626.7766229450826,-15.522737914223399
4486,19520.60649849197,1952.0606498491968,302.7148561561262,1.4972622344173958,634.3772756559229,2.998713127972962,21154.98377414789,785.8961602157324,-15.522737914223399
4487,19565.238256231605,1956.5238256231605,44.63175773963667,0.21749726423980764,589.7455179162862,2.7877379827488937,21154.98377414789,830.527917955369,-15.522737914223399
4488,19687.488144955205,1968.7488144955203,122.24988872359972,0.5944491729219514,467.49562919268647,2.2098604952086136,21154.98377414789,952.7778066789688,-15.522737914223399
4489,19654.500291239925,1965.4500291239924,-32.987853715279925,-0.15945799453339626,500.4834829079664,2.365794690514366,21154.98377414789,952.7778066789688,-15.522737914223399
4490,19673.90482398592,1967.3904823985918,19.404532745993492,0.09394820727870457,481.0789501619729,2.2740691049353003,21154.98377414789,952.7778066789688,-15.522737914223399
4491,19561.356461399835,1956.1356461399835,-112.54836258608339,-0.5443981847856105,593.6273127480563,2.806087298792869,21154.98377414789,952.7778066789688,-15.522737914223399
4492,19697.19115156368,1969.719115156368,135.83469016384333,0.6606309774301433,457.79262258421295,2.163994203312276,21154.98377414789,962.4808132874423,-15.522737914223399
4493,19708.83357511708,1970.8833575117083,11.642423553403205,0.05625122495196422,446.15019903080974,2.1089602516075687,21154.98377414789,974.1232368408455,-15.522737914223399
4494,19904.82276093478,1990.482276093478,195.98918581769976,0.9464037899903355,250.16101321310998,1.1825157413678342,21154.98377414789,1170.1124226585453,-15.522737914223399
4495,19817.500142871395,1981.7500142871395,-87.32261806338647,-0.417715180185918,337.48363127649645,1.5952913737939753,21154.98377414789,1170.1124226585453,-15.522737914223399
4496,19609.868533500292,1960.9868533500294,-207.63160937110297,-0.9973897343394711,545.1152406475994,2.5767698357384172,21154.98377414789,1170.1124226585453,-15.522737914223399
4497,19510.9034918835,1951.09034918835,-98.96504161679331,-0.4801827894046484,644.0802822643927,3.0445794198692826,21154.98377414789,1170.1124226585453,-15.522737914223399
4498,19501.20196574598,1950.1201965745977,-9.701526137519977,-0.04729936027128012,653.7818084019127,3.0904387135520106,21154.98377414789,1170.1124226585453,-15.522737914223399
4499,19295.50977331981,1929.5509773319807,-205.69219242616964,-1.0033177214187061,859.4740008280824,4.062749515688066,21154.98377414789,1170.1124226585453,-15.522737914223399
4500,19375.07028219061,1937.5070282190609,79.56050887079982,0.3920103991444934,779.9134919572825,3.686665517136266,21154.98377414789,1170.1124226585453,-15.522737914223399
4501,19144.152345241742,1914.4152345241744,-230.91793694886655,-1.1333356584821486,1010.8314289061491,4.778218880703749,21154.98377414789,1170.1124226585453,-15.522737914223399
4502,18936.52073587064,1893.652073587064,-207.63160937110297,-1.0307289471038317,1218.463038277252,5.759697342648191,21154.98377414789,1170.1124226585453,-15.522737914223399
4503,18858.901124415723,1885.8901124415725,-77.6196114549166,-0.38933378839397514,1296.0826497321686,6.126606683178012,21154.98377414789,1170.1124226585453,-15.522737914223399
4504,19155.7962492661,1915.57962492661,296.8951248503763,1.4950229269501403,999.1875248817923,4.7231779307854325,21154.98377414789,1170.1124226585453,-15.522737914223399
4505,19274.165823628882,1927.416582362888,118.36957436278317,0.5872731243107943,880.8179505190092,4.1636427610755185,21154.98377414789,1170.1124226585453,-15.522737914223399
4506,19215.95074491996,1921.5950744919958,-58.2150787089231,-0.28713920570322404,939.0330292279323,4.438826516026274,21154.98377414789,1170.1124226585453,-15.522737914223399
4507,19008.319135548853,1900.8319135548852,-207.6316093711066,-1.027068239287643,1146.6646385990389,5.420304977970733,21154.98377414789,1170.1124226585453,-15.522737914223399
4508,19202.36742395067,1920.2367423950668,194.04828840181654,0.9698380313069466,952.6163501972223,4.5030351257529775,21154.98377414789,1170.1124226585453,-15.522737914223399
4509,19637.03517543887,1963.7035175438868,434.66775148819943,2.151568389815961,517.9485987090229,2.4483526162850273,21154.98377414789,1170.1124226585453,-15.522737914223399
4510,19662.26240043251,1966.226240043251,25.227224993643176,0.12224248676799832,492.72137371537974,2.329103056640024,21154.98377414789,1170.1124226585453,-15.522737914223399
4511,19609.868533500292,1960.9868533500294,-52.39386693221968,-0.25357274976395283,545.1152406475994,2.5767698357384172,21154.98377414789,1170.1124226585453,-15.522737914223399
4512,18371.84098646625,1837.184098646625,-1238.027547034042,-6.006964794664704,1783.1427876816415,8.428948973530778,21154.98377414789,1170.1124226585453,-362.86935180998626
4513,18757.996665853996,1875.7996665853993,386.1556793877462,1.9933865844631082,1396.9871082938953,6.603583927117264,21154.98377414789,1170.1124226585453,-362.86935180998626
4514,18655.151309876386,1865.5151309876387,-102.84535597760987,-0.5205252218477563,1499.8324642715052,7.089735829078496,21154.98377414789,1170.1124226585453,-362.86935180998626
4515,18790.984519569276,1879.0984519569274,135.8332096928898,0.6910819843174432,1363.9992545786154,6.447649731811513,21154.98377414789,1170.1124226585453,-362.86935180998626
4516,18839.496591669733,1883.9496591669733,48.51207210045686,0.24512207592546353,1315.4871824781585,6.21833226875706,21154.98377414789,1170.1124226585453,-362.86935180998626
4517,18822.032956339623,1882.2032956339622,-17.463635330110264,-0.08802458897794185,1332.9508178082688,6.300883196314147,21154.98377414789,1170.1124226585453,-362.86935180998626
4518,18575.401817408307,1857.5401817408306,-246.63113893131595,-1.2442272670747268,1579.5819567395847,7.466713156593801,21154.98377414789,1170.1124226585453,-362.86935180998626
4519,18575.401817408307,1857.5401817408306,0.0,0.0,1579.5819567395847,7.466713156593801,21154.98377414789,0.0,0.0
4520,18575.401817408307,1857.5401817408306,0.0,0.0,1579.5819567395847,7.466713156593801,21154.98377414789,0.0,0.0
4521,18575.401817408307,1857.5401817408306,0.0,0.0,1579.5819567395847,7.466713156593801,21154.98377414789,0.0,0.0
4522,18575.401817408307,1857.5401817408306,0.0,0.0,1579.5819567395847,7.466713156593801,21154.98377414789,0.0,0.0
4523,18575.401817408307,1857.5401817408306,0.0,0.0,1579.5819567395847,7.466713156593801,21154.98377414789,0.0,0.0
4524,18575.401817408307,1857.5401817408306,0.0,0.0,1579.5819567395847,7.466713156593801,21154.98377414789,0.0,0.0
4525,18575.401817408307,1857.5401817408306,0.0,0.0,1579.5819567395847,7.466713156593801,21154.98377414789,0.0,0.0
4526,18575.401817408307,1857.5401817408306,0.0,0.0,1579.5819567395847,7.466713156593801,21154.98377414789,0.0,0.0
4527,18575.401817408307,1857.5401817408306,0.0,0.0,1579.5819567395847,7.466713156593801,21154.98377414789,0.0,0.0
4528,18575.401817408307,1857.5401817408306,0.0,0.0,1579.5819567395847,7.466713156593801,21154.98377414789,0.0,0.0
4529,18575.401817408307,1857.5401817408306,0.0,0.0,1579.5819567395847,7.466713156593801,21154.98377414789,0.0,0.0
4530,18575.401817408307,1857.5401817408306,0.0,0.0,1579.5819567395847,7.466713156593801,21154.98377414789,0.0,0.0
4531,18575.401817408307,1857.5401817408306,0.0,0.0,1579.5819567395847,7.466713156593801,21154.98377414789,0.0,0.0
4532,18575.401817408307,1857.5401817408306,0.0,0.0,1579.5819567395847,7.466713156593801,21154.98377414789,0.0,0.0
4533,18575.401817408307,1857.5401817408306,0.0,0.0,1579.5819567395847,7.466713156593801,21154.98377414789,0.0,0.0
4534,18575.401817408307,1857.5401817408306,0.0,0.0,1579.5819567395847,7.466713156593801,21154.98377414789,0.0,0.0
4535,18575.401817408307,1857.5401817408306,0.0,0.0,1579.5819567395847,7.466713156593801,21154.98377414789,0.0,0.0
4536,18575.401817408307,1857.5401817408306,0.0,0.0,1579.5819567395847,7.466713156593801,21154.98377414789,0.0,0.0
4537,18575.401817408307,1857.5401817408306,0.0,0.0,1579.5819567395847,7.466713156593801,21154.98377414789,0.0,0.0
4538,18575.401817408307,1857.5401817408306,0.0,0.0,1579.5819567395847,7.466713156593801,21154.98377414789,0.0,0.0
4539,18575.401817408307,1857.5401817408306,0.0,0.0,1579.5819567395847,7.466713156593801,21154.98377414789,0.0,0.0
4540,18575.401817408307,1857.5401817408306,0.0,0.0,1579.5819567395847,7.466713156593801,21154.98377414789,0.0,0.0
4541,18575.401817408307,1857.5401817408306,0.0,0.0,1579.5819567395847,7.466713156593801,21154.98377414789,0.0,0.0
4542,18575.401817408307,1857.5401817408306,0.0,0.0,1579.5819567395847,7.466713156593801,21154.98377414789,0.0,0.0
4543,18575.401817408307,1857.5401817408306,0.0,0.0,1579.5819567395847,7.466713156593801,21154.98377414789,0.0,0.0
4544,18575.401817408307,1857.5401817408306,0.0,0.0,1579.5819567395847,7.466713156593801,21154.98377414789,0.0,0.0
4545,18575.401817408307,1857.5401817408306,0.0,0.0,1579.5819567395847,7.466713156593801,21154.98377414789,0.0,0.0
4546,18575.401817408307,1857.5401817408306,0.0,0.0,1579.5819567395847,7.466713156593801,21154.98377414789,0.0,0.0
4547,18575.401817408307,1857.5401817408306,0.0,0.0,1579.5819567395847,7.466713156593801,21154.98377414789,0.0,0.0
4548,18575.401817408307,1857.5401817408306,0.0,0.0,1579.5819567395847,7.466713156593801,21154.98377414789,0.0,0.0
4549,18575.401817408307,1857.5401817408306,0.0,0.0,1579.5819567395847,7.466713156593801,21154.98377414789,0.0,0.0
4550,18575.401817408307,1857.5401817408306,0.0,0.0,1579.5819567395847,7.466713156593801,21154.98377414789,0.0,0.0
4551,18575.401817408307,1857.5401817408306,0.0,0.0,1579.5819567395847,7.466713156593801,21154.98377414789,0.0,0.0
4552,18575.401817408307,1857.5401817408306,0.0,0.0,1579.5819567395847,7.466713156593801,21154.98377414789,0.0,0.0
4553,18575.401817408307,1857.5401817408306,0.0,0.0,1579.5819567395847,7.466713156593801,21154.98377414789,0.0,0.0
4554,18575.401817408307,1857.5401817408306,0.0,0.0,1579.5819567395847,7.466713156593801,21154.98377414789,0.0,0.0
4555,18575.401817408307,1857.5401817408306,0.0,0.0,1579.5819567395847,7.466713156593801,21154.98377414789,0.0,0.0
4556,18575.401817408307,1857.5401817408306,0.0,0.0,1579.5819567395847,7.466713156593801,21154.98377414789,0.0,0.0
4557,18575.401817408307,1857.5401817408306,0.0,0.0,1579.5819567395847,7.466713156593801,21154.98377414789,0.0,0.0
4558,18575.401817408307,1857.5401817408306,0.0,0.0,1579.5819567395847,7.466713156593801,21154.98377414789,0.0,0.0
4559,18575.401817408307,1857.5401817408306,0.0,0.0,1579.5819567395847,7.466713156593801,21154.98377414789,0.0,0.0
4560,18575.401817408307,1857.5401817408306,0.0,0.0,1579.5819567395847,7.466713156593801,21154.98377414789,0.0,0.0
4561,18575.401817408307,1857.5401817408306,0.0,0.0,1579.5819567395847,7.466713156593801,21154.98377414789,0.0,0.0
4562,18575.401817408307,1857.5401817408306,0.0,0.0,1579.5819567395847,7.466713156593801,21154.98377414789,0.0,0.0
4563,18575.401817408307,1857.5401817408306,0.0,0.0,1579.5819567395847,7.466713156593801,21154.98377414789,0.0,0.0
4564,18575.401817408307,1857.5401817408306,0.0,0.0,1579.5819567395847,7.466713156593801,21154.98377414789,0.0,0.0
4565,18575.401817408307,1857.5401817408306,0.0,0.0,1579.5819567395847,7.466713156593801,21154.98377414789,0.0,0.0
4566,18575.401817408307,1857.5401817408306,0.0,0.0,1579.5819567395847,7.466713156593801,21154.98377414789,0.0,0.0
4567,18575.401817408307,1857.5401817408306,0.0,0.0,1579.5819567395847,7.466713156593801,21154.98377414789,0.0,0.0
4568,18575.401817408307,1857.5401817408306,0.0,0.0,1579.5819567395847,7.466713156593801,21154.98377414789,0.0,0.0
4569,18555.845971436873,1855.5845971436875,-19.555845971433882,-0.09990009990008542,1599.1378027110186,7.559154002591197,21154.98377414789,0.0,0.0
4570,18736.214845156865,1873.6214845156865,180.36887371999183,0.9223271342157169,1418.7689289910268,6.706546996858539,21154.98377414789,180.36887371999183,0.0
4571,18983.036781492534,1898.3036781492533,246.8219363356693,1.2506042231103853,1171.9469926553575,5.539815133715756,21154.98377414789,427.19081005566113,0.0
4572,18821.653876289925,1882.1653876289924,-161.38290520260853,-0.807599500352596,1333.329897857966,6.302675114728003,21154.98377414789,427.19081005566113,0.0
4573,18945.06484445776,1894.506484445776,123.41096816783465,0.6226068164546739,1209.9189296901313,5.719309183156611,21154.98377414789,427.19081005566113,0.0
4574,18927.976458816527,1892.7976458816527,-17.08838564123289,-0.08567726289434585,1227.0073153313642,5.800086298486359,21154.98377414789,427.19081005566113,0.0
4575,18855.82919903584,1885.5829199035843,-72.147259780686,-0.3620400692954773,1299.1545751120502,6.141127731327599,21154.98377414789,427.19081005566113,0.0
4576,18559.64258572573,1855.964258572573,-296.18661331011026,-1.4916859444202513,1595.3411884221605,7.5412073365507455,21154.98377414789,427.19081005566113,0.0
4577,18536.860002919486,1853.6860002919486,-22.782582806245046,-0.1164775005800478,1618.1237712284055,7.6489010273116245,21154.98377414789,427.19081005566113,-18.985968517386937
4578,19962.728401184388,1996.2728401184388,1425.8683982649018,7.2983498783930845,192.25537296350376,0.9087947077437439,21154.98377414789,1406.8824297475148,-18.985968517386937
4579,19658.947110760015,1965.8947110760014,-303.78129042437286,-1.4491495792466114,496.0366633878766,2.3447744923068683,21154.98377414789,1406.8824297475148,-18.985968517386937
4580,19848.809693006977,1984.8809693006976,189.86258224696212,0.9190331977183552,306.1740811409145,1.4472905505844424,21154.98377414789,1406.8824297475148,-18.985968517386937
4581,19556.42114252227,1955.6421142522272,-292.3885504847058,-1.4024232308225137,598.5626316256203,2.8294166425080607,21154.98377414789,1406.8824297475148,-18.985968517386937
4582,18956.45613586088,1895.6456135860878,-599.9650066613904,-2.9186257787856107,1198.5276382870106,5.665462337776179,21154.98377414789,1406.8824297475148,-18.985968517386937
4583,18977.34113579097,1897.7341135790973,20.884999930091,0.10465284912264394,1177.6426383569196,5.56673855640598,21154.98377414789,1406.8824297475148,-18.985968517386937
4584,18994.428072895655,1899.4428072895655,17.086937104682875,0.0855315879552565,1160.5557012522368,5.485968288335324,21154.98377414789,1406.8824297475148,-18.985968517386937
4585,19296.310331907327,1929.6310331907328,301.88225901167243,1.5098319287306872,858.6734422405643,4.058965260421956,21154.98377414789,1406.8824297475148,-18.985968517386937
4586,19641.860173655332,1964.1860173655332,345.54984174800484,1.7025254151971314,513.1236004925595,2.425544760377524,21154.98377414789,1406.8824297475148,-18.985968517386937
4587,19731.09581907725,1973.109581907725,89.23564542191889,0.43230428203271387,423.8879550706406,2.003726212206535,21154.98377414789,1406.8824297475148,-18.985968517386937
4588,19856.40437012124,1985.640437012124,125.3085510439887,0.60444731015461,298.5794040266519,1.4113903712444633,21154.98377414789,1406.8824297475148,-18.985968517386937
4589,20034.875660965077,2003.4875660965079,178.47129084383778,0.8557145693795398,120.10811318281412,0.5677532749024857,21154.98377414789,1479.0296895282045,-18.985968517386937
4590,20274.10292018648,2027.4102920186479,239.22725922140307,1.1372886775144808,0.0,0.0,21274.10292018648,1718.2569487496075,-18.985968517386937
4591,20355.743888494133,2035.5743888494133,81.64096830765266,0.38375751313202144,0.0,0.0,21355.743888494133,1799.8979170572602,-18.985968517386937
4592,20243.724211729423,2024.3724211729423,-112.01967676471031,-0.524541207038276,112.01967676471031,0.5245412070382776,21355.743888494133,1799.8979170572602,-18.985968517386937
4593,20287.393243002305,2028.7393243002307,43.66903127288242,0.20556203252144467,68.35064549182789,0.3200574320834278,21355.743888494133,1799.8979170572602,-18.985968517386937
4594,20822.80566699727,2082.280566699727,535.4124239949633,2.5151619922790136,0.0,0.0,21822.80566699727,2266.9596955603956,-18.985968517386937
4595,20513.328730871333,2051.332873087133,-309.476936125935,-1.4181354169045202,309.476936125935,1.4181354169045206,21822.80566699727,2266.9596955603956,-18.985968517386937
4596,20566.490022134636,2056.6490022134635,53.1612912633027,0.24710862706716075,256.3156448626323,1.1745311247960186,21822.80566699727,2266.9596955603956,-18.985968517386937
4597,20376.627439887678,2037.6627439887677,-189.86258224695848,-0.8803592149306372,446.1782271095908,2.0445502467372845,21822.80566699727,2266.9596955603956,-18.985968517386937
4598,20239.927597440565,2023.9927597440567,-136.69984244711304,-0.6394827380115098,582.8780695567038,2.670958438850936,21822.80566699727,2266.9596955603956,-18.985968517386937
4599,20304.480180106988,2030.448018010699,64.5525826664234,0.303920916727618,518.3254868902804,2.375155123496089,21822.80566699727,2266.9596955603956,-18.985968517386937
4600,20150.691952018646,2015.0691952018647,-153.7882280883423,-0.721858626862637,672.1137149786227,3.0798684881983966,21822.80566699727,2266.9596955603956,-18.985968517386937
4601,19987.410015403337,1998.7410015403339,-163.28193661530895,-0.7719933559891201,835.3956515939317,3.82808546408542,21822.80566699727,2266.9596955603956,-18.985968517386937
4602,20376.627439887678,2037.6627439887677,389.2174244843409,1.8545281394830582,446.1782271095908,2.0445502467372845,21822.80566699727,2266.9596955603956,-18.985968517386937
4603,20433.58679397638,2043.358679397638,56.95935408870355,0.2664562230355383,389.21887302088726,1.7835418550672648,21822.80566699727,2266.9596955603956,-18.985968517386937
4604,20412.701794046294,2041.2701794046293,-20.88499993008736,-0.09744052701415873,410.1038729509746,1.8792444894983262,21822.80566699727,2266.9596955603956,-18.985968517386937
4605,20401.31050264317,2040.131050264317,-11.391291403124342,-0.05319875797407114,421.49516435409896,1.9314435127446885,21822.80566699727,2266.9596955603956,-18.985968517386937
4606,20467.762116722297,2046.7762116722297,66.45161407912747,0.3105025464254618,355.0435502749715,1.6269381476090652,21822.80566699727,2266.9596955603956,-18.985968517386937
4607,20522.8224393983,2052.28224393983,55.060322676003125,0.25647909817816394,299.98322759896837,1.3746318057198046,21822.80566699727,2266.9596955603956,-18.985968517386937
4608,20500.03840805551,2050.003840805551,-22.784031342791423,-0.10585986762166044,322.7672589417598,1.4790364899316417,21822.80566699727,2266.9596955603956,-18.985968517386937
4609,20397.512439817765,2039.7512439817763,-102.52596823774365,-0.47686411666748585,425.29322717950345,1.9488476123062233,21822.80566699727,2266.9596955603956,-18.985968517386937
4610,20462.066471020735,2046.2066471020735,64.55403120296978,0.3016894201348652,360.73919597653367,1.6530376592322464,21822.80566699727,2266.9596955603956,-18.985968517386937
4611,20577.882762074307,2057.7882762074305,115.81629105357206,0.539632524249023,244.9229049229616,1.122325463830527,21822.80566699727,2266.9596955603956,-18.985968517386937
4612,20688.003407426313,2068.8003407426313,110.12064535200625,0.510340363631756,134.80225957095536,0.6177127800520051,21822.80566699727,2266.9596955603956,-18.985968517386937
4613,20416.4998568717,2041.6499856871699,-271.5035505546148,-1.25186051225743,406.30581012557013,1.8618403899367912,21822.80566699727,2266.9596955603956,-18.985968517386937
4614,20357.64147137029,2035.7641471370289,-58.85838550140761,-0.27482728688050795,465.16419562697774,2.131550831387587,21822.80566699727,2266.9596955603956,-18.985968517386937
4615,20025.38195243811,2002.538195243811,-332.2595189321801,-1.5556938689956556,797.4237145591578,3.6540842947848153,21822.80566699727,2266.9596955603956,-18.985968517386937
4616,19596.293559506295,1959.6293559506296,-429.0883929318152,-2.0408114054834448,1226.512107490973,5.620322731214314,21822.80566699727,2266.9596955603956,-18.985968517386937
4617,19622.874205137945,1962.2874205137944,26.58064563164953,0.1290554805642774,1199.9314618593235,5.498520585160072,21822.80566699727,2266.9596955603956,-18.985968517386937
4618,19383.646945916542,1938.3646945916541,-239.22725922140307,-1.1600093024948133,1439.1587210807265,6.594746537367434,21822.80566699727,2266.9596955603956,-18.985968517386937
4619,19469.084528513056,1946.9084528513058,85.4375825965144,0.41914767668025377,1353.7211384842121,6.203240587581509,21822.80566699727,2266.9596955603956,-18.985968517386937
4620,19444.402914294107,1944.4402914294105,-24.681614218949107,-0.1205799613781866,1378.4027527031612,6.316340683854992,21822.80566699727,2266.9596955603956,-18.985968517386937
4621,19583.003236690467,1958.3003236690465,138.60032239635984,0.6779377366871175,1239.8024303068014,5.681223804241451,21822.80566699727,2266.9596955603956,-18.985968517386937
4622,19672.23743357584,1967.223743357584,89.23419688537251,0.4335334152127279,1150.5682334214289,5.272320392613121,21822.80566699727,2266.9596955603956,-18.985968517386937
4623,20008.295015333424,2000.8295015333424,336.05758175758456,1.6256468746424169,814.5106516638443,3.7323828296543584,21822.80566699727,2266.9596955603956,-18.985968517386937
4624,20046.266952368198,2004.62669523682,37.97193703477387,0.18074735244844042,776.5387146290705,3.5583816603537537,21822.80566699727,2266.9596955603956,-18.985968517386937
4625,20080.442275114114,2008.0442275114112,34.175322745915764,0.16238187429278295,742.3633918831547,3.4017779528955545,21822.80566699727,2266.9596955603956,-18.985968517386937
4626,19772.86581893743,1977.286581893743,-307.5764561766846,-1.4590607358356267,1049.9398480598393,4.811204682300169,21822.80566699727,2266.9596955603956,-18.985968517386937
4627,20160.184212009066,2016.0184212009067,387.3183930716368,1.8645400035200765,662.6214549882025,3.03637151473281,21822.80566699727,2266.9596955603956,-18.985968517386937
4628,20699.394698829437,2069.9394698829437,539.2104868203714,2.5482315343660966,123.41096816783102,0.565513756805643,21822.80566699727,2266.9596955603956,-18.985968517386937
4629,19869.694692937064,1986.9694692937064,-829.7000058923732,-3.823608987291849,953.1109740602042,4.367499709267898,21822.80566699727,2266.9596955603956,-18.985968517386937
4630,19505.158882671672,1950.5158882671672,-364.5358102653918,-1.746723254120064,1317.646784325596,6.03793483034255,21822.80566699727,2266.9596955603956,-18.985968517386937
4631,19721.602110550284,1972.1602110550282,216.44322787861165,1.0555549904152306,1101.2035564469843,5.046113562347025,21822.80566699727,2266.9596955603956,-18.985968517386937
4632,19818.432433086466,1981.8432433086464,96.83032253618148,0.46729167956989226,1004.3732339108028,4.602401951595624,21822.80566699727,2266.9596955603956,-18.985968517386937
4633,19850.708724419677,1985.0708724419678,32.2762913332117,0.15503708762392154,972.0969425775911,4.454500293918201,21822.80566699727,2266.9596955603956,-18.985968517386937
4634,20103.226306456905,2010.3226306456904,252.51758203722784,1.2110743350487896,719.5793605403633,3.297373268683717,21822.80566699727,2266.9596955603956,-18.985968517386937
4635,20091.833566517238,2009.183356651724,-11.39273993966708,-0.05398577342735633,730.9721004800303,3.349578929649192,21822.80566699727,2266.9596955603956,-18.985968517386937
4636,20188.66388905342,2018.8663889053419,96.83032253618148,0.45908916467982674,634.1417779438489,2.9058673188977915,21822.80566699727,2266.9596955603956,-18.985968517386937
4637,19960.829369771687,1996.0829369771686,-227.83451928173236,-1.0752660973561312,861.9762972255812,3.9498876101396623,21822.80566699727,2266.9596955603956,-18.985968517386937
4638,19939.944369841596,1993.9944369841598,-20.884999930091,-0.09963823263696714,882.8612971556722,4.04559024457074,21822.80566699727,2266.9596955603956,-18.985968517386937
4639,19638.062110829927,1963.8062110829928,-301.8822590116688,-1.4416574069148425,1184.743556167341,5.428924100071304,21822.80566699727,2266.9596955603956,-18.985968517386937
4640,19550.72549682071,1955.072549682071,-87.33661400921847,-0.4231822423064968,1272.0801701765595,5.829132099638006,21822.80566699727,2266.9596955603956,-18.985968517386937
4641,17783.289196862443,1778.328919686244,-1767.4362999582663,-8.600359633199794,3039.516470134826,13.928165408774642,21822.80566699727,2266.9596955603956,-772.5567745744302
4642,17783.289196862443,1778.328919686244,0.0,0.0,3039.516470134826,13.928165408774642,21822.80566699727,0.0,0.0
4643,17783.289196862443,1778.328919686244,0.0,0.0,3039.516470134826,13.928165408774642,21822.80566699727,0.0,0.0
4644,17783.289196862443,1778.328919686244,0.0,0.0,3039.516470134826,13.928165408774642,21822.80566699727,0.0,0.0
4645,17783.289196862443,1778.328919686244,0.0,0.0,3039.516470134826,13.928165408774642,21822.80566699727,0.0,0.0
4646,17783.289196862443,1778.328919686244,0.0,0.0,3039.516470134826,13.928165408774642,21822.80566699727,0.0,0.0
4647,17783.289196862443,1778.328919686244,0.0,0.0,3039.516470134826,13.928165408774642,21822.80566699727,0.0,0.0
4648,17783.289196862443,1778.328919686244,0.0,0.0,3039.516470134826,13.928165408774642,21822.80566699727,0.0,0.0
4649,17783.289196862443,1778.328919686244,0.0,0.0,3039.516470134826,13.928165408774642,21822.80566699727,0.0,0.0
4650,17783.289196862443,1778.328919686244,0.0,0.0,3039.516470134826,13.928165408774642,21822.80566699727,0.0,0.0
4651,17783.289196862443,1778.328919686244,0.0,0.0,3039.516470134826,13.928165408774642,21822.80566699727,0.0,0.0
4652,17783.289196862443,1778.328919686244,0.0,0.0,3039.516470134826,13.928165408774642,21822.80566699727,0.0,0.0
4653,17783.289196862443,1778.328919686244,0.0,0.0,3039.516470134826,13.928165408774642,21822.80566699727,0.0,0.0
4654,17783.289196862443,1778.328919686244,0.0,0.0,3039.516470134826,13.928165408774642,21822.80566699727,0.0,0.0
4655,17783.289196862443,1778.328919686244,0.0,0.0,3039.516470134826,13.928165408774642,21822.80566699727,0.0,0.0
4656,17783.289196862443,1778.328919686244,0.0,0.0,3039.516470134826,13.928165408774642,21822.80566699727,0.0,0.0
4657,17783.289196862443,1778.328919686244,0.0,0.0,3039.516470134826,13.928165408774642,21822.80566699727,0.0,0.0
4658,17783.289196862443,1778.328919686244,0.0,0.0,3039.516470134826,13.928165408774642,21822.80566699727,0.0,0.0
4659,17783.289196862443,1778.328919686244,0.0,0.0,3039.516470134826,13.928165408774642,21822.80566699727,0.0,0.0
4660,17783.289196862443,1778.328919686244,0.0,0.0,3039.516470134826,13.928165408774642,21822.80566699727,0.0,0.0
4661,17783.289196862443,1778.328919686244,0.0,0.0,3039.516470134826,13.928165408774642,21822.80566699727,0.0,0.0
4662,17783.289196862443,1778.328919686244,0.0,0.0,3039.516470134826,13.928165408774642,21822.80566699727,0.0,0.0
4663,17783.289196862443,1778.328919686244,0.0,0.0,3039.516470134826,13.928165408774642,21822.80566699727,0.0,0.0
4664,17783.289196862443,1778.328919686244,0.0,0.0,3039.516470134826,13.928165408774642,21822.80566699727,0.0,0.0
4665,17783.289196862443,1778.328919686244,0.0,0.0,3039.516470134826,13.928165408774642,21822.80566699727,0.0,0.0
4666,17783.289196862443,1778.328919686244,0.0,0.0,3039.516470134826,13.928165408774642,21822.80566699727,0.0,0.0
4667,17783.289196862443,1778.328919686244,0.0,0.0,3039.516470134826,13.928165408774642,21822.80566699727,0.0,0.0
4668,17783.289196862443,1778.328919686244,0.0,0.0,3039.516470134826,13.928165408774642,21822.80566699727,0.0,0.0
4669,17783.289196862443,1778.328919686244,0.0,0.0,3039.516470134826,13.928165408774642,21822.80566699727,0.0,0.0
4670,17783.289196862443,1778.328919686244,0.0,0.0,3039.516470134826,13.928165408774642,21822.80566699727,0.0,0.0
4671,17783.289196862443,1778.328919686244,0.0,0.0,3039.516470134826,13.928165408774642,21822.80566699727,0.0,0.0
4672,17783.289196862443,1778.328919686244,0.0,0.0,3039.516470134826,13.928165408774642,21822.80566699727,0.0,0.0
4673,17783.289196862443,1778.328919686244,0.0,0.0,3039.516470134826,13.928165408774642,21822.80566699727,0.0,0.0
4674,17783.289196862443,1778.328919686244,0.0,0.0,3039.516470134826,13.928165408774642,21822.80566699727,0.0,0.0
4675,17783.289196862443,1778.328919686244,0.0,0.0,3039.516470134826,13.928165408774642,21822.80566699727,0.0,0.0
4676,17783.289196862443,1778.328919686244,0.0,0.0,3039.516470134826,13.928165408774642,21822.80566699727,0.0,0.0
4677,17783.289196862443,1778.328919686244,0.0,0.0,3039.516470134826,13.928165408774642,21822.80566699727,0.0,0.0
4678,17783.289196862443,1778.328919686244,0.0,0.0,3039.516470134826,13.928165408774642,21822.80566699727,0.0,0.0
4679,17783.289196862443,1778.328919686244,0.0,0.0,3039.516470134826,13.928165408774642,21822.80566699727,0.0,0.0
4680,17783.289196862443,1778.328919686244,0.0,0.0,3039.516470134826,13.928165408774642,21822.80566699727,0.0,0.0
4681,17783.289196862443,1778.328919686244,0.0,0.0,3039.516470134826,13.928165408774642,21822.80566699727,0.0,0.0
4682,17783.289196862443,1778.328919686244,0.0,0.0,3039.516470134826,13.928165408774642,21822.80566699727,0.0,0.0
4683,17783.289196862443,1778.328919686244,0.0,0.0,3039.516470134826,13.928165408774642,21822.80566699727,0.0,0.0
4684,17783.289196862443,1778.328919686244,0.0,0.0,3039.516470134826,13.928165408774642,21822.80566699727,0.0,0.0
4685,17783.289196862443,1778.328919686244,0.0,0.0,3039.516470134826,13.928165408774642,21822.80566699727,0.0,0.0
4686,17783.289196862443,1778.328919686244,0.0,0.0,3039.516470134826,13.928165408774642,21822.80566699727,0.0,0.0
4687,17783.289196862443,1778.328919686244,0.0,0.0,3039.516470134826,13.928165408774642,21822.80566699727,0.0,0.0
4688,17783.289196862443,1778.328919686244,0.0,0.0,3039.516470134826,13.928165408774642,21822.80566699727,0.0,0.0
4689,17783.289196862443,1778.328919686244,0.0,0.0,3039.516470134826,13.928165408774642,21822.80566699727,0.0,0.0
4690,17783.289196862443,1778.328919686244,0.0,0.0,3039.516470134826,13.928165408774642,21822.80566699727,0.0,0.0
4691,17783.289196862443,1778.328919686244,0.0,0.0,3039.516470134826,13.928165408774642,21822.80566699727,0.0,0.0
4692,17783.289196862443,1778.328919686244,0.0,0.0,3039.516470134826,13.928165408774642,21822.80566699727,0.0,0.0
4693,17783.289196862443,1778.328919686244,0.0,0.0,3039.516470134826,13.928165408774642,21822.80566699727,0.0,0.0
4694,17783.289196862443,1778.328919686244,0.0,0.0,3039.516470134826,13.928165408774642,21822.80566699727,0.0,0.0
4695,17783.289196862443,1778.328919686244,0.0,0.0,3039.516470134826,13.928165408774642,21822.80566699727,0.0,0.0
4696,17783.289196862443,1778.328919686244,0.0,0.0,3039.516470134826,13.928165408774642,21822.80566699727,0.0,0.0
4697,17783.289196862443,1778.328919686244,0.0,0.0,3039.516470134826,13.928165408774642,21822.80566699727,0.0,0.0
4698,17783.289196862443,1778.328919686244,0.0,0.0,3039.516470134826,13.928165408774642,21822.80566699727,0.0,0.0
4699,17783.289196862443,1778.328919686244,0.0,0.0,3039.516470134826,13.928165408774642,21822.80566699727,0.0,0.0
4700,17783.289196862443,1778.328919686244,0.0,0.0,3039.516470134826,13.928165408774642,21822.80566699727,0.0,0.0
4701,17783.289196862443,1778.328919686244,0.0,0.0,3039.516470134826,13.928165408774642,21822.80566699727,0.0,0.0
4702,17783.289196862443,1778.328919686244,0.0,0.0,3039.516470134826,13.928165408774642,21822.80566699727,0.0,0.0
4703,17783.289196862443,1778.328919686244,0.0,0.0,3039.516470134826,13.928165408774642,21822.80566699727,0.0,0.0
4704,17783.289196862443,1778.328919686244,0.0,0.0,3039.516470134826,13.928165408774642,21822.80566699727,0.0,0.0
4705,17783.289196862443,1778.328919686244,0.0,0.0,3039.516470134826,13.928165408774642,21822.80566699727,0.0,0.0
4706,17783.289196862443,1778.328919686244,0.0,0.0,3039.516470134826,13.928165408774642,21822.80566699727,0.0,0.0
4707,17783.289196862443,1778.328919686244,0.0,0.0,3039.516470134826,13.928165408774642,21822.80566699727,0.0,0.0
4708,17783.289196862443,1778.328919686244,0.0,0.0,3039.516470134826,13.928165408774642,21822.80566699727,0.0,0.0
4709,17783.289196862443,1778.328919686244,0.0,0.0,3039.516470134826,13.928165408774642,21822.80566699727,0.0,0.0
4710,17783.289196862443,1778.328919686244,0.0,0.0,3039.516470134826,13.928165408774642,21822.80566699727,0.0,0.0
4711,17783.289196862443,1778.328919686244,0.0,0.0,3039.516470134826,13.928165408774642,21822.80566699727,0.0,0.0
4712,17783.289196862443,1778.328919686244,0.0,0.0,3039.516470134826,13.928165408774642,21822.80566699727,0.0,0.0
4713,17783.289196862443,1778.328919686244,0.0,0.0,3039.516470134826,13.928165408774642,21822.80566699727,0.0,0.0
4714,17783.289196862443,1778.328919686244,0.0,0.0,3039.516470134826,13.928165408774642,21822.80566699727,0.0,0.0
4715,17783.289196862443,1778.328919686244,0.0,0.0,3039.516470134826,13.928165408774642,21822.80566699727,0.0,0.0
4716,17783.289196862443,1778.328919686244,0.0,0.0,3039.516470134826,13.928165408774642,21822.80566699727,0.0,0.0
4717,17783.289196862443,1778.328919686244,0.0,0.0,3039.516470134826,13.928165408774642,21822.80566699727,0.0,0.0
4718,17783.289196862443,1778.328919686244,0.0,0.0,3039.516470134826,13.928165408774642,21822.80566699727,0.0,0.0
4719,17783.289196862443,1778.328919686244,0.0,0.0,3039.516470134826,13.928165408774642,21822.80566699727,0.0,0.0
4720,17783.289196862443,1778.328919686244,0.0,0.0,3039.516470134826,13.928165408774642,21822.80566699727,0.0,0.0
4721,17783.289196862443,1778.328919686244,0.0,0.0,3039.516470134826,13.928165408774642,21822.80566699727,0.0,0.0
4722,17783.289196862443,1778.328919686244,0.0,0.0,3039.516470134826,13.928165408774642,21822.80566699727,0.0,0.0
4723,17783.289196862443,1778.328919686244,0.0,0.0,3039.516470134826,13.928165408774642,21822.80566699727,0.0,0.0
4724,17783.289196862443,1778.328919686244,0.0,0.0,3039.516470134826,13.928165408774642,21822.80566699727,0.0,0.0
4725,17783.289196862443,1778.328919686244,0.0,0.0,3039.516470134826,13.928165408774642,21822.80566699727,0.0,0.0
4726,17783.289196862443,1778.328919686244,0.0,0.0,3039.516470134826,13.928165408774642,21822.80566699727,0.0,0.0
4727,17783.289196862443,1778.328919686244,0.0,0.0,3039.516470134826,13.928165408774642,21822.80566699727,0.0,0.0
4728,17783.289196862443,1778.328919686244,0.0,0.0,3039.516470134826,13.928165408774642,21822.80566699727,0.0,0.0
4729,17783.289196862443,1778.328919686244,0.0,0.0,3039.516470134826,13.928165408774642,21822.80566699727,0.0,0.0
4730,17783.289196862443,1778.328919686244,0.0,0.0,3039.516470134826,13.928165408774642,21822.80566699727,0.0,0.0
4731,17783.289196862443,1778.328919686244,0.0,0.0,3039.516470134826,13.928165408774642,21822.80566699727,0.0,0.0
4732,17783.289196862443,1778.328919686244,0.0,0.0,3039.516470134826,13.928165408774642,21822.80566699727,0.0,0.0
4733,17783.289196862443,1778.328919686244,0.0,0.0,3039.516470134826,13.928165408774642,21822.80566699727,0.0,0.0
4734,17783.289196862443,1778.328919686244,0.0,0.0,3039.516470134826,13.928165408774642,21822.80566699727,0.0,0.0
4735,17783.289196862443,1778.328919686244,0.0,0.0,3039.516470134826,13.928165408774642,21822.80566699727,0.0,0.0
4736,17783.289196862443,1778.328919686244,0.0,0.0,3039.516470134826,13.928165408774642,21822.80566699727,0.0,0.0
4737,17783.289196862443,1778.328919686244,0.0,0.0,3039.516470134826,13.928165408774642,21822.80566699727,0.0,0.0
4738,17783.289196862443,1778.328919686244,0.0,0.0,3039.516470134826,13.928165408774642,21822.80566699727,0.0,0.0
4739,17783.289196862443,1778.328919686244,0.0,0.0,3039.516470134826,13.928165408774642,21822.80566699727,0.0,0.0
4740,17783.289196862443,1778.328919686244,0.0,0.0,3039.516470134826,13.928165408774642,21822.80566699727,0.0,0.0
4741,17783.289196862443,1778.328919686244,0.0,0.0,3039.516470134826,13.928165408774642,21822.80566699727,0.0,0.0
4742,17783.289196862443,1778.328919686244,0.0,0.0,3039.516470134826,13.928165408774642,21822.80566699727,0.0,0.0
4743,17783.289196862443,1778.328919686244,0.0,0.0,3039.516470134826,13.928165408774642,21822.80566699727,0.0,0.0
4744,17783.289196862443,1778.328919686244,0.0,0.0,3039.516470134826,13.928165408774642,21822.80566699727,0.0,0.0
4745,17783.289196862443,1778.328919686244,0.0,0.0,3039.516470134826,13.928165408774642,21822.80566699727,0.0,0.0
4746,17783.289196862443,1778.328919686244,0.0,0.0,3039.516470134826,13.928165408774642,21822.80566699727,0.0,0.0
4747,17783.289196862443,1778.328919686244,0.0,0.0,3039.516470134826,13.928165408774642,21822.80566699727,0.0,0.0
4748,17783.289196862443,1778.328919686244,0.0,0.0,3039.516470134826,13.928165408774642,21822.80566699727,0.0,0.0
4749,17783.289196862443,1778.328919686244,0.0,0.0,3039.516470134826,13.928165408774642,21822.80566699727,0.0,0.0
4750,17783.289196862443,1778.328919686244,0.0,0.0,3039.516470134826,13.928165408774642,21822.80566699727,0.0,0.0
4751,17783.289196862443,1778.328919686244,0.0,0.0,3039.516470134826,13.928165408774642,21822.80566699727,0.0,0.0
4752,17783.289196862443,1778.328919686244,0.0,0.0,3039.516470134826,13.928165408774642,21822.80566699727,0.0,0.0
4753,17783.289196862443,1778.328919686244,0.0,0.0,3039.516470134826,13.928165408774642,21822.80566699727,0.0,0.0
4754,17783.289196862443,1778.328919686244,0.0,0.0,3039.516470134826,13.928165408774642,21822.80566699727,0.0,0.0
4755,17783.289196862443,1778.328919686244,0.0,0.0,3039.516470134826,13.928165408774642,21822.80566699727,0.0,0.0
4756,17783.289196862443,1778.328919686244,0.0,0.0,3039.516470134826,13.928165408774642,21822.80566699727,0.0,0.0
4757,17783.289196862443,1778.328919686244,0.0,0.0,3039.516470134826,13.928165408774642,21822.80566699727,0.0,0.0
4758,17783.289196862443,1778.328919686244,0.0,0.0,3039.516470134826,13.928165408774642,21822.80566699727,0.0,0.0
4759,17783.289196862443,1778.328919686244,0.0,0.0,3039.516470134826,13.928165408774642,21822.80566699727,0.0,0.0
4760,17783.289196862443,1778.328919686244,0.0,0.0,3039.516470134826,13.928165408774642,21822.80566699727,0.0,0.0
4761,17783.289196862443,1778.328919686244,0.0,0.0,3039.516470134826,13.928165408774642,21822.80566699727,0.0,0.0
4762,17783.289196862443,1778.328919686244,0.0,0.0,3039.516470134826,13.928165408774642,21822.80566699727,0.0,0.0
4763,17783.289196862443,1778.328919686244,0.0,0.0,3039.516470134826,13.928165408774642,21822.80566699727,0.0,0.0
4764,17783.289196862443,1778.328919686244,0.0,0.0,3039.516470134826,13.928165408774642,21822.80566699727,0.0,0.0
4765,17783.289196862443,1778.328919686244,0.0,0.0,3039.516470134826,13.928165408774642,21822.80566699727,0.0,0.0
4766,17783.289196862443,1778.328919686244,0.0,0.0,3039.516470134826,13.928165408774642,21822.80566699727,0.0,0.0
4767,17764.524672190255,1776.4524672190255,-18.76452467218769,-0.09990009990008542,3058.2809948070135,14.014151257517113,21822.80566699727,0.0,0.0
4768,18083.7430108559,1808.3743010855897,319.2183386656434,1.7011799885277012,2739.06265614137,12.551377205744298,21822.80566699727,319.2183386656434,0.0
4769,18061.18997288912,1806.1189972889117,-22.55303796677981,-0.11817932128906916,2761.61569410815,12.65472339463919,21822.80566699727,319.2183386656434,0.0
4770,18187.835889828923,1818.783588982892,126.64591693980401,0.6644176838903171,2634.969777168346,12.074385930830257,21822.80566699727,423.3112176386676,0.0
4771,18222.534398561776,1822.2534398561777,34.69850873285395,0.1808359678083793,2600.271268435492,11.91538479567682,21822.80566699727,458.00972637152154,0.0
4772,18375.203866148026,1837.5203866148026,152.66946758624908,0.7942213259749531,2447.601800849243,11.21579799682111,21822.80566699727,610.6791939577706,0.0
4773,18415.106820287616,1841.5106820287615,39.90295413959029,0.20594856402675887,2407.6988467096526,11.032948207712938,21822.80566699727,650.5821480973609,0.0
4774,18394.287715047903,1839.4287715047901,-20.81910523971237,-0.10723147409087419,2428.517951949365,11.128348888805,21822.80566699727,650.5821480973609,0.0
4775,18583.389624094074,1858.3389624094075,189.10190904617048,0.975039206515671,2239.4160429031945,10.261815446993023,21822.80566699727,818.864951903819,0.0
4776,18265.906541768265,1826.5906541768263,-317.48308232580894,-1.621185547650028,2556.8991252290034,11.716637925689884,21822.80566699727,818.864951903819,0.0
4777,18519.19969926064,1851.919969926064,253.29315749237503,1.3147222371459044,2303.6059677366284,10.555956932798894,21822.80566699727,818.864951903819,0.0
4778,18487.971703207455,1848.7971703207456,-31.227996053185052,-0.15998604724746235,2334.8339637898134,10.699054921800426,21822.80566699727,818.864951903819,0.0
4779,18690.953015746767,1869.0953015746768,202.98131253931206,1.0415722868989175,2131.8526512505014,9.768921025927074,21822.80566699727,926.4283435565121,0.0
4780,18729.120713546523,1872.9120713546522,38.16769779975584,0.19383367462830758,2093.6849534507455,9.594022809894858,21822.80566699727,964.596041356268,0.0
4781,18513.995253853904,1851.3995253853902,-215.1254596926192,-1.0903955772590956,2308.8104131433647,10.57980558675363,21822.80566699727,964.596041356268,0.0
4782,18508.7894848344,1850.8789484834401,-5.20576901950335,-0.02667710508167387,2314.016182162868,10.603660305981489,21822.80566699727,964.596041356268,0.0
4783,18793.310638379957,1879.3310638379958,284.52115354555644,1.458425463900448,2029.4950286173116,9.299881324088984,21822.80566699727,1028.7859661897019,0.0
4784,18838.418037926283,1883.8418037926285,45.10739954632663,0.22789214179694817,1984.387629070985,9.093182881026081,21822.80566699727,1073.8933657360285,0.0
4785,19112.530300658367,1911.2530300658368,274.11226273208376,1.381724400645501,1710.2753663389012,7.8371012070430455,21822.80566699727,1348.0056284681123,0.0
4786,19096.91564082539,1909.6915640825391,-15.61465983297603,-0.07763647636351845,1725.8900261718773,7.908653234180374,21822.80566699727,1348.0056284681123,0.0
4787,19206.21428881792,1920.6214288817919,109.29864799252755,0.5438578234885805,1616.5913781793497,7.407807240038472,21822.80566699727,1441.6896166276638,0.0
4788,19091.711195418655,1909.1711195418654,-114.50309339926389,-0.5666726669459776,1731.0944715786136,7.932501888135107,21822.80566699727,1441.6896166276638,0.0
4789,19102.121409844895,1910.2121409844895,10.41021442623969,0.05181347832938776,1720.684257152374,7.884798514952515,21822.80566699727,1441.6896166276638,0.0
4790,19107.32585525163,1910.7325855251631,5.20444540673634,0.02589003071182816,1715.4798117456376,7.86094986099778,21822.80566699727,1441.6896166276638,0.0
4791,19107.32585525163,1910.7325855251631,0.0,0.0,1715.4798117456376,7.86094986099778,21822.80566699727,1441.6896166276638,0.0
4792,19263.465835517552,1926.3465835517554,156.13998026592162,0.7765327989904813,1559.339831479716,7.145459915990146,21822.80566699727,1498.9411633272975,0.0
4793,19294.693831570734,1929.4693831570733,31.227996053181414,0.15410984629513624,1528.1118354265345,7.002361926988633,21822.80566699727,1530.169159380479,0.0
4794,19209.68347788482,1920.9683477884819,-85.01035368591329,-0.4188797051654425,1613.1221891124478,7.391910159159691,21822.80566699727,1530.169159380479,0.0
4795,19029.25520331229,1902.9255203312289,-180.42827457253225,-0.8927812984798722,1793.55046368498,8.218697866138152,21822.80566699727,1530.169159380479,0.0
4796,19011.906610752245,1901.1906610752244,-17.34859256004347,-0.08661626397957756,1810.8990562450235,8.298195401078306,21822.80566699727,1530.169159380479,0.0
4797,19046.6051194851,1904.66051194851,34.69850873285395,0.17338931970736216,1776.2005475121696,8.139194265924871,21822.80566699727,1530.169159380479,0.0
4798,18507.055552107333,1850.705555210733,-539.5495673777659,-2.691476008839666,2315.7501148899355,10.611605813784317,21822.80566699727,1530.169159380479,0.0
4799,18666.664721440153,1866.6664721440152,159.60916933281987,0.8182125124238881,2156.1409455571156,9.880218787897919,21822.80566699727,1530.169159380479,0.0
4800,18354.384760908313,1835.4384760908313,-312.2799605318396,-1.5878643631494826,2468.4209060889552,11.311198677913168,21822.80566699727,1530.169159380479,0.0
4801,18387.348013301333,1838.734801330133,32.9632523930195,0.17031413191495037,2435.4576536959357,11.160149115835686,21822.80566699727,1530.169159380479,0.0
4802,18298.868470548518,1829.8868470548516,-88.47954275281518,-0.4563777505418032,2523.937196448751,11.565594428885525,21822.80566699727,1530.169159380479,0.0
4803,18664.92946510032,1866.4929465100317,366.06099455180083,1.8968002974393938,2157.87620189695,9.88817036097387,21822.80566699727,1530.169159380479,0.0
4804,18822.804701706074,1882.2804701706077,157.87523660575607,0.8028263558531368,2000.000965291194,9.164728842890284,21822.80566699727,1530.169159380479,0.0
4805,18966.79921120592,1896.6799211205916,143.99450949984384,0.7264083547544153,1856.0064557913502,8.504893844141211,21822.80566699727,1530.169159380479,0.0
4806,19036.19490505886,1903.619490505886,69.3956938529409,0.34755542497764136,1786.6107619384093,8.186897639107464,21822.80566699727,1530.169159380479,0.0
4807,18834.94884885938,1883.494884885938,-201.2460561994776,-1.0044125501527557,1987.8568181378869,9.109079961904861,21822.80566699727,1530.169159380479,0.0
4808,18871.3812903193,1887.1381290319298,36.432441459917754,0.18367802073768758,1951.4243766779691,8.942133318948613,21822.80566699727,1530.169159380479,0.0
4809,18838.418037926283,1883.8418037926285,-32.963252393015864,-0.16588304512618057,1984.387629070985,9.093182881026081,21822.80566699727,1530.169159380479,0.0
4810,18852.29744141942,1885.229744141942,13.879403493137943,0.06996224934168183,1970.508225577847,9.029582426964723,21822.80566699727,1530.169159380479,0.0
4811,18737.794348020157,1873.7794348020157,-114.50309339926389,-0.5767750243373171,2085.011318977111,9.554277075061359,21822.80566699727,1530.169159380479,0.0
4812,18555.632140720558,1855.5632140720559,-182.1622072995997,-0.9229106560119327,2267.1735262767106,10.389010289842647,21822.80566699727,1530.169159380479,0.0
4813,18756.878196920035,1875.6878196920034,201.2460561994776,1.0290951207883703,2065.927470077233,9.46682796704525,21822.80566699727,1530.169159380479,0.0
4814,18607.67791840069,1860.7677918400689,-149.2002785193472,-0.75518144634108,2215.12774859658,10.15051768502218,21822.80566699727,1530.169159380479,0.0
4815,18522.668888327542,1852.2668888327541,-85.00903007314628,-0.4335497065329208,2300.1367786697265,10.540059851920114,21822.80566699727,1530.169159380479,0.0
4816,19112.530300658367,1911.2530300658368,589.8614123308253,3.0214178999035335,1710.2753663389012,7.8371012070430455,21822.80566699727,1530.169159380479,0.0
4817,19487.264929683806,1948.7264929683806,374.73462902543906,1.8631898792623502,1335.5407373134622,6.119931404297875,21822.80566699727,1722.7402574935513,0.0
4818,19214.887923291557,1921.4887923291556,-272.3770063922493,-1.3294942361857465,1607.9177437057115,7.368061505204956,21822.80566699727,1722.7402574935513,0.0
4819,19204.479032478084,1920.4479032478084,-10.40889081347268,-0.05149121208571916,1618.3266345191842,7.415758813114426,21822.80566699727,1722.7402574935513,0.0
4820,19128.143636878576,1912.8143636878576,-76.33539559950805,-0.3778142236520954,1694.6620301186922,7.7655552451788425,21822.80566699727,1722.7402574935513,0.0
4821,18847.09299601269,1884.7092996012686,-281.05064086588754,-1.3963068126707445,1975.7126709845797,9.053431080919442,21822.80566699727,1722.7402574935513,0.0
4822,18567.776287873865,1856.7776287873864,-279.31670813882374,-1.4073431720954765,2255.0293791234035,10.333361408857227,21822.80566699727,1722.7402574935513,0.0
4823,18684.013314000196,1868.4013314000197,116.23702612633133,0.5940226646926838,2138.792352997072,9.80072125295776,21822.80566699727,1722.7402574935513,0.0
4824,18770.757600413177,1877.0757600413176,86.74428641298073,0.4406839450331157,2052.0480665840914,9.403227512983875,21822.80566699727,1722.7402574935513,0.0
4825,18824.538634433142,1882.4538634433143,53.78103401996486,0.27202313187453253,1998.2670325641266,9.156783335087455,21822.80566699727,1722.7402574935513,0.0
4826,19109.061111591465,1910.9061111591466,284.52247715832345,1.435203524303641,1713.744555405803,7.852998287921828,21822.80566699727,1722.7402574935513,0.0
4827,18855.766630486323,1885.576663048632,-253.29448110514204,-1.2596037164516627,1967.0390365109452,9.013685346085941,21822.80566699727,1722.7402574935513,0.0
4828,19143.758296711552,1914.3758296711553,287.991666225229,1.4504182668175103,1679.0473702857162,7.694003218041516,21822.80566699727,1722.7402574935513,0.0
4829,19705.860902056094,1970.5860902056095,562.1026053445421,2.7904554704486495,1116.944764941174,5.118245481287198,21822.80566699727,1941.3362298658394,0.0
4830,19636.465208203157,1963.6465208203156,-69.39569385293726,-0.33515000502126746,1186.3404587941113,5.436241686320928,21822.80566699727,1941.3362298658394,0.0
4831,19926.192130768217,1992.6192130768218,289.7269225650598,1.403956150639063,896.6135362290515,4.108607985200567,21822.80566699727,2161.667458577962,0.0
4832,19653.815124375968,1965.3815124375967,-272.3770063922493,-1.301608074178806,1168.9905426213008,5.356738086107648,21822.80566699727,2161.667458577962,0.0
4833,19655.549057103035,1965.5549057103035,1.7339327270674403,0.008395217622636508,1167.2566098942334,5.34879257830482,21822.80566699727,2161.667458577962,0.0
4834,19728.41526363564,1972.8415263635638,72.86620653260616,0.3527681899482049,1094.3904033616272,5.014893227119183,21822.80566699727,2161.667458577962,0.0
4835,19667.693204256342,1966.769320425634,-60.722059379299026,-0.2929411564125961,1155.1124627409263,5.2931436973193975,21822.80566699727,2161.667458577962,0.0
4836,19835.977331675567,1983.597733167557,168.28412741922511,0.8142375917626232,986.8283353217012,4.5220048713263585,21822.80566699727,2161.667458577962,0.0
4837,19655.549057103035,1965.5549057103035,-180.42827457253225,-0.8659458191012659,1167.2566098942334,5.34879257830482,21822.80566699727,2161.667458577962,0.0
4838,19426.544193917274,1942.6544193917273,-229.00486318576077,-1.1086844632048676,1396.2614730799942,6.398175809224965,21822.80566699727,2161.667458577962,0.0
4839,19589.623875929763,1958.9623875929765,163.07968201248877,0.7983713763048073,1233.1817910675054,5.650885637186661,21822.80566699727,2161.667458577962,0.0
4840,19601.76802308307,1960.176802308307,12.14414715330713,0.058981879545183524,1221.0376439141983,5.59523675620124,21822.80566699727,2161.667458577962,0.0
4841,19671.16371693601,1967.1163716936012,69.3956938529409,0.3368433902138257,1151.6419500612574,5.277240551167492,21822.80566699727,2161.667458577962,0.0
4842,19794.340444808913,1979.4340444808913,123.17672787290212,0.5958867607051221,1028.4652221883553,4.712800168237341,21822.80566699727,2161.667458577962,0.0
4843,19816.89348277569,1981.689348277569,22.553037966776174,0.1084575778040886,1005.9121842215791,4.609453979342468,21822.80566699727,2161.667458577962,0.0
4844,19820.36399545536,1982.036399545536,3.4705126796689,0.016671616648955556,1002.4416715419102,4.593550833190562,21822.80566699727,2161.667458577962,0.0
4845,19730.14919636271,1973.014919636271,-90.21479909264963,-0.4333007776057163,1092.6564706345598,5.006947719316354,21822.80566699727,2161.667458577962,0.0
4846,19999.05701368806,1999.905701368806,268.90781732535106,1.2971822574848302,823.7486533092087,3.7747146992880376,21822.80566699727,2234.5323414978047,0.0
4847,20099.680703594182,2009.968070359418,100.62368990612231,0.47918194536322734,723.1249634030864,3.3136205052527767,21822.80566699727,2335.156031403927,0.0
4848,19915.781916341977,1991.5781916341978,-183.89878725220478,-0.8715714225044136,907.0237506552912,4.156311358383159,21822.80566699727,2335.156031403927,0.0
4849,19945.275979668095,1994.5275979668097,29.49406332611761,0.1410134387711981,877.5296873291736,4.021158877184458,21822.80566699727,2335.156031403927,0.0
4850,19979.97316478818,1997.997316478818,34.69718512008694,0.16565637594734284,842.8325022090867,3.862163807304146,21822.80566699727,2335.156031403927,0.0
4851,19884.553920288792,1988.455392028879,-95.4192444993896,-0.4548110893656254,938.2517467084763,4.29940934738469,21822.80566699727,2335.156031403927,0.0
4852,20054.573304047855,2005.4573304047856,170.0193837590632,0.8140915262446313,768.2323629494131,3.5203189483156807,21822.80566699727,2335.156031403927,0.0
4853,19737.08889810928,1973.7088898109282,-317.48440593857595,-1.5079118505694766,1085.716768887989,4.975147492285667,21822.80566699727,2335.156031403927,0.0
4854,19860.26562598218,1986.0265625982179,123.17672787290212,0.5939923799243241,962.5400410150869,4.410707109355515,21822.80566699727,2335.156031403927,0.0
4855,20146.522035867572,2014.6522035867572,286.2564098853909,1.3722567824296927,676.283631129696,3.09897655438706,21822.80566699727,2381.9973636773175,0.0
4856,19634.73127547609,1963.4731275476088,-511.79076039148276,-2.4202124563245553,1188.0743915211788,5.444187194123757,21822.80566699727,2381.9973636773175,0.0
4857,19674.632906002913,1967.4632906002912,39.90163052682328,0.19337121474534147,1148.1727609943555,5.26134347028871,21822.80566699727,2381.9973636773175,0.0
4858,19275.60998267086,1927.5609982670862,-399.0229233320533,-1.930012131998704,1547.1956843264088,7.089811035004725,21822.80566699727,2381.9973636773175,0.0
4859,19776.99185224887,1977.699185224887,501.3818695780101,2.4728324820142644,1045.8138147483987,4.792297703177497,21822.80566699727,2381.9973636773175,0.0
4860,20162.13669570055,2016.213669570055,385.14484345167875,1.853708401055143,660.66897129672,3.0274245272497327,21822.80566699727,2397.6120235102935,0.0
4861,19983.44235385508,1998.3442353855078,-178.69434184546844,-0.8444059520784308,839.3633131421884,3.846266726425381,21822.80566699727,2397.6120235102935,0.0
4862,20616.6759093924,2061.66759093924,633.2335555373211,3.0177772781927903,206.12975760486734,0.9445612115613453,21822.80566699727,2852.151237202146,0.0
4863,20418.89904225982,2041.889904225982,-197.77686713257935,-0.9149272902160055,403.9066247374467,1.8508464534799782,21822.80566699727,2852.151237202146,0.0
4864,20524.72717757268,2052.4727177572677,105.82813531285865,0.4940876517698589,298.07848942458804,1.3659036054899831,21822.80566699727,2852.151237202146,0.0
4865,20444.92259290627,2044.492259290627,-79.80458466640994,-0.3707577058145506,377.883074090998,1.7315971184331826,21822.80566699727,2852.151237202146,0.0
4866,20654.843607192153,2065.484360719215,209.92101428588285,0.9788844579710521,167.96205980511513,0.7696629955291447,21822.80566699727,2890.3189350018984,0.0
4867,20484.824223433094,2048.4824223433093,-170.01938375905956,-0.7851332793860077,337.9814435641747,1.5487533945981367,21822.80566699727,2890.3189350018984,0.0
4868,20363.382751900026,2036.3382751900026,-121.44147153306767,-0.5652430304764366,459.42291509724237,2.1052422044523347,21822.80566699727,2890.3189350018984,0.0
4869,20085.80130010104,2008.5801300101039,-277.58145179898565,-1.299332858576896,737.004366896228,3.3772209593141507,21822.80566699727,2890.3189350018984,0.0
4870,20139.582334121,2013.9582334121,53.781034019961226,0.255058051883017,683.2233328762668,3.130776781417747,21822.80566699727,2890.3189350018984,0.0
4871,20531.66687931925,2053.166687931925,392.08454519824954,1.854741210120281,291.13878767801725,1.334103378459296,21822.80566699727,2890.3189350018984,0.0
4872,20675.662712431866,2067.5662712431867,143.9958331126145,0.6687630545265444,147.14295456540276,0.6742623144370834,21822.80566699727,2911.1380402416107,0.0
4873,20568.099320779173,2056.8099320779174,-107.5633916526931,-0.49624038295724704,254.70634621809586,1.1671567355030315,21822.80566699727,2911.1380402416107,0.0
4874,20420.63429859966,2042.063429859966,-147.46502217951274,-0.683718208017714,402.1713683976086,1.8428948804040088,21822.80566699727,2911.1380402416107,0.0
4875,20547.28021553946,2054.728021553946,126.64591693980037,0.5912332715006574,275.52545145780823,1.2625574165950928,21822.80566699727,2911.1380402416107,0.0
4876,20795.3689276251,2079.53689276251,248.0887120856387,1.1513690340682725,27.43673937216954,0.12572507765883767,21822.80566699727,3030.844255434844,0.0
4877,20675.662712431866,2067.5662712431867,-119.70621519323322,-0.5492277537982315,147.14295456540276,0.6742623144370834,21822.80566699727,3030.844255434844,0.0
4878,20672.192199752197,2067.2192199752194,-3.4705126796689,-0.01601110298545816,150.61346724507166,0.6901654605889889,21822.80566699727,3030.844255434844,0.0
4879,20760.671742505012,2076.067174250501,88.47954275281518,0.4082630032868906,62.13392449225648,0.2847201475391494,21822.80566699727,3030.844255434844,0.0
4880,20819.65722193171,2081.965722193171,58.985479426697566,0.27106460740125016,3.148445065558917,0.014427315688011305,21822.80566699727,3055.1325497414546,0.0
4881,20642.699460038846,2064.2699460038843,-176.95776189286335,-0.811001566582803,180.10620695842226,0.8253118765145663,21822.80566699727,3055.1325497414546,0.0
4882,20609.73620764583,2060.9736207645833,-32.963252393015864,-0.1523065662574985,213.06945935143813,0.9763614385920325,21822.80566699727,3055.1325497414546,0.0
4883,20613.2067203255,2061.32067203255,3.4705126796689,0.016059949303959264,209.59894667176923,0.9604582924401269,21822.80566699727,3055.1325497414546,0.0
4884,20675.662712431866,2067.5662712431867,62.455992106366466,0.2889714280464917,147.14295456540276,0.6742623144370834,21822.80566699727,3055.1325497414546,0.0
4885,20583.71398061215,2058.371398061215,-91.94873181971707,-0.42420263241584877,239.09168638511983,1.0956047083657043,21822.80566699727,3055.1325497414546,0.0
4886,20516.052219486275,2051.605221948628,-67.66176112587345,-0.31348525646073266,306.7534475109933,1.405655405596623,21822.80566699727,3055.1325497414546,0.0
4887,20540.34183740566,2054.034183740566,24.28961791938491,0.1128906812067898,282.4638295916084,1.2943515783526394,21822.80566699727,3055.1325497414546,0.0
4888,20526.46243391252,2052.6462433912516,-13.87940349314158,-0.06443446254431606,296.34323308474995,1.3579520324140135,21822.80566699727,3055.1325497414546,0.0
4889,20573.30376618591,2057.330376618591,46.841332273390435,0.2175988387186134,249.50190081135952,1.1433080815482972,21822.80566699727,3055.1325497414546,0.0
4890,20432.778445752963,2043.2778445752963,-140.5253204329456,-0.6513852581689683,390.0272212443051,1.7872459994186043,21822.80566699727,3055.1325497414546,0.0
4891,20165.60588476745,2016.5605884767451,-267.172560985513,-1.2465605505218802,657.1997822298181,3.0115274463709514,21822.80566699727,3055.1325497414546,0.0
4892,20788.429225878528,2078.8429225878526,622.8233411110778,2.9426199490906857,34.37644111874033,0.15752530468952478,21822.80566699727,3055.1325497414546,0.0
4893,20764.140931571914,2076.414093157191,-24.28829430661426,-0.11147336072196978,58.66473542535459,0.2688230666603678,21822.80566699727,3055.1325497414546,0.0
4894,20719.034855638358,2071.903485563836,-45.106075933555985,-0.2072495122843243,103.77081135891058,0.4755154444501316,21822.80566699727,3055.1325497414546,0.0
4895,20961.91779870449,2096.191779870449,242.8829430661317,1.1182952865102846,0.0,0.0,21961.91779870449,3197.3931265142346,0.0
4896,21036.517937964163,2103.6517937964163,74.6001392596736,0.3396795304646538,0.0,0.0,22036.517937964163,3271.993265773908,0.0
4897,21152.756287703265,2115.2756287703264,116.23834973910198,0.5274805668769034,0.0,0.0,22152.756287703265,3388.23161551301,0.0
4898,21100.709186410368,2110.0709186410368,-52.04710129289742,-0.23494639049402855,52.04710129289742,0.23494639049402694,22152.756287703265,3388.23161551301,0.0
4899,21216.9462125367,2121.6946212536695,116.23702612633133,0.5259425168030685,0.0,0.0,22216.9462125367,3452.421540346444,0.0
4900,21622.908837615323,2162.2908837615323,405.9626250786241,1.827265643059195,0.0,0.0,22622.908837615323,3858.384165425068,0.0
4901,21761.7002253212,2176.17002253212,138.79138770587815,0.6134993015359136,0.0,0.0,22761.7002253212,3997.1755531309464,0.0
4902,21695.7763677607,2169.57763677607,-65.92385756050135,-0.2896262445595488,65.92385756050135,0.28962624455955405,22761.7002253212,3997.1755531309464,0.0
4903,21517.080702302464,2151.7080702302464,-178.69566545823545,-0.78735207186863,244.6195230187368,1.074697938190972,22761.7002253212,3997.1755531309464,0.0
4904,21555.248400102217,2155.5248400102214,38.167697799752204,0.16950553361851917,206.4518252189846,0.9070140770473628,22761.7002253212,3997.1755531309464,0.0
4905,21652.404224554208,2165.2404224554207,97.15582445199107,0.4307459741899944,109.29600076699353,0.4801750294795968,22761.7002253212,3997.1755531309464,0.0
4906,21812.01339388703,2181.201339388703,159.6091693328235,0.7046014531199907,0.0,0.0,22812.01339388703,4047.4887216967763,0.0
4907,22106.94343824606,2210.6943438246058,294.9300443590291,1.2928716078961289,0.0,0.0,23106.94343824606,4342.4187660558055,0.0
4908,22379.31912102554,2237.9319121025537,272.37568277947867,1.1787611957739363,0.0,0.0,23379.31912102554,4614.794448835284,0.0
4909,22219.70995169272,2221.9709951692716,-159.60916933281987,-0.6826938308450603,159.60916933281987,0.6826938308450557,23379.31912102554,4614.794448835284,0.0
4910,22124.290707193333,2212.429070719333,-95.41924449938597,-0.41094072534885173,255.02841383220584,1.0908290892135226,23379.31912102554,4614.794448835284,0.0
4911,22020.199151833076,2202.0199151833076,-104.09155536025719,-0.45013945153300483,359.11996919246303,1.5360582886671772,23379.31912102554,4614.794448835284,0.0
4912,22372.38074289174,2237.2380742891737,352.1815910586629,1.5298807309867213,6.938378133800143,0.029677417455499403,23379.31912102554,4614.794448835284,0.0
4913,22346.35851585806,2234.635851585806,-26.022227033678064,-0.11133751122718305,32.96060516747821,0.1409818865846953,23379.31912102554,4614.794448835284,0.0
4914,22181.542253892963,2218.1542253892962,-164.8162619650975,-0.7059613252025865,197.77686713257572,0.8459479341924487,23379.31912102554,4614.794448835284,0.0
4915,22216.242086238588,2221.6242086238585,34.6998323456246,0.14968733298923453,163.07703478695112,0.6975268781043855,23379.31912102554,4614.794448835284,0.0
4916,22263.08209489921,2226.308209489921,46.840008660623425,0.20175534217223845,116.23702612632769,0.4971788336718205,23379.31912102554,4614.794448835284,0.0
4917,22363.705784805334,2236.3705784805334,100.62368990612231,0.43254668274668173,15.613336220205383,0.0667826814775113,23379.31912102554,4614.794448835284,0.0
4918,22223.180464372388,2222.3180464372385,-140.5253204329456,-0.6014684559344841,156.13865665315097,0.6678494606488862,23379.31912102554,4614.794448835284,0.0
4919,22143.37455609321,2214.337455609321,-79.80590827917695,-0.34364762570574525,235.94456493232792,1.009202037539826,23379.31912102554,4614.794448835284,0.0
4920,22112.147883652793,2211.214788365279,-31.226672440418042,-0.13492704948767642,267.17123737274596,1.1427674004948798,23379.31912102554,4614.794448835284,0.0
4921,22148.579001499947,2214.8579001499947,36.43111784715438,0.15762757330279875,230.74011952559158,0.986941143713984,23379.31912102554,4614.794448835284,0.0
4922,22389.73065906455,2238.973065906455,241.15165756460192,1.0417557706197789,0.0,0.0,23389.73065906455,4625.2059868742945,0.0
4923,22358.501339398597,2235.8501339398595,-31.22931966595206,-0.13351722651774312,31.22931966595206,0.13351722651773815,23389.73065906455,4625.2059868742945,0.0
4924,22237.05986786553,2223.705986786553,-121.44147153306767,-0.5199026674208462,152.67079119901973,0.6527257343164535,23389.73065906455,4625.2059868742945,0.0
4925,22072.246253125973,2207.2246253125977,-164.81361473955621,-0.70927051734061,317.48440593857595,1.357366660464458,23389.73065906455,4625.2059868742945,0.0
4926,22287.370389205822,2228.737038920582,215.12413607984854,0.9323935507610237,102.3602698587274,0.43762910890578516,23389.73065906455,4625.2059868742945,0.0
4927,22311.658683512436,2231.1658683512437,24.28829430661426,0.10429814058299236,78.07197555211314,0.33378740734603896,23389.73065906455,4625.2059868742945,0.0
4928,22681.19019074391,2268.119019074391,369.53150723147337,1.5851789537946193,0.0,0.0,23681.19019074391,4916.665518553655,0.0
4929,22663.8402745711,2266.3840274571103,-17.34991617281048,-0.07326454470009125,17.34991617281048,0.07326454470008824,23681.19019074391,4916.665518553655,0.0
4930,22656.901896437295,2265.6901896437294,-6.938378133803781,-0.029320592318482497,24.28829430661426,0.10256365542010489,23681.19019074391,4916.665518553655,0.0
4931,22460.858962031787,2246.0858962031784,-196.04293440550828,-0.8286923421491288,220.33122871212254,0.9304060604109406,23681.19019074391,4916.665518553655,0.0
4932,22285.63645647876,2228.563645647876,-175.2225055530289,-0.7468716547701981,395.55373426515143,1.6703287760416643,23681.19019074391,4916.665518553655,0.0
4933,21591.682165174905,2159.1682165174907,-693.9542913038531,-2.9801817639851347,1089.5080255690045,4.600731706444605,23681.19019074391,4916.665518553655,0.0
4934,21688.83534240136,2168.8835342401358,97.15317722645341,0.4300395894211606,992.3548483425511,4.1904770847642,23681.19019074391,4916.665518553655,0.0
4935,21177.044582009876,2117.7044582009876,-511.79076039148276,-2.255694277242326,1504.1456087340339,6.351647010216353,23681.19019074391,4916.665518553655,0.0
4936,21272.463826509265,2127.2463826509265,95.4192444993896,0.43026131884496,1408.7263642346443,5.94871437156593,23681.19019074391,4916.665518553655,0.0
4937,21385.230339955924,2138.5230339955924,112.76651344665879,0.5063046204723864,1295.9598507879855,5.472528366815481,23681.19019074391,4916.665518553655,0.0
4938,21444.21581938262,2144.421581938262,58.985479426697566,0.2635017756391411,1236.974371361288,5.223446800595246,23681.19019074391,4916.665518553655,0.0
4939,21485.854029862046,2148.585402986205,41.63821047942474,0.1855186691061217,1195.3361608818632,5.047618600475053,23681.19019074391,4916.665518553655,0.0
4940,21518.817282255066,2151.881728225507,32.9632523930195,0.14659551000038018,1162.3729084888437,4.908422672704903,23681.19019074391,4916.665518553655,0.0
4941,20765.87618791175,2076.587618791175,-752.9410943433177,-3.343608524843078,1915.3140028321613,8.087912758628093,23681.19019074391,4916.665518553655,0.0
4942,20757.202553438114,2075.7202553438115,-8.673634473634593,-0.03984969131842764,1923.987637305796,8.124539441678106,23681.19019074391,4916.665518553655,0.0
4943,21298.486053542943,2129.8486053542947,541.2835001048297,2.4878359190496857,1382.7041372009662,5.838828733115845,23681.19019074391,4916.665518553655,0.0
4944,21503.20394603486,2150.3203946034864,204.71789249191715,0.9180797835348642,1177.986244709049,4.974354055774949,23681.19019074391,4916.665518553655,0.0
4945,21848.444511734182,2184.8444511734183,345.24056569932145,1.5341840500901371,832.7456790097276,3.516485752203522,23681.19019074391,4916.665518553655,0.0
4946,21624.645417567925,2162.4645417567926,-223.79909416625742,-0.9794937858956687,1056.544773175985,4.461535778674455,23681.19019074391,4916.665518553655,0.0
4947,21690.569275128426,2169.0569275128423,65.92385756050135,0.29138073257630737,990.6209156154837,4.183155101734204,23681.19019074391,4916.665518553655,0.0
4948,21706.185258574173,2170.6185258574174,15.615983445746679,0.06882147052549303,975.004932169737,4.117212540064097,23681.19019074391,4916.665518553655,0.0
4949,21747.82082182806,2174.782082182806,41.635563253887085,0.18336661477809102,933.3693689158499,3.94139551854395,23681.19019074391,4916.665518553655,0.0
4950,21662.81311536768,2166.281311536768,-85.00770646037927,-0.37369604379338117,1018.3770753762292,4.3003627232142865,23681.19019074391,4916.665518553655,0.0
4951,21971.62256321985,2197.162256321985,308.8094478521707,1.3626262824484314,709.5676275240585,2.9963343134729854,23681.19019074391,4916.665518553655,0.0
4952,21825.892797380173,2182.5892797380175,-145.7297658396783,-0.6343903894407865,855.2973933637368,3.611716245993584,23681.19019074391,4916.665518553655,0.0
4953,21680.160384314953,2168.0160384314954,-145.7324130652196,-0.6384521926868336,1001.0298064289564,4.227109357114244,23681.19019074391,4916.665518553655,0.0
4954,21530.960105795606,2153.0960105795607,-149.2002785193472,-0.6578449005260611,1150.2300849483036,4.857146434294866,23681.19019074391,4916.665518553655,0.0
4955,21654.138157281275,2165.4138157281272,123.17805148566913,0.5467057369383133,1027.0520334626344,4.33699499556433,23681.19019074391,4916.665518553655,0.0
4956,22139.906690639076,2213.9906690639077,485.76853335780106,2.1442816759801087,541.2835001048334,2.2857107085622785,23681.19019074391,4916.665518553655,0.0
4957,22002.849235660266,2200.2849235660265,-137.0574549788107,-0.5922990823219454,678.3409550836441,2.864471547332879,23681.19019074391,4916.665518553655,0.0
4958,22158.990539538954,2215.8990539538954,156.14130387868863,0.6787911457361018,522.1996512049554,2.2051241808321937,23681.19019074391,4916.665518553655,0.0
4959,22176.33780848623,2217.6337808486232,17.34726894727646,0.07490511694652202,504.852382257679,2.1318708147321366,23681.19019074391,4916.665518553655,0.0
4960,22342.88800317839,2234.2888003178386,166.55019469215767,0.7186217083493318,338.3021875655213,1.428569192851426,23681.19019074391,4916.665518553655,0.0
4961,22445.245625811578,2244.5245625811576,102.35762263318975,0.4384959676765554,235.94456493233156,0.9963374434810015,23681.19019074391,4916.665518553655,0.0
4962,21820.6857047479,2182.06857047479,-624.5599210636792,-2.663908627922762,860.5044859960108,3.6337045522836506,23681.19019074391,4916.665518553655,0.0
4963,21890.082722213607,2189.0082722213606,69.3970174657079,0.3040969862324161,791.1074685303029,3.3406575520833286,23681.19019074391,4916.665518553655,0.0
4964,22230.118842506192,2223.011884250619,340.0361202925851,1.4855172190469945,451.07134823771776,1.9047663762019218,23681.19019074391,4916.665518553655,0.0
4965,22004.58581561287,2200.4585815612872,-225.53302689332122,-0.9708647141341453,676.604375131039,2.8571383857028363,23681.19019074391,4916.665518553655,0.0
4966,21487.587962589114,2148.7587962589114,-516.9978530237568,-2.247368664524607,1193.6022281547957,5.0402966174450565,23681.19019074391,4916.665518553655,0.0
4967,21314.099389763152,2131.4099389763155,-173.48857282596146,-0.7714859108703953,1367.0908009807572,5.772897350045784,23681.19019074391,4916.665518553655,0.0
4968,21348.799222108773,2134.8799222108773,34.69983234562096,0.15550630899108242,1332.3909686351362,5.626368260645607,23681.19019074391,4916.665518553655,0.0
4969,21421.664105028613,2142.1664105028613,72.86488291983915,0.3260348898197485,1259.526085715297,5.318677294385308,23681.19019074391,4916.665518553655,0.0
4970,21366.146491056046,2136.6146491056047,-55.51761397256632,-0.24760701842873045,1315.0436996878634,5.5531148945455655,23681.19019074391,4916.665518553655,0.0
4971,21316.049296385692,2131.604929638569,-50.09719467035393,-0.22398670548986477,1365.1408943582173,5.764663360931072,23681.19019074391,4916.665518553655,0.0
4972,21316.049296385692,2131.604929638569,0.0,0.0,1365.1408943582173,5.764663360931072,23681.19019074391,0.0,0.0
4973,21316.049296385692,2131.604929638569,0.0,0.0,1365.1408943582173,5.764663360931072,23681.19019074391,0.0,0.0
4974,21316.049296385692,2131.604929638569,0.0,0.0,1365.1408943582173,5.764663360931072,23681.19019074391,0.0,0.0
4975,21316.049296385692,2131.604929638569,0.0,0.0,1365.1408943582173,5.764663360931072,23681.19019074391,0.0,0.0
4976,21316.049296385692,2131.604929638569,0.0,0.0,1365.1408943582173,5.764663360931072,23681.19019074391,0.0,0.0
4977,21316.049296385692,2131.604929638569,0.0,0.0,1365.1408943582173,5.764663360931072,23681.19019074391,0.0,0.0
4978,21316.049296385692,2131.604929638569,0.0,0.0,1365.1408943582173,5.764663360931072,23681.19019074391,0.0,0.0
4979,21316.049296385692,2131.604929638569,0.0,0.0,1365.1408943582173,5.764663360931072,23681.19019074391,0.0,0.0
4980,21316.049296385692,2131.604929638569,0.0,0.0,1365.1408943582173,5.764663360931072,23681.19019074391,0.0,0.0
4981,21316.049296385692,2131.604929638569,0.0,0.0,1365.1408943582173,5.764663360931072,23681.19019074391,0.0,0.0
4982,21316.049296385692,2131.604929638569,0.0,0.0,1365.1408943582173,5.764663360931072,23681.19019074391,0.0,0.0
4983,21316.049296385692,2131.604929638569,0.0,0.0,1365.1408943582173,5.764663360931072,23681.19019074391,0.0,0.0
4984,21316.049296385692,2131.604929638569,0.0,0.0,1365.1408943582173,5.764663360931072,23681.19019074391,0.0,0.0
4985,21316.049296385692,2131.604929638569,0.0,0.0,1365.1408943582173,5.764663360931072,23681.19019074391,0.0,0.0
4986,21316.049296385692,2131.604929638569,0.0,0.0,1365.1408943582173,5.764663360931072,23681.19019074391,0.0,0.0
4987,21316.049296385692,2131.604929638569,0.0,0.0,1365.1408943582173,5.764663360931072,23681.19019074391,0.0,0.0
4988,21316.049296385692,2131.604929638569,0.0,0.0,1365.1408943582173,5.764663360931072,23681.19019074391,0.0,0.0
4989,21316.049296385692,2131.604929638569,0.0,0.0,1365.1408943582173,5.764663360931072,23681.19019074391,0.0,0.0
4990,21316.049296385692,2131.604929638569,0.0,0.0,1365.1408943582173,5.764663360931072,23681.19019074391,0.0,0.0
4991,21316.049296385692,2131.604929638569,0.0,0.0,1365.1408943582173,5.764663360931072,23681.19019074391,0.0,0.0
4992,21316.049296385692,2131.604929638569,0.0,0.0,1365.1408943582173,5.764663360931072,23681.19019074391,0.0,0.0
4993,21316.049296385692,2131.604929638569,0.0,0.0,1365.1408943582173,5.764663360931072,23681.19019074391,0.0,0.0
4994,21316.049296385692,2131.604929638569,0.0,0.0,1365.1408943582173,5.764663360931072,23681.19019074391,0.0,0.0
4995,21316.049296385692,2131.604929638569,0.0,0.0,1365.1408943582173,5.764663360931072,23681.19019074391,0.0,0.0
4996,21316.049296385692,2131.604929638569,0.0,0.0,1365.1408943582173,5.764663360931072,23681.19019074391,0.0,0.0
4997,21316.049296385692,2131.604929638569,0.0,0.0,1365.1408943582173,5.764663360931072,23681.19019074391,0.0,0.0
4998,21316.049296385692,2131.604929638569,0.0,0.0,1365.1408943582173,5.764663360931072,23681.19019074391,0.0,0.0
4999,21316.049296385692,2131.604929638569,0.0,0.0,1365.1408943582173,5.764663360931072,23681.19019074391,0.0,0.0
5000,21316.049296385692,2131.604929638569,0.0,0.0,1365.1408943582173,5.764663360931072,23681.19019074391,0.0,0.0
5001,21316.049296385692,2131.604929638569,0.0,0.0,1365.1408943582173,5.764663360931072,23681.19019074391,0.0,0.0
5002,21316.049296385692,2131.604929638569,0.0,0.0,1365.1408943582173,5.764663360931072,23681.19019074391,0.0,0.0
5003,21316.049296385692,2131.604929638569,0.0,0.0,1365.1408943582173,5.764663360931072,23681.19019074391,0.0,0.0
5004,21316.049296385692,2131.604929638569,0.0,0.0,1365.1408943582173,5.764663360931072,23681.19019074391,0.0,0.0
5005,21316.049296385692,2131.604929638569,0.0,0.0,1365.1408943582173,5.764663360931072,23681.19019074391,0.0,0.0
5006,21316.049296385692,2131.604929638569,0.0,0.0,1365.1408943582173,5.764663360931072,23681.19019074391,0.0,0.0
5007,21316.049296385692,2131.604929638569,0.0,0.0,1365.1408943582173,5.764663360931072,23681.19019074391,0.0,0.0
5008,21316.049296385692,2131.604929638569,0.0,0.0,1365.1408943582173,5.764663360931072,23681.19019074391,0.0,0.0
5009,21316.049296385692,2131.604929638569,0.0,0.0,1365.1408943582173,5.764663360931072,23681.19019074391,0.0,0.0
5010,21316.049296385692,2131.604929638569,0.0,0.0,1365.1408943582173,5.764663360931072,23681.19019074391,0.0,0.0
5011,21316.049296385692,2131.604929638569,0.0,0.0,1365.1408943582173,5.764663360931072,23681.19019074391,0.0,0.0
5012,21316.049296385692,2131.604929638569,0.0,0.0,1365.1408943582173,5.764663360931072,23681.19019074391,0.0,0.0
5013,21316.049296385692,2131.604929638569,0.0,0.0,1365.1408943582173,5.764663360931072,23681.19019074391,0.0,0.0
5014,21316.049296385692,2131.604929638569,0.0,0.0,1365.1408943582173,5.764663360931072,23681.19019074391,0.0,0.0
5015,21316.049296385692,2131.604929638569,0.0,0.0,1365.1408943582173,5.764663360931072,23681.19019074391,0.0,0.0
5016,21316.049296385692,2131.604929638569,0.0,0.0,1365.1408943582173,5.764663360931072,23681.19019074391,0.0,0.0
5017,21316.049296385692,2131.604929638569,0.0,0.0,1365.1408943582173,5.764663360931072,23681.19019074391,0.0,0.0
5018,21316.049296385692,2131.604929638569,0.0,0.0,1365.1408943582173,5.764663360931072,23681.19019074391,0.0,0.0
5019,21316.049296385692,2131.604929638569,0.0,0.0,1365.1408943582173,5.764663360931072,23681.19019074391,0.0,0.0
5020,21316.049296385692,2131.604929638569,0.0,0.0,1365.1408943582173,5.764663360931072,23681.19019074391,0.0,0.0
5021,21293.75554084485,2129.375554084485,-22.29375554084254,-0.09990009990008542,1387.4346498990599,5.858804556374688,23681.19019074391,0.0,0.0
5022,21161.963909936774,2116.196390993677,-131.7916309080756,-0.5911593973775164,1519.2262808071355,6.4153290800432154,23681.19019074391,0.0,-131.7916309080756
5023,21930.17467251545,2193.0174672515454,768.2107625786775,3.4663478638471856,751.015518228458,3.171358838720876,23681.19019074391,636.4191316706019,-131.7916309080756
5024,22034.222507369333,2203.422250736933,104.0478348538818,0.4537594516390575,646.9676833745762,2.7319897275579144,23681.19019074391,740.4669665244837,-131.7916309080756
5025,21931.910478925707,2193.1910478925706,-102.31202844362633,-0.44417400418396147,749.2797118182025,3.16402894357509,23681.19019074391,740.4669665244837,-131.7916309080756
5026,21845.20483189626,2184.520483189626,-86.7056470294483,-0.37810040776642406,835.9853588476508,3.5301661450040047,23681.19019074391,740.4669665244837,-131.7916309080756
5027,21973.527496030176,2197.3527496030174,128.322664133917,0.5617050277209712,707.6626947137338,2.9882902380064182,23681.19019074391,740.4669665244837,-131.7916309080756
5028,21918.037257875432,2191.8037257875435,-55.490238154743565,-0.24153991225044358,763.1529328684774,3.2226122366381964,23681.19019074391,740.4669665244837,-131.7916309080756
5029,21942.314733201827,2194.2314733201824,24.27747532639478,0.1059317386267633,738.8754575420826,3.120094267182911,23681.19019074391,740.4669665244837,-131.7916309080756
5030,21833.064771209883,2183.3064771209883,-109.24996199194356,-0.4761941559185301,848.1254195340262,3.5814307165419694,23681.19019074391,740.4669665244837,-131.7916309080756
5031,21448.091486715417,2144.8091486715416,-384.9732844944665,-1.6860342155201047,1233.0987040284926,5.207080784776032,23681.19019074391,740.4669665244837,-131.7916309080756
5032,21316.29985580734,2131.6299855807342,-131.7916309080756,-0.5870950365026273,1364.8903349365683,5.76360530844456,23681.19019074391,740.4669665244837,-131.7916309080756
5033,21633.642841460693,2163.364284146069,317.3429856533512,1.422023308988507,1047.547349283217,4.4235418103802235,23681.19019074391,740.4669665244837,-131.7916309080756
5034,21850.406959034317,2185.0406959034317,216.7641175736244,0.9577075996646478,830.7832317095927,3.5081988068079224,23681.19019074391,740.4669665244837,-131.7916309080756
5035,21866.01334044849,2186.6013340448494,15.606381414174393,0.06829804581665044,815.1768502954183,3.4422967922196763,23681.19019074391,740.4669665244837,-131.7916309080756
5036,21812.25626265765,2181.225626265765,-53.75707779084041,-0.23509597843077712,868.9339280862587,3.669300069326298,23681.19019074391,740.4669665244837,-131.7916309080756
5037,22093.181712298236,2209.3181712298237,280.9254496405847,1.2314671832809543,588.008478445674,2.483019112255196,23681.19019074391,799.4261714533859,-131.7916309080756
5038,22190.291613603804,2219.0291613603804,97.1099013055682,0.42051330351700056,490.8985771401058,2.0729472344341024,23681.19019074391,896.5360727589541,-131.7916309080756
5039,22034.222507369333,2203.422250736933,-156.06910623447038,-0.6729932888938639,646.9676833745762,2.7319897275579144,23681.19019074391,896.5360727589541,-131.7916309080756
5040,22108.78809371241,2210.878809371241,74.56558634307657,0.32371653229981145,572.4020970314996,2.41711709766695,23681.19019074391,896.5360727589541,-131.7916309080756
5041,22254.455591717116,2225.445559171712,145.66749800470643,0.630355418960038,426.73459902679315,1.8019981073146725,23681.19019074391,960.7000508722667,-131.7916309080756
5042,22032.489347005434,2203.2489347005435,-221.96624471168252,-0.9545106048010177,648.7008437384757,2.7393084490830555,23681.19019074391,960.7000508722667,-131.7916309080756
5043,22129.599248311002,2212.9599248311,97.1099013055682,0.4216213881292674,551.5909424329075,2.329236571261962,23681.19019074391,960.7000508722667,-131.7916309080756
5044,21680.461985703216,2168.0461985703214,-449.1372626077864,-1.9418289862526805,1000.7282050406939,4.225835766615485,23681.19019074391,960.7000508722667,-131.7916309080756
5045,21120.34424678595,2112.0344246785953,-560.1177389172663,-2.4696046282934647,1560.8459439579601,6.591078959232533,23681.19019074391,960.7000508722667,-173.41129405890024
5046,21716.879521715982,2171.687952171598,596.5352749300328,2.696772112923651,964.3106690279274,4.07205322562225,23681.19019074391,960.7000508722667,-173.41129405890024
5047,21683.930952477374,2168.3930952477376,-32.94856923860789,-0.14504003160782375,997.2592382665352,4.211187149944543,23681.19019074391,960.7000508722667,-173.41129405890024
5048,21571.21466975763,2157.121466975763,-112.7162827197426,-0.4968992497635494,1109.9755209862778,4.687161042353884,23681.19019074391,960.7000508722667,-173.41129405890024
5049,21357.916872911806,2135.791687291181,-213.29779684582536,-0.9449991946229419,1323.2733178321032,5.587866602875903,23681.19019074391,960.7000508722667,-173.41129405890024
5050,21586.821051171806,2158.6821051171805,228.90417825999975,1.0238171094433923,1094.3691395721034,4.621259027765637,23681.19019074391,960.7000508722667,-173.41129405890024
5051,21455.02942026373,2145.502942026373,-131.7916309080756,-0.5834890647492763,1226.160770480179,5.177783551434165,23681.19019074391,960.7000508722667,-173.41129405890024
5052,21487.975343455983,2148.7975343455983,32.94592319225194,0.14671957259837498,1193.2148472879271,5.038660800732516,23681.19019074391,960.7000508722667,-173.41129405890024
5053,21822.660516933767,2182.2660516933765,334.6851734777847,1.4882850428559191,858.5296738101424,3.6253653929341336,23681.19019074391,960.7000508722667,-173.41129405890024
5054,22190.291613603804,2219.0291613603804,367.63109667003664,1.6108161289840162,490.8985771401058,2.0729472344341024,23681.19019074391,960.7000508722667,-173.41129405890024
5055,21768.903439142927,2176.8903439142928,-421.38817446087705,-1.81708872610159,912.2867516009828,3.8523686700407547,23681.19019074391,960.7000508722667,-173.41129405890024
5056,21460.23154740179,2146.023154740179,-308.6718917411381,-1.3556730677266038,1220.958643342121,5.155816213238083,23681.19019074391,960.7000508722667,-173.41129405890024
5057,21649.249222874867,2164.924922287487,189.01767547307827,0.8415660144649895,1031.9409678690427,4.357639795791977,23681.19019074391,960.7000508722667,-173.41129405890024
5058,22035.955667733237,2203.5955667733238,386.70644485836965,1.7073698163372786,645.234523010673,2.724671006032758,23681.19019074391,960.7000508722667,-173.41129405890024
5059,22223.24018284241,2222.324018284241,187.28451510917512,0.8130095308852558,457.9500079014979,1.9338133101118093,23681.19019074391,960.7000508722667,-173.41129405890024
5060,22226.709149616567,2222.6709149616568,3.4689667741549783,0.014937479640408924,454.4810411273429,1.9191646934408835,23681.19019074391,960.7000508722667,-173.41129405890024
5061,22237.113403892687,2223.7113403892686,10.4042542761199,0.044794353815258425,444.076786851223,1.8752300170487037,23681.19019074391,960.7000508722667,-173.41129405890024
5062,22613.415594474936,2261.3415594474936,376.30219058224975,1.61940161861589,67.77459626897326,0.28619590368166464,23681.19019074391,1319.6600536300866,-173.41129405890024
5063,22521.50782030743,2252.150782030743,-91.90777416750643,-0.3892184669337384,159.6823704364797,0.674300443306661,23681.19019074391,1319.6600536300866,-173.41129405890024
5064,22337.69227197241,2233.769227197241,-183.81554833502014,-0.7814785928660695,343.4979187714998,1.4505095225566842,23681.19019074391,1319.6600536300866,-173.41129405890024
5065,21604.16323899624,2160.416323899624,-733.5290329761701,-3.14310868627361,1077.02695174767,4.54802711803159,23681.19019074391,1319.6600536300866,-173.41129405890024
5066,21510.519658418474,2151.0519658418475,-93.64358057776553,-0.41427581099845456,1170.6705323254355,4.943461552802388,23681.19019074391,1319.6600536300866,-173.41129405890024
5067,21493.1801166404,2149.31801166404,-17.339541778073908,-0.07702861613676504,1188.0100741035094,5.016682288915774,23681.19019074391,1319.6600536300866,-173.41129405890024
5068,21338.844170769833,2133.884417076983,-154.33594587056723,-0.6861455119740456,1342.3460199740766,5.66840606051443,23681.19019074391,1319.6600536300866,-173.41129405890024
5069,20974.6793948276,2097.46793948276,-364.164775942234,-1.6301862941447087,1706.5107959163106,7.206186775964165,23681.19019074391,1319.6600536300866,-319.0761460172507
5070,20863.696272471756,2086.3696272471757,-110.98312235584308,-0.5050500185316276,1817.4939182721537,7.674841946848364,23681.19019074391,1319.6600536300866,-430.0592683730938
5071,20992.02025962885,2099.2020259628853,128.32398715709496,0.586927231140999,1689.1699311150587,7.132960453040456,23681.19019074391,1319.6600536300866,-430.0592683730938
5072,20467.638115011152,2046.7638115011152,-524.3821446176989,-2.3844200688570516,2213.5520757327577,9.347300781351574,23681.19019074391,1319.6600536300866,-826.1174258336978
5073,20467.638115011152,2046.7638115011152,0.0,0.0,2213.5520757327577,9.347300781351574,23681.19019074391,0.0,0.0
5074,20467.638115011152,2046.7638115011152,0.0,0.0,2213.5520757327577,9.347300781351574,23681.19019074391,0.0,0.0
5075,20467.638115011152,2046.7638115011152,0.0,0.0,2213.5520757327577,9.347300781351574,23681.19019074391,0.0,0.0
5076,20467.638115011152,2046.7638115011152,0.0,0.0,2213.5520757327577,9.347300781351574,23681.19019074391,0.0,0.0
5077,20467.638115011152,2046.7638115011152,0.0,0.0,2213.5520757327577,9.347300781351574,23681.19019074391,0.0,0.0
5078,20467.638115011152,2046.7638115011152,0.0,0.0,2213.5520757327577,9.347300781351574,23681.19019074391,0.0,0.0
5079,20467.638115011152,2046.7638115011152,0.0,0.0,2213.5520757327577,9.347300781351574,23681.19019074391,0.0,0.0
5080,20467.638115011152,2046.7638115011152,0.0,0.0,2213.5520757327577,9.347300781351574,23681.19019074391,0.0,0.0
5081,20467.638115011152,2046.7638115011152,0.0,0.0,2213.5520757327577,9.347300781351574,23681.19019074391,0.0,0.0
5082,20467.638115011152,2046.7638115011152,0.0,0.0,2213.5520757327577,9.347300781351574,23681.19019074391,0.0,0.0
5083,20467.638115011152,2046.7638115011152,0.0,0.0,2213.5520757327577,9.347300781351574,23681.19019074391,0.0,0.0
5084,20467.638115011152,2046.7638115011152,0.0,0.0,2213.5520757327577,9.347300781351574,23681.19019074391,0.0,0.0
5085,20467.638115011152,2046.7638115011152,0.0,0.0,2213.5520757327577,9.347300781351574,23681.19019074391,0.0,0.0
5086,20467.638115011152,2046.7638115011152,0.0,0.0,2213.5520757327577,9.347300781351574,23681.19019074391,0.0,0.0
5087,20467.638115011152,2046.7638115011152,0.0,0.0,2213.5520757327577,9.347300781351574,23681.19019074391,0.0,0.0
5088,20467.638115011152,2046.7638115011152,0.0,0.0,2213.5520757327577,9.347300781351574,23681.19019074391,0.0,0.0
5089,20467.638115011152,2046.7638115011152,0.0,0.0,2213.5520757327577,9.347300781351574,23681.19019074391,0.0,0.0
5090,20467.638115011152,2046.7638115011152,0.0,0.0,2213.5520757327577,9.347300781351574,23681.19019074391,0.0,0.0
5091,20467.638115011152,2046.7638115011152,0.0,0.0,2213.5520757327577,9.347300781351574,23681.19019074391,0.0,0.0
5092,20467.638115011152,2046.7638115011152,0.0,0.0,2213.5520757327577,9.347300781351574,23681.19019074391,0.0,0.0
5093,20467.638115011152,2046.7638115011152,0.0,0.0,2213.5520757327577,9.347300781351574,23681.19019074391,0.0,0.0
5094,20467.638115011152,2046.7638115011152,0.0,0.0,2213.5520757327577,9.347300781351574,23681.19019074391,0.0,0.0
5095,20467.638115011152,2046.7638115011152,0.0,0.0,2213.5520757327577,9.347300781351574,23681.19019074391,0.0,0.0
5096,20467.638115011152,2046.7638115011152,0.0,0.0,2213.5520757327577,9.347300781351574,23681.19019074391,0.0,0.0
5097,20467.638115011152,2046.7638115011152,0.0,0.0,2213.5520757327577,9.347300781351574,23681.19019074391,0.0,0.0
5098,20467.638115011152,2046.7638115011152,0.0,0.0,2213.5520757327577,9.347300781351574,23681.19019074391,0.0,0.0
5099,20467.638115011152,2046.7638115011152,0.0,0.0,2213.5520757327577,9.347300781351574,23681.19019074391,0.0,0.0
5100,20467.638115011152,2046.7638115011152,0.0,0.0,2213.5520757327577,9.347300781351574,23681.19019074391,0.0,0.0
5101,20467.638115011152,2046.7638115011152,0.0,0.0,2213.5520757327577,9.347300781351574,23681.19019074391,0.0,0.0
5102,20467.638115011152,2046.7638115011152,0.0,0.0,2213.5520757327577,9.347300781351574,23681.19019074391,0.0,0.0
5103,20467.638115011152,2046.7638115011152,0.0,0.0,2213.5520757327577,9.347300781351574,23681.19019074391,0.0,0.0
5104,20467.638115011152,2046.7638115011152,0.0,0.0,2213.5520757327577,9.347300781351574,23681.19019074391,0.0,0.0
5105,20467.638115011152,2046.7638115011152,0.0,0.0,2213.5520757327577,9.347300781351574,23681.19019074391,0.0,0.0
5106,20467.638115011152,2046.7638115011152,0.0,0.0,2213.5520757327577,9.347300781351574,23681.19019074391,0.0,0.0
5107,20467.638115011152,2046.7638115011152,0.0,0.0,2213.5520757327577,9.347300781351574,23681.19019074391,0.0,0.0
5108,20467.638115011152,2046.7638115011152,0.0,0.0,2213.5520757327577,9.347300781351574,23681.19019074391,0.0,0.0
5109,20467.638115011152,2046.7638115011152,0.0,0.0,2213.5520757327577,9.347300781351574,23681.19019074391,0.0,0.0
5110,20446.191923088067,2044.6191923088065,-21.44619192308528,-0.09990009990008542,2234.998267655843,9.43786291843313,23681.19019074391,0.0,0.0
5111,20374.101013114738,2037.410101311474,-72.09090997332896,-0.3361478356244674,2307.089177629172,9.742285582128076,23681.19019074391,0.0,-72.09090997332896
5112,20652.404593624087,2065.2404593624087,278.30358050934956,1.30205981687177,2028.7855971198223,8.567076151066084,23681.19019074391,206.2126705360206,-72.09090997332896
5113,20620.552642094557,2062.055264209456,-31.851951529530197,-0.14710583940829025,2060.6375486493525,8.701579321189602,23681.19019074391,206.2126705360206,-72.09090997332896
5114,20654.082762462203,2065.4082762462203,33.530120367646305,0.1550844741237789,2027.1074282817062,8.559989645596557,23681.19019074391,207.8908393741367,-72.09090997332896
5115,20786.527633278878,2078.652763327888,132.44487081667467,0.6116392565298057,1894.6625574650316,8.000706646094098,23681.19019074391,340.33571019081137,-72.09090997332896
5116,20419.36808261237,2041.9368082612373,-367.15955066650713,-1.685259610189882,2261.8221081315387,9.55113357864758,23681.19019074391,340.33571019081137,-72.09090997332896
5117,20786.527633278878,2078.652763327888,367.15955066650713,1.7141474447351035,1894.6625574650316,8.000706646094098,23681.19019074391,340.33571019081137,-72.09090997332896
5118,20820.057753646524,2082.0057753646524,33.530120367646305,0.15390300341586727,1861.1324370973853,7.859116970501052,23681.19019074391,373.8658305584577,-72.09090997332896
5119,20791.557023424815,2079.1557023424816,-28.50073022170909,-0.1306171163407921,1889.6331673190944,7.979468734885129,23681.19019074391,373.8658305584577,-72.09090997332896
5120,20903.884333657745,2090.3884333657747,112.32731023292945,0.5154625257487666,1777.305857086165,7.50513738021853,23681.19019074391,457.69241056967803,-72.09090997332896
5121,20766.410072695133,2076.6410072695135,-137.47426096261188,-0.6276250315628618,1914.7801180487768,8.085658290929958,23681.19019074391,457.69241056967803,-72.09090997332896
5122,20784.852022624968,2078.485202262497,18.441949929834664,0.08472664931076235,1896.3381681189421,8.007782348963818,23681.19019074391,457.69241056967803,-72.09090997332896
5123,21076.56688382612,2107.6566883826117,291.7148612011515,1.3390720345412,1604.6233069177906,6.775940288444531,23681.19019074391,630.3749607380523,-72.09090997332896
5124,21157.042242529515,2115.7042242529515,80.47535870339561,0.36452841208003406,1524.147948214395,6.436112103901465,23681.19019074391,710.8503194414479,-72.09090997332896
5125,21116.80456317782,2111.680456317782,-40.23767935169599,-0.1816022143716567,1564.385627566091,6.60602619617299,23681.19019074391,710.8503194414479,-72.09090997332896
5126,21366.608692557562,2136.660869255756,249.80412937974324,1.1294765872084556,1314.5814981863477,5.551163128195172,23681.19019074391,920.4167694694952,-72.09090997332896
5127,21279.42833305432,2127.942833305432,-87.18035950324338,-0.3897790706744564,1401.7618576895911,5.919304926816927,23681.19019074391,920.4167694694952,-72.09090997332896
5128,20964.23957359319,2096.423957359319,-315.18875946112894,-1.4147075712598434,1716.95061715072,7.250271643111129,23681.19019074391,920.4167694694952,-72.09090997332896
5129,21497.377952720326,2149.7377952720326,533.1383791271364,2.427301784524838,1183.8122380235836,4.998955831562434,23681.19019074391,1051.1860296322593,-72.09090997332896
5130,20820.057753646524,2082.0057753646524,-677.3201990738016,-3.010662844786771,1861.1324370973853,7.859116970501052,23681.19019074391,1051.1860296322593,-72.09090997332896
5131,21017.889812728787,2101.7889812728786,197.83205908226228,0.9066523164871221,1663.300378015123,7.02371952008242,23681.19019074391,1051.1860296322593,-72.09090997332896
5132,20905.56250249586,2090.5562502495864,-112.32731023292581,-0.5101638312677403,1775.6276882480488,7.498050874749003,23681.19019074391,1051.1860296322593,-72.09090997332896
5133,21162.071632675452,2116.207163267545,256.509130179591,1.1709771440489902,1519.1185580684578,6.414874192692495,23681.19019074391,1051.1860296322593,-72.09090997332896
5134,21589.58770236951,2158.958770236951,427.5160696940584,1.9290438041168256,1091.6024883743994,4.609576121731694,23681.19019074391,1143.3957792814435,-72.09090997332896
5135,21614.734653099193,2161.473465309919,25.14695072968243,0.11132098142296876,1066.455537644717,4.503386565686865,23681.19019074391,1168.542730011126,-72.09090997332896
5136,21768.97525333773,2176.897525333773,154.240600238536,0.6820358611521415,912.214937406181,3.8520654158790197,23681.19019074391,1322.783330249662,-72.09090997332896
5137,22188.108153393823,2218.8108153393823,419.1329000560945,1.8408070428846068,493.08203735008647,2.0821674644664343,23681.19019074391,1741.9162303057565,-72.09090997332896
5138,21904.77390364643,2190.477390364643,-283.3342497473932,-1.221894636134535,776.4162870974797,3.2786202080373124,23681.19019074391,1741.9162303057565,-72.09090997332896
5139,21869.568172624873,2186.956817262487,-35.20573102155686,-0.15370477425211693,811.6220181190365,3.427285586500078,23681.19019074391,1741.9162303057565,-72.09090997332896
5140,22082.48584396074,2208.2485843960744,212.91767133586836,0.9310087087290642,598.7043467831681,2.5281852050543443,23681.19019074391,1741.9162303057565,-72.09090997332896
5141,22159.607423172114,2215.9607423172115,77.12157921137259,0.33411297090235603,521.5827675717956,2.2025192288505107,23681.19019074391,1741.9162303057565,-72.09090997332896
5142,22064.04645221511,2206.4046452215107,-95.56097095700534,-0.41261913127850214,617.1437385288009,2.606050344420692,23681.19019074391,1741.9162303057565,-72.09090997332896
5143,21354.871743427575,2135.4871743427575,-709.1747087875337,-3.0748061067984223,1326.3184473163346,5.60072545608262,23681.19019074391,1741.9162303057565,-72.09090997332896
5144,21338.107962335853,2133.8107962335853,-16.763781091722194,-0.07498938613526018,1343.0822284080568,5.671514892579248,23681.19019074391,1741.9162303057565,-72.09090997332896
5145,21071.53749368018,2107.153749368018,-266.570468655671,-1.1933439891379072,1609.6526970637278,6.797178199653499,23681.19019074391,1741.9162303057565,-72.09090997332896
5146,20821.73592248464,2082.173592248464,-249.80157119554133,-1.1317814686315653,1859.4542682592692,7.852030465031526,23681.19019074391,1741.9162303057565,-72.09090997332896
5147,21277.752722400408,2127.775272240041,456.0167999157675,2.089736588947977,1403.4374683435017,5.926380629686649,23681.19019074391,1741.9162303057565,-72.09090997332896
5148,21007.831032436916,2100.7831032436916,-269.9216899634921,-1.2116199211246514,1673.3591583069938,7.0661953425003405,23681.19019074391,1741.9162303057565,-72.09090997332896
5149,20917.296893441646,2091.7296893441644,-90.53413899527004,-0.4113723831386862,1763.8932973022638,7.448499349461344,23681.19019074391,1741.9162303057565,-72.09090997332896
5150,20979.330302215207,2097.9330302215208,62.03340877356095,0.2830340304972756,1701.8598885287029,7.186547106884417,23681.19019074391,1741.9162303057565,-72.09090997332896
5151,21266.015773270417,2126.601577327042,286.68547105521066,1.3043412474961436,1415.1744174734922,5.975942957574112,23681.19019074391,1741.9162303057565,-72.09090997332896
5152,21416.905152201136,2141.6905152201134,150.88937893071852,0.6776667207424536,1264.2850385427737,5.338773213505694,23681.19019074391,1741.9162303057565,-72.09090997332896
5153,21750.533303407894,2175.0533303407897,333.62815120675805,1.4882881867125164,930.6568873360156,3.9299413578451583,23681.19019074391,1741.9162303057565,-72.09090997332896
5154,21557.73319265577,2155.773319265577,-192.80011075212315,-0.8474531483762759,1123.4569980881388,4.744090094455034,23681.19019074391,1741.9162303057565,-72.09090997332896
5155,21626.47160222918,2162.647160222918,68.73840957340872,0.3047221499888453,1054.71858851473,4.453824237799417,23681.19019074391,1741.9162303057565,-72.09090997332896
5156,21592.93892367733,2159.293892367733,-33.53267855184822,-0.14820109445851104,1088.2512670665783,4.595424715992252,23681.19019074391,1741.9162303057565,-72.09090997332896
5157,21802.505373705375,2180.2505373705376,209.56645002804362,0.9275749858661309,878.6848170385347,3.710475740285975,23681.19019074391,1741.9162303057565,-72.09090997332896
5158,21547.6744123639,2154.76744123639,-254.8309613414749,-1.1175568524822377,1133.5157783800096,4.786565916872956,23681.19019074391,1741.9162303057565,-72.09090997332896
5159,21641.55977266699,2164.155977266699,93.88536030309115,0.4163860032128541,1039.6304180769184,4.39011050417251,23681.19019074391,1741.9162303057565,-72.09090997332896
5160,21619.76404324513,2161.976404324513,-21.795729421861324,-0.09626425758959556,1061.4261474987798,4.482148654477896,23681.19019074391,1741.9162303057565,-72.09090997332896
5161,21706.944402748373,2170.6944402748372,87.18035950324338,0.3854167503098971,974.2457879955364,4.1140068558561405,23681.19019074391,1741.9162303057565,-72.09090997332896
5162,21651.618552958866,2165.1618552958867,-55.32584978950763,-0.24365167240560925,1029.571637785044,4.347634681754572,23681.19019074391,1741.9162303057565,-72.09090997332896
5163,22062.368283376996,2206.2368283377,410.74973041813064,1.813335013821682,618.8219073669134,2.613136849890204,23681.19019074391,1741.9162303057565,-72.09090997332896
5164,22070.751453014956,2207.0751453014955,8.383169637960236,0.036349994653428475,610.4387377289531,2.5777367303420027,23681.19019074391,1741.9162303057565,-72.09090997332896
5165,21919.864632268447,2191.9864632268445,-150.88682074650933,-0.6540177984830753,761.3255584754625,3.2148956718106003,23681.19019074391,1741.9162303057565,-72.09090997332896
5166,22043.926333447158,2204.3926333447157,124.06170117871079,0.541284615634452,637.2638572967517,2.691012791856358,23681.19019074391,1741.9162303057565,-72.09090997332896
5167,22060.692672723086,2206.0692672723085,16.76633927592775,0.07275817077923019,620.4975180208239,2.620212552759925,23681.19019074391,1741.9162303057565,-72.09090997332896
5168,22213.25766230771,2221.325766230771,152.56498958462544,0.6615802558484374,467.9325284361985,1.9759671058218002,23681.19019074391,1767.0657392196445,-72.09090997332896
5169,22431.204723789517,2243.1204723789515,217.94706148180558,0.938890459289965,249.9854669543929,1.055628813167097,23681.19019074391,1985.01280070145,-72.09090997332896
5170,22199.84510252381,2219.984510252381,-231.35962126570666,-0.9873995980702155,481.34508822009957,2.0326051365789857,23681.19019074391,1985.01280070145,-72.09090997332896
5171,22266.905343259106,2226.690534325911,67.06024073529625,0.289054691697066,414.2848474848033,1.74942578539288,23681.19019074391,1985.01280070145,-72.09090997332896
5172,22171.3443723021,2217.13443723021,-95.56097095700534,-0.41071629229235684,509.84581844180866,2.1529569009630616,23681.19019074391,1985.01280070145,-72.09090997332896
5173,22417.792164005616,2241.7792164005614,246.44779170351467,1.0635886625469437,263.398026738294,1.1122668439242822,23681.19019074391,1985.01280070145,-72.09090997332896
5174,22479.825572779177,2247.9825572779177,62.03340877356095,0.2648986221207794,201.36461796473304,0.8503146013473551,23681.19019074391,2033.63364969111,-72.09090997332896
5175,22142.841083896186,2214.2841083896187,-336.98448888299026,-1.4352086553558796,538.3491068477233,2.2733194679469437,23681.19019074391,2033.63364969111,-72.09090997332896
5176,21738.79891246211,2173.8798912462107,-404.0421714340773,-1.745862446055635,942.3912782818006,3.9794928831328167,23681.19019074391,2033.63364969111,-72.09090997332896
5177,21785.741592613656,2178.574159261366,46.94268015154739,0.20644309460786658,895.4485981302532,3.7812651767825867,23681.19019074391,2033.63364969111,-72.09090997332896
5178,21631.500992375117,2163.1500992375118,-154.24060023853963,-0.6769171835449006,1049.6891983687929,4.432586326590447,23681.19019074391,2033.63364969111,-72.09090997332896
5179,21695.207453618386,2169.5207453618386,63.70646124326959,0.28149463557336496,985.9827371255233,4.16356918374359,23681.19019074391,2033.63364969111,-72.09090997332896
5180,21468.877222498617,2146.887722249862,-226.33023111976945,-0.9972600232111328,1212.3129682452927,5.119307595946509,23681.19019074391,2033.63364969111,-72.09090997332896
5181,21877.951342262837,2187.7951342262836,409.0741197642201,1.8206255511272529,803.2388484810726,3.391885466951862,23681.19019074391,2033.63364969111,-72.09090997332896
5182,21817.596102327392,2181.7596102327393,-60.35523993544484,-0.2638140060379879,863.5940884165175,3.646751204059263,23681.19019074391,2033.63364969111,-72.09090997332896
5183,22007.042433587485,2200.7042433587485,189.44633126009285,0.8302641979045733,674.1477571564246,2.8467646757886507,23681.19019074391,2033.63364969111,-72.09090997332896
5184,22203.196323831635,2220.3196323831635,196.1538902441498,0.8525819466381757,477.9938669122748,2.018453730839528,23681.19019074391,2033.63364969111,-72.09090997332896
5185,21722.032573186185,2172.2032573186184,-481.1637506454499,-2.0736959853727366,959.1576175577247,4.050293122229235,23681.19019074391,2033.63364969111,-72.09090997332896
5186,21214.043702972936,2121.4043702972936,-507.98887021324845,-2.2356664993637754,1467.1464877709732,6.195408575133296,23681.19019074391,2033.63364969111,-72.09090997332896
5187,21463.84783235268,2146.384783235268,249.80412937974324,1.1245324476709895,1217.34235839123,5.140545507155479,23681.19019074391,2033.63364969111,-72.09090997332896
5188,21574.496973747493,2157.449697374749,110.64914139481334,0.49256539761390883,1106.6932169964166,4.673300657958406,23681.19019074391,2033.63364969111,-72.09090997332896
5189,22580.415933882115,2258.0415933882114,1005.9189601346225,4.455997231320086,100.77425686179413,0.42554557456822,23681.19019074391,2134.224010794049,-72.09090997332896
5190,22818.485672316077,2281.848567231608,238.0697384339619,1.0096078843625733,0.0,0.0,23818.485672316077,2372.2937492280107,-72.09090997332896
5191,22726.275922666897,2272.6275922666896,-92.2097496491806,-0.38713523150782914,92.2097496491806,0.3871352315078318,23818.485672316077,2372.2937492280107,-72.09090997332896
5192,22915.722253926993,2291.5722253926992,189.44633126009649,0.7984663580478335,0.0,0.0,23915.722253926993,2469.5303308389266,-72.09090997332896
5193,22885.54591305137,2288.554591305137,-30.176340875623282,-0.1261778363004229,30.176340875623282,0.12617783630042068,23915.722253926993,2469.5303308389266,-72.09090997332896
5194,23566.217333432993,2356.621733343299,680.6714203816227,2.849721010603723,0.0,0.0,24566.217333432993,3120.025410344926,-72.09090997332896
5195,23440.477463416166,2344.0477463416164,-125.7398700168269,-0.5118405829850903,125.7398700168269,0.511840582985087,24566.217333432993,3120.025410344926,-72.09090997332896
5196,23747.28305323933,2374.7283053239335,306.80558982316506,1.255317496486752,0.0,0.0,24747.28305323933,3301.091130151264,-72.09090997332896
5197,23799.255123536812,2379.9255123536814,51.97207029748097,0.21001121693104974,0.0,0.0,24799.255123536812,3353.063200448745,-72.09090997332896
5198,24025.587912840787,2402.558791284079,226.332789303975,0.912659626978729,0.0,0.0,25025.587912840787,3579.39598975272,-72.09090997332896
5199,23951.82011312144,2395.1820113121444,-73.76779971934593,-0.29476949742904823,73.76779971934593,0.29476949742905023,25025.587912840787,3579.39598975272,-72.09090997332896
5200,23968.58389421316,2396.858389421316,16.763781091718556,0.06718460222829847,57.004018627627374,0.22778293491510043,25025.587912840787,3579.39598975272,-72.09090997332896
5201,23945.112554137388,2394.511255413739,-23.471340075771877,-0.09400348924558655,80.47535870339925,0.3215723002539606,25025.587912840787,3579.39598975272,-72.09090997332896
5202,24245.213143160705,2424.5213143160704,300.1005890233173,1.2030436357904684,0.0,0.0,25245.213143160705,3799.0212200726382,-72.09090997332896
5203,24057.442422554523,2405.7442422554523,-187.7707206061823,-0.743787424338116,187.7707206061823,0.743787424338115,25245.213143160705,3799.0212200726382,-72.09090997332896
5204,24047.381084078443,2404.7381084078443,-10.061338476079982,-0.04015309426401714,197.83205908226228,0.7836418649365131,25245.213143160705,3799.0212200726382,-72.09090997332896
5205,23886.43548304006,2388.643548304006,-160.94560103838376,-0.6425645878829656,358.77766012064603,1.421171047699568,25245.213143160705,3799.0212200726382,-72.09090997332896
5206,25001.327973915584,2500.132797391558,1114.8924908755253,4.479920363184653,0.0,0.0,26001.327973915584,4555.1360508275175,-72.09090997332896
5207,25388.606364257943,2538.8606364257944,387.27839034235876,1.48945619520231,0.0,0.0,26388.606364257943,4942.414441169876,-72.09090997332896
5208,25331.60490381452,2533.1604903814523,-57.00146044342182,-0.21600784693437403,57.00146044342182,0.21600784693437797,26388.606364257943,4942.414441169876,-72.09090997332896
5209,25645.115494437534,2564.511549443753,313.51059062301283,1.190624695183673,0.0,0.0,26645.115494437534,5198.923571349467,-72.09090997332896
5210,25754.091583362642,2575.409158336264,108.97608892510834,0.40899086719237143,0.0,0.0,26754.091583362642,5307.899660274576,-72.09090997332896
5211,25356.75441272841,2535.675441272841,-397.3371706342332,-1.4851454380208629,397.3371706342332,1.4851454380208602,26754.091583362642,5307.899660274576,-72.09090997332896
5212,25355.076243890293,2535.507624389029,-1.6781688381161075,-0.0063671300792100816,399.0153394723493,1.491418006958165,26754.091583362642,5307.899660274576,-72.09090997332896
5213,25396.989533895903,2539.6989533895903,41.91329000561018,0.15903308196776322,357.1020494667391,1.3347567730118983,26754.091583362642,5307.899660274576,-72.09090997332896
5214,25363.459413528257,2536.345941352826,-33.530120367646305,-0.12702251642973117,390.6321698343854,1.4600838478003297,26754.091583362642,5307.899660274576,-72.09090997332896
5215,25386.93075360403,2538.693075360403,23.471340075771877,0.08902981853635694,367.16082975861354,1.3723539392641422,26754.091583362642,5307.899660274576,-72.09090997332896
5216,25534.46635304272,2553.446635304272,147.53559943869186,0.5591237602294408,219.62523031992168,0.8209033359835635,26754.091583362642,5307.899660274576,-72.09090997332896
5217,25574.701474210215,2557.4701474210215,40.23512116749407,0.15163342888515619,179.3901091524276,0.6705146709746017,26754.091583362642,5307.899660274576,-72.09090997332896
5218,25707.148903211095,2570.7148903211096,132.44742900088022,0.4983966767394099,46.94268015154739,0.17545981707238856,26754.091583362642,5307.899660274576,-72.09090997332896
5219,25531.112573550694,2553.1112573550695,-176.03632966040095,-0.659135613083861,222.97900981194834,0.8334389120152768,26754.091583362642,5307.899660274576,-72.09090997332896
5220,25680.323783643296,2568.0323783643294,149.2112100926024,0.5624008781348833,73.76779971934593,0.2757253016402894,26754.091583362642,5307.899660274576,-72.09090997332896
5221,25527.758794058667,2552.775879405867,-152.56498958462907,-0.571825854970176,226.332789303975,0.8459744880469902,26754.091583362642,5307.899660274576,-72.09090997332896
5222,25571.350252902394,2557.1350252902394,43.591458843726286,0.16432394150647234,182.74133046024872,0.6830406851634186,26754.091583362642,5307.899660274576,-72.09090997332896
5223,25673.61878284345,2567.361878284345,102.26852994105502,0.3848826987250531,80.4728005191937,0.30078689186081986,26754.091583362642,5307.899660274576,-72.09090997332896
5224,25868.09450424948,2586.8094504249475,194.47572140603006,0.7290938773224065,0.0,0.0,26868.09450424948,5421.902581161412,-72.09090997332896
5225,25955.274863752726,2595.527486375273,87.18035950324702,0.3244754088886248,0.0,0.0,26955.274863752726,5509.082940664659,-72.09090997332896
5226,26129.635582759212,2612.9635582759215,174.36071900648676,0.64685194229257,0.0,0.0,27129.635582759212,5683.443659671146,-72.09090997332896
5227,25487.523672891173,2548.752367289117,-642.1119098680392,-2.366828363430351,642.1119098680392,2.366828363430355,27129.635582759212,5683.443659671146,-72.09090997332896
5228,25507.641233474922,2550.764123347492,20.117560583748855,0.07595108109081927,621.9943492842904,2.2926749140691207,27129.635582759212,5683.443659671146,-72.09090997332896
5229,25524.407572750846,2552.4407572750847,16.76633927592411,0.06325096649772988,605.2280100083663,2.230874086613189,27129.635582759212,5683.443659671146,-72.09090997332896
5230,25640.086104291597,2564.00861042916,115.67853154075055,0.43612107536603606,489.5494784676157,1.8044823233037552,27129.635582759212,5683.443659671146,-72.09090997332896
5231,25408.726483025894,2540.8726483025894,-231.35962126570303,-0.8684642397924991,720.9090997333187,2.657275279404984,27129.635582759212,5683.443659671146,-72.09090997332896
5232,25373.51819382013,2537.351819382013,-35.20828920576241,-0.1333206628816086,756.1173889390811,2.7870532452695054,27129.635582759212,5683.443659671146,-72.09090997332896
5233,25170.659302776137,2517.065930277614,-202.85889104399394,-0.7691764502300136,958.9762799830751,3.53479233828154,27129.635582759212,5683.443659671146,-72.09090997332896
5234,25185.747473213945,2518.574747321394,15.088170437808003,0.05765300087876568,943.8881095452671,3.4791772512606274,27129.635582759212,5683.443659671146,-72.09090997332896
5235,25269.574053225166,2526.9574053225165,83.82658001122036,0.32012292220020555,860.0615295340467,3.170191972945677,27129.635582759212,5683.443659671146,-72.09090997332896
5236,25695.411954081104,2569.5411954081105,425.83790085593864,1.621030854908967,434.22362867810807,1.600550908078012,27129.635582759212,5683.443659671146,-72.09090997332896
5237,25739.00341292483,2573.900341292483,43.591458843726286,0.16329195038724542,390.6321698343818,1.4398725284855176,27129.635582759212,5683.443659671146,-72.09090997332896
5238,24337.422892809886,2433.7422892809886,-1401.580520114945,-5.241708146226065,1792.212689949327,6.6061067590906815,27129.635582759212,5683.443659671146,-72.09090997332896
5239,24724.701283152244,2472.4701283152244,387.27839034235876,1.5284837450941335,1404.9342996069681,5.178596281992815,27129.635582759212,5683.443659671146,-72.09090997332896
5240,24662.67043256289,2466.2670432562886,-62.030850589355396,-0.24113341455972437,1466.9651501963235,5.4072423705115105,27129.635582759212,5683.443659671146,-72.09090997332896
5241,24632.491533503064,2463.249153350306,-30.1788990598252,-0.11759843598166952,1497.1440492561487,5.518481974035724,27129.635582759212,5683.443659671146,-72.09090997332896
5242,25013.06492304557,2501.306492304557,380.57338954250736,1.4847303823160463,1116.5706597136414,4.115686170230823,27129.635582759212,5683.443659671146,-72.09090997332896
5243,24800.1446935255,2480.01446935255,-212.92022952007028,-0.8185126595038006,1329.4908892337116,4.900511417405837,27129.635582759212,5683.443659671146,-72.09090997332896
5244,24932.589564342175,2493.2589564342175,132.44487081667467,0.513349333462898,1197.046018417037,4.412318826640471,27129.635582759212,5683.443659671146,-72.09090997332896
5245,25001.327973915584,2500.132797391558,68.73840957340872,0.2650657366972897,1128.3076088436283,4.158948635346447,27129.635582759212,5683.443659671146,-72.09090997332896
5246,25274.603443371103,2527.46034433711,273.27546945551876,1.0510058168170078,855.0321393881095,3.1516536106053685,27129.635582759212,5683.443659671146,-72.09090997332896
5247,25459.022942669464,2545.9022942669462,184.4194992983612,0.7018926078021792,670.6126400897483,2.4718822265195493,27129.635582759212,5683.443659671146,-72.09090997332896
5248,25433.873433755576,2543.3873433755575,-25.149508913887985,-0.09505078463547534,695.7621490036363,2.564583467703454,27129.635582759212,5683.443659671146,-72.09090997332896
5249,25284.662223662974,2528.466222366297,-149.2112100926024,-0.5644697152179856,844.9733590962387,3.1145768859247647,27129.635582759212,5683.443659671146,-72.09090997332896
5250,25737.325244086715,2573.7325244086715,452.6630204237408,1.722156505462813,392.3103386724979,1.446058268920537,27129.635582759212,5683.443659671146,-72.09090997332896
5251,25529.436962896783,2552.9436962896784,-207.88828118993115,-0.7775208600415584,600.198619862429,2.2123357242728803,27129.635582759212,5683.443659671146,-72.09090997332896
5252,25210.89442394363,2521.0894423943632,-318.54253895315196,-1.2007135296488003,918.741158815581,3.3864854395590838,27129.635582759212,5683.443659671146,-72.09090997332896
5253,25571.350252902394,2557.1350252902394,360.45582895876214,1.3752137684759358,558.2853298568189,2.057843085115405,27129.635582759212,5683.443659671146,-72.09090997332896
5254,25665.235613205485,2566.5235613205487,93.88536030309115,0.35333304257971765,464.3999695537277,1.7117810821198505,27129.635582759212,5683.443659671146,-72.09090997332896
5255,25522.72940391273,2552.272940391273,-142.50620929275465,-0.5344269646062383,606.9061788464824,2.237059827048208,27129.635582759212,5683.443659671146,-72.09090997332896
5256,25534.46635304272,2553.446635304272,11.736949129990535,0.04425241818535319,595.1692297164918,2.1937973619325715,27129.635582759212,5683.443659671146,-72.09090997332896
5257,25448.961604193388,2544.896160419339,-85.50474884933283,-0.3222403183530731,680.6739785658247,2.508968380682528,27129.635582759212,5683.443659671146,-72.09090997332896
5258,25656.85244356752,2565.685244356752,207.89083937413307,0.786007566138891,472.7831391916916,1.7426814958478234,27129.635582759212,5683.443659671146,-72.09090997332896
5259,25638.410493637686,2563.8410493637684,-18.441949929834664,-0.06918277380600912,491.22508912152625,1.8106586342564,27129.635582759212,5683.443659671146,-72.09090997332896
5260,25293.045393300938,2529.3045393300936,-345.3651003367486,-1.2964928985505164,836.5901894582748,3.083676472196792,27129.635582759212,5683.443659671146,-72.09090997332896
5261,25111.979673494603,2511.19796734946,-181.06571980633453,-0.6886449138845951,1017.6559092646094,3.751085804894947,27129.635582759212,5683.443659671146,-72.09090997332896
5262,24956.063462602153,2495.606346260215,-155.91621089245018,-0.597106051865981,1173.5721201570595,4.325793896409212,27129.635582759212,5683.443659671146,-72.09090997332896
5263,24969.47346420185,2496.9473464201847,13.410001599695534,0.05166423490610139,1160.162118557364,4.276364549823304,27129.635582759212,5683.443659671146,-72.09090997332896
5264,25014.74053369948,2501.4740533699483,45.2670694976332,0.1743087689476397,1114.8950490597308,4.1095098592781785,27129.635582759212,5683.443659671146,-72.09090997332896
5265,25277.95722286313,2527.795722286313,263.21668916364797,1.0117982488530908,851.6783598960828,3.139291559217704,27129.635582759212,5683.443659671146,-72.09090997332896
5266,25370.164414328105,2537.0164414328106,92.20719146497504,0.35089177854643605,759.4711684311078,2.7994152966571697,27129.635582759212,5683.443659671146,-72.09090997332896
5267,25353.400633236382,2535.3400633236383,-16.763781091722194,-0.06357101468283943,776.23494952283,2.86120669463074,27129.635582759212,5683.443659671146,-72.09090997332896
5268,25184.069304375833,2518.406930437583,-169.33132886054955,-0.6425407150187357,945.5662783833795,3.4853629916956335,27129.635582759212,5683.443659671146,-72.09090997332896
5269,25447.285993539477,2544.7285993539476,263.21668916364433,1.005255088901169,682.3495892197352,2.5151446916351725,27129.635582759212,5683.443659671146,-72.09090997332896
5270,22236.729002383483,2223.6729002383486,-3210.556991155994,-12.139457303635115,3892.9065803757294,14.349277079304587,27129.635582759212,5683.443659671146,-72.09090997332896
5271,22015.85804635792,2201.585804635792,-220.87095602556292,-0.9505251621383826,4113.777536401292,15.16340875221923,27129.635582759212,5683.443659671146,-72.09090997332896
5272,22015.85804635792,2201.585804635792,0.0,0.0,4113.777536401292,15.16340875221923,27129.635582759212,0.0,0.0
5273,22015.85804635792,2201.585804635792,0.0,0.0,4113.777536401292,15.16340875221923,27129.635582759212,0.0,0.0
5274,22015.85804635792,2201.585804635792,0.0,0.0,4113.777536401292,15.16340875221923,27129.635582759212,0.0,0.0
5275,22015.85804635792,2201.585804635792,0.0,0.0,4113.777536401292,15.16340875221923,27129.635582759212,0.0,0.0
5276,22015.85804635792,2201.585804635792,0.0,0.0,4113.777536401292,15.16340875221923,27129.635582759212,0.0,0.0
5277,22015.85804635792,2201.585804635792,0.0,0.0,4113.777536401292,15.16340875221923,27129.635582759212,0.0,0.0
5278,22015.85804635792,2201.585804635792,0.0,0.0,4113.777536401292,15.16340875221923,27129.635582759212,0.0,0.0
5279,22015.85804635792,2201.585804635792,0.0,0.0,4113.777536401292,15.16340875221923,27129.635582759212,0.0,0.0
5280,22015.85804635792,2201.585804635792,0.0,0.0,4113.777536401292,15.16340875221923,27129.635582759212,0.0,0.0
5281,22015.85804635792,2201.585804635792,0.0,0.0,4113.777536401292,15.16340875221923,27129.635582759212,0.0,0.0
5282,22015.85804635792,2201.585804635792,0.0,0.0,4113.777536401292,15.16340875221923,27129.635582759212,0.0,0.0
5283,22015.85804635792,2201.585804635792,0.0,0.0,4113.777536401292,15.16340875221923,27129.635582759212,0.0,0.0
5284,22015.85804635792,2201.585804635792,0.0,0.0,4113.777536401292,15.16340875221923,27129.635582759212,0.0,0.0
5285,22015.85804635792,2201.585804635792,0.0,0.0,4113.777536401292,15.16340875221923,27129.635582759212,0.0,0.0
5286,22015.85804635792,2201.585804635792,0.0,0.0,4113.777536401292,15.16340875221923,27129.635582759212,0.0,0.0
5287,22015.85804635792,2201.585804635792,0.0,0.0,4113.777536401292,15.16340875221923,27129.635582759212,0.0,0.0
5288,22015.85804635792,2201.585804635792,0.0,0.0,4113.777536401292,15.16340875221923,27129.635582759212,0.0,0.0
5289,22015.85804635792,2201.585804635792,0.0,0.0,4113.777536401292,15.16340875221923,27129.635582759212,0.0,0.0
5290,22015.85804635792,2201.585804635792,0.0,0.0,4113.777536401292,15.16340875221923,27129.635582759212,0.0,0.0
5291,22015.85804635792,2201.585804635792,0.0,0.0,4113.777536401292,15.16340875221923,27129.635582759212,0.0,0.0
5292,22015.85804635792,2201.585804635792,0.0,0.0,4113.777536401292,15.16340875221923,27129.635582759212,0.0,0.0
5293,22015.85804635792,2201.585804635792,0.0,0.0,4113.777536401292,15.16340875221923,27129.635582759212,0.0,0.0
5294,22015.85804635792,2201.585804635792,0.0,0.0,4113.777536401292,15.16340875221923,27129.635582759212,0.0,0.0
5295,22015.85804635792,2201.585804635792,0.0,0.0,4113.777536401292,15.16340875221923,27129.635582759212,0.0,0.0
5296,22015.85804635792,2201.585804635792,0.0,0.0,4113.777536401292,15.16340875221923,27129.635582759212,0.0,0.0
5297,22015.85804635792,2201.585804635792,0.0,0.0,4113.777536401292,15.16340875221923,27129.635582759212,0.0,0.0
5298,22015.85804635792,2201.585804635792,0.0,0.0,4113.777536401292,15.16340875221923,27129.635582759212,0.0,0.0
5299,22015.85804635792,2201.585804635792,0.0,0.0,4113.777536401292,15.16340875221923,27129.635582759212,0.0,0.0
5300,22015.85804635792,2201.585804635792,0.0,0.0,4113.777536401292,15.16340875221923,27129.635582759212,0.0,0.0
5301,22015.85804635792,2201.585804635792,0.0,0.0,4113.777536401292,15.16340875221923,27129.635582759212,0.0,0.0
5302,22015.85804635792,2201.585804635792,0.0,0.0,4113.777536401292,15.16340875221923,27129.635582759212,0.0,0.0
5303,22015.85804635792,2201.585804635792,0.0,0.0,4113.777536401292,15.16340875221923,27129.635582759212,0.0,0.0
5304,22015.85804635792,2201.585804635792,0.0,0.0,4113.777536401292,15.16340875221923,27129.635582759212,0.0,0.0
5305,22015.85804635792,2201.585804635792,0.0,0.0,4113.777536401292,15.16340875221923,27129.635582759212,0.0,0.0
5306,22015.85804635792,2201.585804635792,0.0,0.0,4113.777536401292,15.16340875221923,27129.635582759212,0.0,0.0
5307,22015.85804635792,2201.585804635792,0.0,0.0,4113.777536401292,15.16340875221923,27129.635582759212,0.0,0.0
5308,22015.85804635792,2201.585804635792,0.0,0.0,4113.777536401292,15.16340875221923,27129.635582759212,0.0,0.0
5309,22015.85804635792,2201.585804635792,0.0,0.0,4113.777536401292,15.16340875221923,27129.635582759212,0.0,0.0
5310,22015.85804635792,2201.585804635792,0.0,0.0,4113.777536401292,15.16340875221923,27129.635582759212,0.0,0.0
5311,22015.85804635792,2201.585804635792,0.0,0.0,4113.777536401292,15.16340875221923,27129.635582759212,0.0,0.0
5312,22015.85804635792,2201.585804635792,0.0,0.0,4113.777536401292,15.16340875221923,27129.635582759212,0.0,0.0
5313,22015.85804635792,2201.585804635792,0.0,0.0,4113.777536401292,15.16340875221923,27129.635582759212,0.0,0.0
5314,22015.85804635792,2201.585804635792,0.0,0.0,4113.777536401292,15.16340875221923,27129.635582759212,0.0,0.0
5315,22015.85804635792,2201.585804635792,0.0,0.0,4113.777536401292,15.16340875221923,27129.635582759212,0.0,0.0
5316,22015.85804635792,2201.585804635792,0.0,0.0,4113.777536401292,15.16340875221923,27129.635582759212,0.0,0.0
5317,22015.85804635792,2201.585804635792,0.0,0.0,4113.777536401292,15.16340875221923,27129.635582759212,0.0,0.0
5318,22015.85804635792,2201.585804635792,0.0,0.0,4113.777536401292,15.16340875221923,27129.635582759212,0.0,0.0
5319,22015.85804635792,2201.585804635792,0.0,0.0,4113.777536401292,15.16340875221923,27129.635582759212,0.0,0.0
5320,22015.85804635792,2201.585804635792,0.0,0.0,4113.777536401292,15.16340875221923,27129.635582759212,0.0,0.0
5321,22015.85804635792,2201.585804635792,0.0,0.0,4113.777536401292,15.16340875221923,27129.635582759212,0.0,0.0
5322,22015.85804635792,2201.585804635792,0.0,0.0,4113.777536401292,15.16340875221923,27129.635582759212,0.0,0.0
5323,22015.85804635792,2201.585804635792,0.0,0.0,4113.777536401292,15.16340875221923,27129.635582759212,0.0,0.0
5324,22015.85804635792,2201.585804635792,0.0,0.0,4113.777536401292,15.16340875221923,27129.635582759212,0.0,0.0
5325,22015.85804635792,2201.585804635792,0.0,0.0,4113.777536401292,15.16340875221923,27129.635582759212,0.0,0.0
5326,22015.85804635792,2201.585804635792,0.0,0.0,4113.777536401292,15.16340875221923,27129.635582759212,0.0,0.0
5327,22015.85804635792,2201.585804635792,0.0,0.0,4113.777536401292,15.16340875221923,27129.635582759212,0.0,0.0
5328,22015.85804635792,2201.585804635792,0.0,0.0,4113.777536401292,15.16340875221923,27129.635582759212,0.0,0.0
5329,22015.85804635792,2201.585804635792,0.0,0.0,4113.777536401292,15.16340875221923,27129.635582759212,0.0,0.0
5330,22015.85804635792,2201.585804635792,0.0,0.0,4113.777536401292,15.16340875221923,27129.635582759212,0.0,0.0
5331,22015.85804635792,2201.585804635792,0.0,0.0,4113.777536401292,15.16340875221923,27129.635582759212,0.0,0.0
5332,21992.865181176745,2199.286518117675,-22.992865181175148,-0.09990009990009652,4136.7704015824675,15.248160591627594,27129.635582759212,0.0,0.0
5333,21783.883038444517,2178.388303844452,-208.98214273222766,-0.9088999612945736,4345.752544314695,16.018470027206725,27129.635582759212,0.0,-208.98214273222766
5334,22032.74734381157,2203.274734381157,248.86430536705302,1.0922822283942146,4096.888238947642,15.101154700180345,27129.635582759212,39.88216263482536,-208.98214273222766
5335,21485.5628066705,2148.55628066705,-547.1845371410709,-2.3756807165606686,4644.072776088713,17.118080196550835,27129.635582759212,39.88216263482536,-507.30237450624554
5336,21597.2323752052,2159.72323752052,111.66956853470037,0.4966278562597237,4532.403207554013,16.706465495004064,27129.635582759212,39.88216263482536,-507.30237450624554
5337,22248.109561511195,2224.8109561511196,650.8771863059956,2.880340280167104,3881.526021248017,14.307328269881786,27129.635582759212,255.2443803344504,-507.30237450624554
5338,22139.631247567213,2213.9631247567213,-108.47831394398236,-0.46661133309340297,3990.0043351919994,14.707179987805045,27129.635582759212,255.2443803344504,-507.30237450624554
5339,22345.422135708726,2234.5422135708727,205.79088814151328,0.8893438531486941,3784.213447050486,13.948633535849412,27129.635582759212,352.5569545319813,-507.30237450624554
5340,22270.443475218137,2227.0443475218135,-74.97866049058939,-0.32117072055811713,3859.1921075410755,14.225005329572426,27129.635582759212,352.5569545319813,-507.30237450624554
5341,22500.165121468963,2250.0165121468963,229.72164625082587,0.9871820728103886,3629.4704612902497,13.378249959231908,27129.635582759212,507.2999402922178,-507.30237450624554
5342,22543.2385386945,2254.32385386945,43.073417225536105,0.1832898492537982,3586.3970440647136,13.219481084161174,27129.635582759212,550.3733575177539,-507.30237450624554
5343,22717.124183570962,2271.7124183570963,173.88564487646363,0.7385799731446152,3412.51139918825,12.57853755085781,27129.635582759212,724.2590023942175,-507.30237450624554
5344,22801.674173619664,2280.1674173619663,84.54999004870115,0.3564934323161628,3327.961409139549,12.26688577879187,27129.635582759212,808.8089924429187,-507.30237450624554
5345,22886.22416366837,2288.622416366837,84.54999004870479,0.35522707113777585,3243.411419090844,11.955234006725917,27129.635582759212,893.3589824916235,-507.30237450624554
5346,23004.276241384494,2300.4276241384496,118.0520777161255,0.49422661743117047,3125.3593413747185,11.520093337932167,27129.635582759212,1011.411060207749,-507.30237450624554
5347,23473.29086344426,2347.3290863444263,469.01462205976713,1.9538794560744366,2656.3447193149514,9.791302618908192,27129.635582759212,1480.425682267516,-507.30237450624554
5348,23407.883532511783,2340.7883532511783,-65.40733093247763,-0.26726005626883653,2721.752050247429,10.032394434288284,27129.635582759212,1480.425682267516,-507.30237450624554
5349,23620.056929834725,2362.0056929834723,212.17339732294204,0.8692822425194091,2509.578652924487,9.250322015085656,27129.635582759212,1627.1917486579805,-507.30237450624554
5350,23663.13034706026,2366.313034706026,43.073417225536105,0.17495254924995152,2466.505235698951,9.091553140014923,27129.635582759212,1670.2651658835166,-507.30237450624554
5351,23675.89049699506,2367.5890496995057,12.760149934798392,0.051737754920955226,2453.7450857641525,9.044519150576054,27129.635582759212,1683.025315818315,-507.30237450624554
5352,23709.392584662484,2370.9392584662487,33.50208766742435,0.13576850517920125,2420.242998096728,8.921030253848246,27129.635582759212,1716.5274034857393,-507.30237450624554
5353,23950.279970659765,2395.0279970659763,240.88738599728094,0.9748818598916298,2179.355612099447,8.03311789961683,27129.635582759212,1957.4147894830203,-507.30237450624554
5354,23971.019474178363,2397.101947417836,20.739503518598212,0.0831233298503431,2158.616108580849,7.956671964855444,27129.635582759212,1978.1542930016185,-507.30237450624554
5355,23725.346423402025,2372.5346423402025,-245.67305077633864,-0.9838326826438926,2404.2891593571876,8.862224308258329,27129.635582759212,1978.1542930016185,-507.30237450624554
5356,23859.349905643663,2385.934990564366,134.00348224163827,0.5419680676943095,2270.2856771155493,8.368286666402213,27129.635582759212,1978.1542930016185,-507.30237450624554
5357,23597.723016127784,2359.7723016127784,-261.62688951587916,-1.0524285249168264,2531.9125666314285,9.332644955395015,27129.635582759212,1978.1542930016185,-507.30237450624554
5358,23710.986994850828,2371.0986994850828,113.26397872304369,0.4604652985513269,2418.648587908385,8.915153248300275,27129.635582759212,1978.1542930016185,-507.30237450624554
5359,23474.8852736326,2347.4885273632603,-236.10172121822688,-0.9554524117851848,2654.7503091266117,9.785425613360232,27129.635582759212,1978.1542930016185,-507.30237450624554
5360,23465.31394407449,2346.5313944074487,-9.571329558111756,-0.03910673921900809,2664.3216386847234,9.820705591703158,27129.635582759212,1978.1542930016185,-507.30237450624554
5361,23415.860451881552,2341.5860451881554,-49.45349219293712,-0.20213716572770046,2713.7751308776606,10.00299146149333,27129.635582759212,1978.1542930016185,-507.30237450624554
5362,23664.724757248605,2366.4724757248605,248.86430536705302,1.0192731313217962,2464.9108255106075,9.08567613446695,27129.635582759212,1978.1542930016185,-507.30237450624554
5363,24036.42680511084,2403.642680511084,371.7020478622362,1.507018835687579,2093.2087776483713,7.715580149475351,27129.635582759212,2043.5616239340961,-507.30237450624554
5364,24071.52330296661,2407.1523302966607,35.096497855767666,0.14018173651122456,2058.1122797926037,7.586214247199571,27129.635582759212,2078.658121789864,-507.30237450624554
5365,23950.279970659765,2395.0279970659763,-121.24333230684351,-0.4835898116031023,2179.355612099447,8.03311789961683,27129.635582759212,2078.658121789864,-507.30237450624554
5366,24254.980277401184,2425.4980277401182,304.7003067414189,1.221230010644092,1874.6553053580283,6.909990735553283,27129.635582759212,2262.115096224439,-507.30237450624554
5367,23958.256890029537,2395.825689002954,-296.7233873716468,-1.174910390396,2171.378692729675,8.003714926821864,27129.635582759212,2262.115096224439,-507.30237450624554
5368,23980.590803736475,2398.0590803736477,22.333913706937892,0.08948507023285313,2149.044779022737,7.921391986512519,27129.635582759212,2262.115096224439,-507.30237450624554
5369,23864.13557042272,2386.4135570422723,-116.45523331375443,-0.46618286264205056,2265.5000123364916,8.350646677230744,27129.635582759212,2262.115096224439,-507.30237450624554
5370,23805.110748671672,2380.5110748671673,-59.024821751048876,-0.23738939801012382,2324.5248340875405,8.568212525363842,27129.635582759212,2262.115096224439,-507.30237450624554
5371,23873.706899980833,2387.370689998083,68.59615130916063,0.2765403952604162,2255.92868277838,8.31536669888782,27129.635582759212,2262.115096224439,-507.30237450624554
5372,23827.44466237861,2382.744466237861,-46.26223760222274,-0.1859885130440997,2302.1909203806026,8.485889585054496,27129.635582759212,2262.115096224439,-507.30237450624554
5373,23688.65308114389,2368.865308114389,-138.79158123472007,-0.559024833695565,2440.9825016153227,8.99747618860962,27129.635582759212,2262.115096224439,-507.30237450624554
5374,23872.112489792493,2387.2112489792494,183.45940864860313,0.7430920109154249,2257.5230929667196,8.321243704435778,27129.635582759212,2262.115096224439,-507.30237450624554
5375,23809.89641345073,2380.989641345073,-62.216076341763255,-0.2501439166749386,2319.739169308483,8.550572536192373,27129.635582759212,2262.115096224439,-507.30237450624554
5376,23824.2534077879,2382.42534077879,14.356994337169454,0.057868014029205384,2305.3821749713134,8.49765256867798,27129.635582759212,2262.115096224439,-507.30237450624554
5377,23931.13731154354,2393.113731154354,106.88390375564268,0.43056241007477514,2198.4982712156707,8.10367785630268,27129.635582759212,2262.115096224439,-507.30237450624554
5378,23935.922976322596,2393.5922976322595,4.785664779054059,0.019195533357541095,2193.7126064366166,8.086037867131225,27129.635582759212,2262.115096224439,-507.30237450624554
5379,23998.13905266436,2399.813905266436,62.216076341763255,0.24950380381283388,2131.4965300948534,7.856709035374629,27129.635582759212,2262.115096224439,-507.30237450624554
5380,23699.821255104373,2369.982125510437,-298.3177975599865,-1.1933600214460438,2429.81432765484,8.95631023219117,27129.635582759212,2262.115096224439,-507.30237450624554
5381,23785.965655341417,2378.596565534142,86.14440023704447,0.3487652778833006,2343.6699274177954,8.638781454577257,27129.635582759212,2262.115096224439,-507.30237450624554
5382,23876.898154571547,2387.6898154571545,90.9324992301299,0.36687091596341315,2252.7374281876655,8.303603715264323,27129.635582759212,2262.115096224439,-507.30237450624554
5383,24015.687301592243,2401.5687301592243,138.78914702069596,0.5579037473174342,2113.9482811669695,7.792026084236739,27129.635582759212,2262.115096224439,-507.30237450624554
5384,23948.685560471426,2394.8685560471426,-67.00174112081731,-0.26783889770061187,2180.950022287787,8.03899490516479,27129.635582759212,2262.115096224439,-507.30237450624554
5385,23867.326825013435,2386.7326825013433,-81.3587354579904,-0.3261042961994587,2262.3087577457773,8.338883693607247,27129.635582759212,2262.115096224439,-507.30237450624554
5386,23744.489082518252,2374.4489082518253,-122.83774249518319,-0.49397244568974985,2385.1465002409604,8.791664351572464,27129.635582759212,2262.115096224439,-507.30237450624554
5387,23837.015991936725,2383.7015991936723,92.52690941847322,0.37392935901772173,2292.619590822487,8.450609606711557,27129.635582759212,2262.115096224439,-507.30237450624554
5388,24100.237291640948,2410.0237291640947,263.2212997042225,1.0597943802495235,2029.3982911182648,7.480374312170785,27129.635582759212,2262.115096224439,-507.30237450624554
5389,24087.474707492118,2408.7474707492115,-12.762584148829774,-0.05084646810522564,2042.1608752670945,7.5274172741372185,27129.635582759212,2262.115096224439,-507.30237450624554
5390,24398.557523414962,2439.855752341496,311.082815922844,1.2399925442872162,1731.0780593442505,6.380764142826689,27129.635582759212,2405.692342238217,-507.30237450624554
5391,24363.461025559198,2436.3461025559195,-35.09649785576403,-0.13818303588071235,1766.1745572000145,6.510130045102456,27129.635582759212,2405.692342238217,-507.30237450624554
5392,24288.482365068605,2428.8482365068608,-74.97866049059303,-0.29561683405524564,1841.1532176906076,6.786501838825487,27129.635582759212,2405.692342238217,-507.30237450624554
5393,24567.657503512368,2456.765750351237,279.175138443763,1.1039616154640886,1561.9780792468446,5.757460598694795,27129.635582759212,2574.792322335623,-507.30237450624554
5394,26352.7834925213,2635.2783492521303,1785.1259890089314,6.981969266303323,0.0,0.0,27352.7834925213,4359.918311344554,-507.30237450624554
5395,26269.827912660938,2626.9827912660935,-82.95557986036147,-0.30328021235221936,82.95557986036147,0.30328021235221964,27352.7834925213,4359.918311344554,-507.30237450624554
5396,26236.325824993513,2623.6325824993514,-33.50208766742435,-0.12285404871172911,116.45766752778582,0.4257616690441295,27352.7834925213,4359.918311344554,-507.30237450624554
5397,26102.322342751875,2610.2322342751877,-134.00348224163827,-0.4920027873901778,250.46114976942408,0.9156696971549688,27352.7834925213,4359.918311344554,-507.30237450624554
5398,26606.433462667406,2660.6433462667405,504.11111991553116,1.8600292386026673,0.0,0.0,27606.433462667406,4613.568281490661,-507.30237450624554
5399,26718.103031202107,2671.8103031202104,111.66956853470037,0.404505597167093,0.0,0.0,27718.103031202107,4725.237850025362,-507.30237450624554
5400,26515.500963437276,2651.5500963437275,-202.60206776483028,-0.7309377107688864,202.60206776483028,0.7309377107688875,27718.103031202107,4725.237850025362,-507.30237450624554
5401,26710.126111832335,2671.0126111832333,194.6251483950582,0.7073291111569402,7.976919369772077,0.028778734824646927,27718.103031202107,4725.237850025362,-507.30237450624554
5402,26757.98519383693,2675.7985193836926,47.8590820045938,0.17271333162269809,0.0,0.0,27757.98519383693,4765.120012660183,-507.30237450624554
5403,26609.62471725812,2660.962471725812,-148.36047657880772,-0.5344785492995663,148.36047657880772,0.5344785492995653,27757.98519383693,4765.120012660183,-507.30237450624554
5404,26837.749519106575,2683.774951910658,228.1248018484548,0.8262510055265571,0.0,0.0,27837.749519106575,4844.8843379298305,-507.30237450624554
5405,26775.533442764812,2677.553344276481,-62.216076341763255,-0.22349535223405992,62.216076341763255,0.2234953522340624,27837.749519106575,4844.8843379298305,-507.30237450624554
5406,26474.02439061411,2647.4024390614113,-301.5090521507009,-1.0855202935057928,363.72512849246414,1.3065895583363145,27837.749519106575,4844.8843379298305,-507.30237450624554
5407,26504.33522369082,2650.433522369082,30.31083307670997,0.11032542100772869,333.41429541575417,1.1977056377596673,27837.749519106575,4844.8843379298305,-507.30237450624554
5408,26871.251606774,2687.1251606774,366.9163830831785,1.3340310903683816,0.0,0.0,27871.251606774,4878.386425597255,-507.30237450624554
5409,26903.156850039053,2690.3156850039054,31.905243265053286,0.11447366524903746,0.0,0.0,27903.156850039053,4910.291668862308,-507.30237450624554
5410,26820.20127017869,2682.020127017869,-82.95557986036147,-0.2972981885389969,82.95557986036147,0.2972981885389981,27903.156850039053,4910.291668862308,-507.30237450624554
5411,27129.687241699165,2712.9687241699166,309.48597152047296,1.112450512183094,0.0,0.0,28129.687241699165,5136.82206052242,-507.30237450624554
5412,26997.27816964587,2699.727816964587,-132.40907205329495,-0.4707093645073046,132.40907205329495,0.47070936450730627,28129.687241699165,5136.82206052242,-507.30237450624554
5413,27005.255089015638,2700.5255089015636,7.976919369768439,0.028491767383354016,124.43215268352651,0.4423517105411309,28129.687241699165,5136.82206052242,-507.30237450624554
5414,27092.996333655054,2709.2996333655055,87.74124463941553,0.3133027867824323,36.690908044110984,0.1304348239952016,28129.687241699165,5136.82206052242,-507.30237450624554
5415,27322.71554569185,2732.2715545691854,229.71921203679813,0.8177098993231935,0.0,0.0,28322.71554569185,5329.850364515107,-507.30237450624554
5416,27491.817960003285,2749.1817960003286,169.10241431143368,0.597055794451018,0.0,0.0,28491.817960003285,5498.95277882654,-507.30237450624554
5417,27407.267969954584,2740.7267969954587,-84.54999004870115,-0.29675182597120875,84.54999004870115,0.29675182597120386,28491.817960003285,5498.95277882654,-507.30237450624554
5418,27485.43545082186,2748.543545082186,78.16748086727603,0.27516718943176866,6.382509181425121,0.022401200198544247,28491.817960003285,5498.95277882654,-507.30237450624554
5419,27654.535430919266,2765.453543091927,169.09998009740593,0.593636633673178,0.0,0.0,28654.535430919266,5661.670249742521,-507.30237450624554
5420,27876.28015780032,2787.628015780032,221.7447268810538,0.7738555992842455,0.0,0.0,28876.28015780032,5883.414976623575,-507.30237450624554
5421,28346.89162426246,2834.6891624262457,470.6114664621382,1.6297510063290277,0.0,0.0,29346.89162426246,6354.026443085713,-507.30237450624554
5422,28319.76961156243,2831.9769611562433,-27.12201270002697,-0.09241868967684308,27.12201270002697,0.09241868967684444,29346.89162426246,6354.026443085713,-507.30237450624554
5423,28287.864368297378,2828.786436829738,-31.905243265053286,-0.10881819225643241,59.02725596508026,0.2011363135858642,29346.89162426246,6354.026443085713,-507.30237450624554
5424,28642.01816723173,2864.201816723173,354.1537989343524,1.209216877273267,0.0,0.0,29642.01816723173,6649.152986054985,-507.30237450624554
5425,28724.97374709209,2872.4973747092095,82.95557986036147,0.2798580696913078,0.0,0.0,29724.97374709209,6732.108565915347,-507.30237450624554
5426,28511.205939580806,2851.120593958081,-213.76780751128535,-0.7191522163487063,213.76780751128535,0.7191522163487113,29724.97374709209,6732.108565915347,-507.30237450624554
5427,28249.579050064927,2824.9579050064926,-261.62688951587916,-0.8865340510025743,475.3946970271645,1.5993107380748182,29724.97374709209,6732.108565915347,-507.30237450624554
5428,28508.014684990092,2850.801468499009,258.4356349251648,0.8835533478372959,216.95906210199973,0.7298881538061045,29724.97374709209,6732.108565915347,-507.30237450624554
5429,28508.014684990092,2850.801468499009,0.0,0.0,216.95906210199973,0.7298881538061045,29724.97374709209,6732.108565915347,-507.30237450624554
5430,28504.823430399378,2850.482343039938,-3.1912545907143794,-0.010814873941134007,220.1503166927141,0.7406240912634978,29724.97374709209,6732.108565915347,-507.30237450624554
5431,28378.79686752751,2837.8796867527512,-126.02656287186619,-0.42713884788755374,346.1768795645803,1.1645994459404554,29724.97374709209,6732.108565915347,-507.30237450624554
5432,28605.327259187623,2860.532725918762,226.5303916601115,0.7710676263618321,119.64648790446881,0.40251166888304984,29724.97374709209,6732.108565915347,-507.30237450624554
5433,28397.939526643735,2839.7939526643736,-207.38773254388798,-0.7005081576307415,327.0342204483568,1.1002001994378534,29724.97374709209,6732.108565915347,-507.30237450624554
5434,28581.39650107831,2858.139650107831,183.4569744345754,0.624047050196519,143.5772460137814,0.4830189161321872,29724.97374709209,6732.108565915347,-507.30237450624554
5435,28495.252100841266,2849.5252100841267,-86.14440023704447,-0.29121140455253824,229.72164625082587,0.7728237145147988,29724.97374709209,6732.108565915347,-507.30237450624554
5436,28587.77901025974,2858.777901025974,92.52690941847322,0.3137010292440623,137.19473683235265,0.4615470412174006,29724.97374709209,6732.108565915347,-507.30237450624554
5437,28500.037765620324,2850.0037765620323,-87.74124463941553,-0.29654555892482115,224.93598147176817,0.7567239028891423,29724.97374709209,6732.108565915347,-507.30237450624554
5438,28227.24513635799,2822.7245136357988,-272.79262926233423,-0.924719593343204,497.7286107341024,1.6744459220348136,29724.97374709209,6732.108565915347,-507.30237450624554
5439,28386.77378689728,2838.677378689728,159.52865053929054,0.5458217146194322,338.19996019481187,1.1377636968574178,29724.97374709209,6732.108565915347,-507.30237450624554
5440,28168.21788039291,2816.821788039291,-218.5559065043708,-0.7437220162011093,556.7558666991827,1.873023913952652,29724.97374709209,6732.108565915347,-507.30237450624554
5441,28327.746530932203,2832.7746530932204,159.52865053929418,0.546926285292626,397.2272161598885,1.3363416887752444,29724.97374709209,6732.108565915347,-507.30237450624554
5442,28117.169978011632,2811.716997801163,-210.57655292057098,-0.7180113640796626,607.8037690804595,2.044757967666562,29724.97374709209,6732.108565915347,-507.30237450624554
5443,28318.17520137409,2831.8175201374092,201.00522336245922,0.6903322799374223,406.79854571800024,1.3685413120265453,29724.97374709209,6732.108565915347,-507.30237450624554
5444,28072.502150597753,2807.250215059775,-245.67305077633864,-0.8379547809129195,652.4715964943389,2.1950283355865645,29724.97374709209,6732.108565915347,-507.30237450624554
5445,28366.03428337868,2836.603428337868,293.5321327809288,1.0096555544493846,358.9394637134101,1.207535006649162,29724.97374709209,6732.108565915347,-507.30237450624554
5446,27777.37317341445,2777.737317341445,-588.6611099642323,-2.0045645397118395,947.6005736776424,3.1878937278131096,29724.97374709209,6732.108565915347,-507.30237450624554
5447,27849.160579314324,2784.9160579314325,71.78740589987501,0.2494578134956127,875.8131677777674,2.946388364307456,29724.97374709209,6732.108565915347,-507.30237450624554
5448,28179.386054353396,2817.9386054353395,330.22547503907117,1.1446623347365348,545.5876927386962,1.8354522274122091,29724.97374709209,6732.108565915347,-507.30237450624554
5449,28152.266475867396,2815.2266475867395,-27.119578485999227,-0.09294088105720189,572.7072712246954,1.926687222997873,29724.97374709209,6732.108565915347,-507.30237450624554
5450,28255.95912503233,2825.5959125032327,103.69264916493194,0.3556932674540825,469.0146220597635,1.5778470522808983,29724.97374709209,6732.108565915347,-507.30237450624554
5451,28547.896847624917,2854.7896847624916,291.9377225925891,0.9978743863597872,177.07689946717437,0.5957175975117465,29724.97374709209,6732.108565915347,-507.30237450624554
5452,28273.50737396021,2827.3507373960206,-274.38947366470893,-0.9286260713569638,451.4663731318833,1.5188116799465599,29724.97374709209,6732.108565915347,-507.30237450624554
5453,28179.386054353396,2817.9386054353395,-94.1213196068129,-0.32152388985864366,545.5876927386962,1.8354522274122091,29724.97374709209,6732.108565915347,-507.30237450624554
5454,28370.81994815774,2837.0819948157737,191.43389380434382,0.6560586759699172,354.1537989343524,1.1914351950235051,29724.97374709209,6732.108565915347,-507.30237450624554
5455,28551.088102215628,2855.108810221563,180.26815405788875,0.613766161026752,173.88564487646363,0.5849816600543655,29724.97374709209,6732.108565915347,-507.30237450624554
5456,28514.394759957493,2851.4394759957495,-36.69334225813509,-0.12416917485817969,210.57898713459872,0.7084244680121847,29724.97374709209,6732.108565915347,-507.30237450624554
5457,26935.062093304106,2693.506209330411,-1579.3326666533867,-5.351058964611011,1789.9116537879854,6.021575221620128,29724.97374709209,6732.108565915347,-507.30237450624554
5458,26531.454802176817,2653.145480217682,-403.6072911272895,-1.4448054197238824,2193.518944915275,7.379380596189292,29724.97374709209,6732.108565915347,-507.30237450624554
5459,26635.147451341745,2663.5147451341745,103.6926491649283,0.376633381381386,2089.8262957503466,7.03054042547233,29724.97374709209,6732.108565915347,-507.30237450624554
5460,26775.533442764812,2677.553344276481,140.38599142306703,0.5079979821719816,1949.4403043272796,6.558257446797536,29724.97374709209,6732.108565915347,-507.30237450624554
5461,26668.64953900917,2666.864953900917,-106.88390375564268,-0.38481314490643737,2056.3242080829223,6.9178335549718915,29724.97374709209,6732.108565915347,-507.30237450624554
5462,27035.565922092348,2703.556592209235,366.9163830831785,1.3261087519500059,1689.4078249997438,5.683462799239692,29724.97374709209,6732.108565915347,-507.30237450624554
5463,27187.11765326187,2718.711765326187,151.5517311695221,0.5405695450937831,1537.8560938302217,5.173616323145334,29724.97374709209,6732.108565915347,-507.30237450624554
5464,27421.624964291754,2742.1624964291755,234.50731102988357,0.8319662688275775,1303.348782800338,4.384692797004878,29724.97374709209,6732.108565915347,-507.30237450624554
5465,27372.171472098817,2737.2171472098817,-49.45349219293712,-0.1739995241477943,1352.8022749932752,4.551062976550538,29724.97374709209,6732.108565915347,-507.30237450624554
5466,27388.12287662433,2738.812287662433,15.951404525512771,0.0562220080376985,1336.8508704677624,4.4973996675053165,29724.97374709209,6732.108565915347,-507.30237450624554
5467,27179.1407338921,2717.91407338921,-208.98214273222766,-0.7361604838772573,1545.83301319999,5.200452072228372,29724.97374709209,6732.108565915347,-507.30237450624554
5468,27188.712063450213,2718.8712063450216,9.571329558111756,0.03396600928502469,1536.2616836418783,5.1682524489770705,29724.97374709209,6732.108565915347,-507.30237450624554
5469,26994.78053460558,2699.478053460558,-193.93152884463416,-0.6879758408547043,1730.1932124865125,5.820671961588435,29724.97374709209,6732.108565915347,-507.30237450624554
5470,26994.78053460558,2699.478053460558,0.0,0.0,1730.1932124865125,5.820671961588435,29724.97374709209,0.0,0.0
5471,26966.813720884697,2696.6813720884697,-27.966813720882783,-0.09990009990009652,1758.1600262073953,5.914757204384044,29724.97374709209,0.0,0.0
5472,26929.476368944903,2692.9476368944906,-37.337351939793734,-0.13350591995365813,1795.497378147189,6.040366573318966,29724.97374709209,0.0,-37.337351939793734
5473,27377.541209812938,2737.754120981294,448.0648408680354,1.6042722568413215,1347.4325372791536,4.53299824162492,29724.97374709209,410.72748892824166,-37.337351939793734
5474,27038.38093533847,2703.838093533847,-339.16027447446686,-1.195171463118816,1686.5928117536205,5.67399260333616,29724.97374709209,410.72748892824166,-37.337351939793734
5475,26957.479382899746,2695.7479382899746,-80.90155243872505,-0.28853860222991523,1767.4943641923455,5.946159546617781,29724.97374709209,410.72748892824166,-37.337351939793734
5476,27032.15646072084,2703.215646072084,74.6770778210921,0.2671094800726914,1692.8172863712534,5.694932822394358,29724.97374709209,410.72748892824166,-37.337351939793734
5477,27445.996186957895,2744.5996186957896,413.8397262370563,1.4763035687851422,1278.9775601341971,4.30270375010614,29724.97374709209,479.18246607319816,-37.337351939793734
5478,26994.819108781045,2699.4819108781044,-451.17707817685005,-1.5860828891754886,1730.1546383110472,5.820542191329279,29724.97374709209,479.18246607319816,-37.337351939793734
5479,27153.50997634967,2715.350997634967,158.69086756862453,0.5668579852293076,1571.4637707424226,5.286678414295166,29724.97374709209,479.18246607319816,-37.337351939793734
5480,26913.91755634232,2691.391755634232,-239.59242000734957,-0.8510214897134327,1811.0561907497722,6.092709134610901,29724.97374709209,479.18246607319816,-52.89616454237694
5481,26994.819108781045,2699.4819108781044,80.90155243872505,0.2898251464540147,1730.1546383110472,5.820542191329279,29724.97374709209,479.18246607319816,-52.89616454237694
5482,27055.49467962471,2705.5494679624708,60.6755708436649,0.2167385708330416,1669.4790674673823,5.6164189804564675,29724.97374709209,479.18246607319816,-52.89616454237694
5483,27169.06641501075,2716.9066415010752,113.57173538604184,0.4048110243036307,1555.9073320813404,5.234343839356797,29724.97374709209,479.18246607319816,-52.89616454237694
5484,27545.566415366513,2754.556641536651,376.5000003557616,1.336572518268242,1179.4073317255788,3.9677321223570696,29724.97374709209,578.7526944818164,-52.89616454237694
5485,27475.556506537898,2747.55565065379,-70.00990882861515,-0.24525668122993283,1249.417240554194,4.203257675463619,29724.97374709209,578.7526944818164,-52.89616454237694
5486,27455.33052494284,2745.533052494284,-20.22598159505651,-0.07102927589988095,1269.6432221492505,4.271301407872416,29724.97374709209,578.7526944818164,-52.89616454237694
5487,27612.466460827814,2761.2466460827814,157.13593588497315,0.5522196825204162,1112.5072862642774,3.742668692426047,29724.97374709209,645.6527399431179,-52.89616454237694
5488,27763.37792209515,2776.337792209515,150.91146126733656,0.5274325492838683,961.5958249969408,3.2349761960378887,29724.97374709209,796.5642012104545,-52.89616454237694
5489,28024.74888143971,2802.474888143971,261.3709593445601,0.9086935479291736,700.2248656523807,2.355678668079166,29724.97374709209,1057.9351605550146,-52.89616454237694
5490,28421.47486339053,2842.147486339053,396.7259819508181,1.3668541408277557,303.4988837015626,1.0210232186706405,29724.97374709209,1454.6611425058327,-52.89616454237694
5491,28559.9397493641,2855.9939749364103,138.46488597357165,0.4706252375738851,165.03399772799094,0.5552031740453118,29724.97374709209,1593.1260284794043,-52.89616454237694
5492,28505.486279196568,2850.5486279196566,-54.45347016753294,-0.18421373869242919,219.48746789552388,0.7383941522134926,29724.97374709209,1593.1260284794043,-52.89616454237694
5493,28454.14742027935,2845.414742027935,-51.338858917217294,-0.17399767091252905,270.8263268127412,0.911107034499014,29724.97374709209,1593.1260284794043,-52.89616454237694
5494,28206.77559397071,2820.677559397071,-247.37182630864118,-0.8398539695578688,518.1981531213823,1.7433090354607166,29724.97374709209,1593.1260284794043,-52.89616454237694
5495,28396.581712803,2839.6581712803,189.80611883228994,0.6498701584555455,328.3920342890924,1.1047681221963,29724.97374709209,1593.1260284794043,-52.89616454237694
5496,27743.151940500094,2774.3151940500093,-653.4297723029049,-2.2228086880534126,981.8218065919973,3.3030199284466857,29724.97374709209,1593.1260284794043,-52.89616454237694
5497,27604.687054526523,2760.468705452652,-138.46488597357165,-0.4817317399991583,1120.286692565569,3.7688399730720143,29724.97374709209,1593.1260284794043,-52.89616454237694
5498,27282.638150396793,2728.2638150396792,-322.04890412972964,-1.1258606098917934,1442.3355966952986,4.852268698257128,29724.97374709209,1593.1260284794043,-52.89616454237694
5499,27184.62522761333,2718.4625227613333,-98.01292278346227,-0.34654802095287485,1540.3485194787609,5.182001278064876,29724.97374709209,1593.1260284794043,-52.89616454237694
5500,27053.93974794105,2705.393974794105,-130.68547967228005,-0.46367648537771755,1671.033999151041,5.621650042044237,29724.97374709209,1593.1260284794043,-52.89616454237694
5501,26845.462579197363,2684.5462579197365,-208.4771687436878,-0.7431297372733181,1879.5111678947287,6.3230036261296805,29724.97374709209,1593.1260284794043,-121.35114168733344
5502,26808.12522725757,2680.812522725757,-37.337351939793734,-0.1340877417051356,1916.8485198345224,6.448612995064604,29724.97374709209,1593.1260284794043,-158.68849362712717
5503,26814.3473279337,2681.43473279337,6.222100676131959,0.02237511743521381,1910.6264191583905,6.427680762359972,29724.97374709209,1593.1260284794043,-158.68849362712717
5504,26929.476368944903,2692.9476368944906,115.12904101120148,0.41391962088421774,1795.497378147189,6.040366573318966,29724.97374709209,1593.1260284794043,-158.68849362712717
5505,27321.532807961747,2732.1532807961744,392.0564390168438,1.4037371622648065,1403.4409391303452,4.72142028138087,29724.97374709209,1593.1260284794043,-158.68849362712717
5506,27444.441255274236,2744.4441255274237,122.90844731248944,0.4339752659076934,1280.5324918178558,4.30793481169391,29724.97374709209,1593.1260284794043,-158.68849362712717
5507,27600.01988553405,2760.0019885534048,155.5786302598135,0.5469561833314929,1124.9538615580423,3.7845411441888763,29724.97374709209,1593.1260284794043,-158.68849362712717
5508,27618.688561503946,2761.868856150395,18.668675969896867,0.0652750454182005,1106.2851855881454,3.7217364597214155,29724.97374709209,1593.1260284794043,-158.68849362712717
5509,27918.95655235496,2791.895655235496,300.2679908510145,1.0492024825166757,806.0171947371309,2.711582528532868,29724.97374709209,1593.1260284794043,-158.68849362712717
5510,27595.352716541573,2759.5352716541574,-323.6038358133883,-1.1190024620270633,1129.6210305505192,3.800242315305751,29724.97374709209,1593.1260284794043,-158.68849362712717
5511,27783.601529748703,2778.3601529748703,188.2488132071303,0.6583196055428786,941.3722173433889,3.1669404499826705,29724.97374709209,1593.1260284794043,-158.68849362712717
5512,27886.28399546614,2788.628399546614,102.68246571743657,0.3567394636536658,838.6897516259523,2.8214987127044946,29724.97374709209,1593.1260284794043,-158.68849362712717
5513,27906.509977061196,2790.6509977061196,20.22598159505651,0.07001932681347522,818.4637700308958,2.7534549802956976,29724.97374709209,1593.1260284794043,-158.68849362712717
5514,27904.952671436036,2790.4952671436035,-1.5573056251596427,-0.00538738722314358,820.0210756560555,2.7586940282370334,29724.97374709209,1593.1260284794043,-158.68849362712717
5515,27726.038196213856,2772.603819621386,-178.91447522218004,-0.6189751536904708,998.9355508782355,3.3605935513263776,29724.97374709209,1593.1260284794043,-158.68849362712717
5516,27147.285501732036,2714.7285501732035,-578.7526944818201,-2.014732036936795,1577.6882453600556,5.307618633353364,29724.97374709209,1593.1260284794043,-158.68849362712717
5517,27184.62522761333,2718.4625227613333,37.339725881294726,0.13265835484916888,1540.3485194787609,5.182001278064876,29724.97374709209,1593.1260284794043,-158.68849362712717
5518,27852.056506893663,2785.2056506893664,667.4312792803321,2.368068668255452,872.9172401984288,2.9366459584638784,29724.97374709209,1593.1260284794043,-158.68849362712717
5519,28270.563402123193,2827.0563402123194,418.5068952295296,1.4505270885267318,454.41034496889915,1.528715715058799,29724.97374709209,1593.1260284794043,-158.68849362712717
5520,28178.772580015866,2817.8772580015866,-91.79082210732668,-0.313594312641996,546.2011670762258,1.8375160621619022,29724.97374709209,1593.1260284794043,-158.68849362712717
5521,28191.21915530963,2819.121915530963,12.446575293764909,0.042656267530216674,533.7545917824609,1.7956436103990725,29724.97374709209,1593.1260284794043,-158.68849362712717
5522,28614.393219531637,2861.439321953164,423.17406422200656,1.4496621808446575,110.58052756045436,0.37201219587711876,29724.97374709209,1647.579498646941,-158.68849362712717
5523,29280.269567128307,2928.0269567128307,665.8763475966698,2.2484889109850137,0.0,0.0,30280.269567128307,2313.4558462436107,-158.68849362712717
5524,30076.83139439726,3007.683139439726,796.5618272689535,2.630629907382609,0.0,0.0,31076.83139439726,3110.017673512564,-158.68849362712717
5525,29527.639019495447,2952.7639019495446,-549.1923749018133,-1.7672084001486232,549.1923749018133,1.7672084001486246,31076.83139439726,3110.017673512564,-158.68849362712717
5526,29501.19093722426,2950.119093722426,-26.44808227118847,-0.08663651405960149,575.6404571730018,1.8523138664541652,31076.83139439726,3110.017673512564,-158.68849362712717
5527,29812.348197743882,2981.234819774388,311.1572605196234,1.020147905568769,264.4831966533784,0.8510623019985918,31076.83139439726,3110.017673512564,-158.68849362712717
5528,29790.567284465167,2979.0567284465164,-21.78091327871516,-0.0706889106241837,286.26410993209356,0.9211496059527587,31076.83139439726,3110.017673512564,-158.68849362712717
5529,29792.122216148826,2979.2122216148828,1.5549316836586513,0.0050500260982300205,284.7091782484349,0.9161460981500327,31076.83139439726,3110.017673512564,-158.68849362712717
5530,29435.84819738812,2943.5848197388123,-356.2740187607051,-1.157029763196571,640.98319700914,2.0625757783166425,31076.83139439726,3110.017673512564,-158.68849362712717
5531,29547.865001090504,2954.7865001090504,112.01680370238319,0.368042326193474,528.9663933067568,1.7021246039971836,31076.83139439726,3110.017673512564,-158.68849362712717
5532,29521.414544877814,2952.1414544877816,-26.45045621268946,-0.08658692256151568,555.4168495194463,1.787237709245932,31076.83139439726,3110.017673512564,-158.68849362712717
5533,29333.165731670684,2933.3165731670683,-188.2488132071303,-0.6167761750699108,743.6656627265766,2.3929906279333535,31076.83139439726,3110.017673512564,-158.68849362712717
5534,29059.348197032356,2905.9348197032355,-273.81753463832865,-0.9027001568531867,1017.4831973649052,3.2740892546347045,31076.83139439726,3110.017673512564,-158.68849362712717
5535,29281.824498811966,2928.1824498811966,222.47630177961037,0.7401235060764622,795.0068955852948,2.558198052741709,31076.83139439726,3110.017673512564,-158.68849362712717
5536,29437.403129071776,2943.7403129071777,155.57863025980987,0.5137690110644133,639.428265325485,2.057572270513928,31076.83139439726,3110.017673512564,-158.68849362712717
5537,29312.939750075628,2931.293975007563,-124.4633789961481,-0.4089158936074533,763.8916443216331,2.4580744240847943,31076.83139439726,3110.017673512564,-158.68849362712717
5538,30053.49554943489,3005.3495549434892,740.5557993592629,2.443035236651414,23.335844962370174,0.0750908117568811,31076.83139439726,3110.017673512564,-158.68849362712717
5539,29837.241348331412,2983.724134833141,-216.2542011034784,-0.6963924584889924,239.59004606584858,0.770960343495777,31076.83139439726,3110.017673512564,-158.68849362712717
5540,30157.732946835982,3015.773294683598,320.49159850457,1.039300483737704,0.0,0.0,31157.732946835982,3190.9192259512856,-158.68849362712717
5541,29813.903129427537,2981.3903129427536,-343.8298174084448,-1.103513590013483,343.8298174084448,1.1035135900134871,31157.732946835982,3190.9192259512856,-158.68849362712717
5542,29582.09248966298,2958.2092489662978,-231.81063976455698,-0.7522923622849231,575.6404571730018,1.8475043038439585,31157.732946835982,3190.9192259512856,-158.68849362712717
5543,29485.63212462168,2948.563212462168,-96.46036504130097,-0.31541453572513367,672.1008222143028,2.157091542446619,31157.732946835982,3190.9192259512856,-158.68849362712717
5544,29603.873402941696,2960.3873402941695,118.24127832001614,0.387859034172755,553.8595438942866,1.777598982696622,31157.732946835982,3190.9192259512856,-158.68849362712717
5545,29773.45354017893,2977.3453540178925,169.58013723723343,0.554113314365412,384.2794066570532,1.2333355809703612,31157.732946835982,3190.9192259512856,-158.68849362712717
5546,29443.625229747908,2944.362522974791,-329.82831043102124,-1.0717949157067697,714.1077170880744,2.2919116686266836,31157.732946835982,3190.9192259512856,-158.68849362712717
5547,29675.438243453966,2967.5438243453964,231.81301370605797,0.7614500965527071,482.29470338201645,1.5479133356876424,31157.732946835982,3190.9192259512856,-158.68849362712717
5548,29829.46194203012,2982.946194203012,154.02369857615486,0.5021075733417479,328.2710048058616,1.053577952433144,31157.732946835982,3190.9192259512856,-158.68849362712717
5549,29286.49166780444,2928.649166780444,-542.9702742256814,-1.7612058077648318,871.241279031543,2.796228084110388,31157.732946835982,3190.9192259512856,-158.68849362712717
5550,29222.703859651956,2922.2703859651956,-63.787808152483194,-0.21061471514144392,935.0290871840261,3.000953531437777,31157.732946835982,3190.9192259512856,-158.68849362712717
5551,29368.94815192682,2936.894815192682,146.24429227486326,0.4838888438108979,788.7847949091629,2.53158596697345,31157.732946835982,3190.9192259512856,-158.68849362712717
5552,29566.5336770604,2956.65336770604,197.58552513358154,0.6506169530308359,591.1992697755813,1.89743994142429,31157.732946835982,3190.9192259512856,-158.68849362712717
5553,30005.264179943486,3000.5264179943483,438.73050288308514,1.4353295912396646,152.4687668924962,0.48934486713988984,31157.732946835982,3190.9192259512856,-158.68849362712717
5554,29767.229065561296,2976.7229065561296,-238.03511438218993,-0.7677248385974722,390.50388127468614,1.2533128836459237,31157.732946835982,3190.9192259512856,-158.68849362712717
5555,29726.779476312684,2972.677947631268,-40.44958924861203,-0.13146971786902606,430.95347052329817,1.3831348746028098,31157.732946835982,3190.9192259512856,-158.68849362712717
5556,29680.105412446443,2968.0105412446446,-46.67406386624134,-0.15190027937104222,477.6275343895395,1.5329341682352464,31157.732946835982,3190.9192259512856,-158.68849362712717
5557,29179.14203309453,2917.9142033094527,-500.9633793519133,-1.6328606848550198,978.5909137414528,3.140764173732438,31157.732946835982,3190.9192259512856,-158.68849362712717
5558,29580.53518403782,2958.053518403782,401.3931509432914,1.3300349973605075,577.1977627981614,1.8525024390671367,31157.732946835982,3190.9192259512856,-158.68849362712717
5559,29761.006964885164,2976.1006964885164,180.47178084734333,0.5901524605806951,396.7259819508181,1.273282567212917,31157.732946835982,3190.9192259512856,-158.68849362712717
5560,29817.015366736356,2981.7015366736355,56.00840185119159,0.1820759701238961,340.7175800996265,1.0935249386757,31157.732946835982,3190.9192259512856,-158.68849362712717
5561,29502.745868907918,2950.274586890792,-314.26949782843803,-1.0197921313550018,654.9870779280645,2.1021653887516787,31157.732946835982,3190.9192259512856,-158.68849362712717
5562,29263.15582284207,2926.315582284207,-239.59004606584858,-0.7854704199272367,894.5771239939131,2.871123921372322,31157.732946835982,3190.9192259512856,-158.68849362712717
5563,29149.581713514526,2914.9581713514526,-113.57410932754283,-0.3752883869494461,1008.151233321456,3.2356373136699346,31157.732946835982,3190.9192259512856,-158.68849362712717
5564,29154.2512564485,2915.42512564485,4.669542933974299,0.01548791946217598,1003.4816903874816,3.2206505271089805,31157.732946835982,3190.9192259512856,-158.68849362712717
5565,29096.68554897215,2909.668554897215,-57.565707476351236,-0.19090411825112286,1061.0473978638329,3.4054062908693763,31157.732946835982,3190.9192259512856,-158.68849362712717
5566,29308.272581083154,2930.8272581083156,211.5870321110051,0.7030243638181277,849.4603657528278,2.7263227629630515,31157.732946835982,3190.9192259512856,-158.68849362712717
5567,29056.23595972354,2905.623595972354,-252.0366213596135,-0.8315769916789062,1101.4969871124413,3.5352282818262504,31157.732946835982,3190.9192259512856,-158.68849362712717
5568,29445.182535373067,2944.518253537307,388.9465756495265,1.2940628233379936,712.5504114629148,2.2869135334035047,31157.732946835982,3190.9192259512856,-158.68849362712717
5569,29768.786371186456,2976.8786371186457,323.6038358133883,1.0629065384561542,388.9465756495265,1.2483147484227455,31157.732946835982,3190.9192259512856,-158.68849362712717
5570,30062.829887419837,3006.282988741984,294.0435162333815,0.9556552302262489,94.90305941614497,0.3045891033794942,31157.732946835982,3190.9192259512856,-158.68849362712717
5571,30462.665732737973,3046.266573273797,399.8358453181354,1.287184222323745,0.0,0.0,31462.665732737973,3495.852011853276,-158.68849362712717
5572,30856.279477379972,3085.627947737997,393.6137446419998,1.251050206570481,0.0,0.0,31856.279477379972,3889.465756495276,-158.68849362712717
5573,31509.711623624382,3150.9711623624385,653.4321462444095,2.051187888116024,0.0,0.0,32509.711623624382,4542.897902739685,-158.68849362712717
5574,31254.56276495595,3125.456276495595,-255.14885866843179,-0.7848388863683997,255.14885866843179,0.7848388863683997,32509.711623624382,4542.897902739685,-158.68849362712717
5575,31318.348199166932,3131.8348199166935,63.7854342109822,0.19775631334950639,191.36342445744958,0.5886346414663004,32509.711623624382,4542.897902739685,-158.68849362712717
5576,31632.61769699537,3163.2617696995367,314.26949782843803,0.9724181938127074,0.0,0.0,32632.61769699537,4665.803976110674,-158.68849362712717
5577,31506.599386315564,3150.6599386315565,-126.01831067980675,-0.38617285272646296,126.01831067980675,0.3861728527264603,32632.61769699537,4665.803976110674,-158.68849362712717
5578,31540.826874888044,3154.082687488804,34.22748857248007,0.10529396866683083,91.79082210732668,0.2812855007821768,32632.61769699537,4665.803976110674,-158.68849362712717
5579,31340.129112445644,3134.0129112445643,-200.69776244239983,-0.616756799739715,292.4885845497265,0.8963074530691334,32632.61769699537,4665.803976110674,-158.68849362712717
5580,31783.52915826271,3178.352915826271,443.4000458170667,1.3710521818740329,0.0,0.0,32783.52915826271,4816.715437378014,-158.68849362712717
5581,32413.62308560324,3241.362308560324,630.0939273405311,1.92198321388386,0.0,0.0,33413.62308560324,5446.809364718545,-158.68849362712717
5582,31825.53605313648,3182.553605313648,-588.087032466763,-1.7600217461007706,588.087032466763,1.7600217461007668,33413.62308560324,5446.809364718545,-158.68849362712717
5583,32340.500939465812,3234.050093946581,514.9648863293332,1.5687935316447854,73.12214613742981,0.2188393217643482,33413.62308560324,5446.809364718545,-158.68849362712717
5584,32793.23532326782,3279.3235323267822,452.7343838020097,1.357911162234826,0.0,0.0,33793.23532326782,5826.421602383125,-158.68849362712717
5585,32937.92230991753,3293.792230991753,144.68698664970725,0.42815369782036594,0.0,0.0,33937.92230991753,5971.108589032832,-158.68849362712717
5586,33025.04596303238,3302.5045963032385,87.12365311485337,0.25671475206776595,0.0,0.0,34025.04596303238,6058.232242147686,-158.68849362712717
5587,32429.17952426432,3242.917952426432,-595.8664387680619,-1.7512582919519404,595.8664387680619,1.7512582919519355,34025.04596303238,6058.232242147686,-158.68849362712717
5588,32544.308565275525,3254.430856527553,115.12904101120512,0.3443968492485405,480.7373977568568,1.41289272108308,34025.04596303238,6058.232242147686,-158.68849362712717
5589,32818.126099913854,3281.812609991385,273.81753463832865,0.8162861193143689,206.91986311852816,0.6081398489317045,34025.04596303238,6058.232242147686,-158.68849362712717
5590,32058.90399852619,3205.890399852619,-759.2221013876624,-2.2450152889742614,966.1419645061906,2.8395023053191077,34025.04596303238,6058.232242147686,-158.68849362712717
5591,30622.911531990256,3062.2911531990253,-1435.9924665359358,-4.343738880756465,2402.1344310421264,7.05990062041945,34025.04596303238,6058.232242147686,-158.68849362712717
5592,30538.90011618422,3053.890011618422,-84.01141580603507,-0.26566628983877294,2486.1458468481615,7.306811134213648,34025.04596303238,6058.232242147686,-158.68849362712717
5593,30423.77107517302,3042.3771075173017,-115.12904101120148,-0.36503822450080214,2601.274887859363,7.645176705082493,34025.04596303238,6058.232242147686,-158.68849362712717
5594,28838.424452994903,2883.8424452994905,-1585.3466221781164,-5.0450552811933225,4186.621510037479,12.304528595159491,34025.04596303238,6058.232242147686,-158.68849362712717
5595,29118.466462250864,2911.8466462250863,280.0420092559616,0.938528137426009,3906.5795007815177,11.481481920776677,34025.04596303238,6058.232242147686,-158.68849362712717
5596,29874.578700271206,2987.4578700271204,756.1122380203415,2.510460613816501,3150.4672627611762,9.259259388463734,34025.04596303238,6058.232242147686,-158.68849362712717
5597,30146.841303225876,3014.684130322588,272.26260295467,0.881834228728362,2878.2046598065062,8.459076478349582,34025.04596303238,6058.232242147686,-158.68849362712717
5598,30834.49856410126,3083.449856410126,687.657260875385,2.207791326834041,2190.5473989311213,6.438043908334798,34025.04596303238,6058.232242147686,-158.68849362712717
5599,31189.217651178307,3118.921765117831,354.7190870770464,1.1142600106070155,1835.8283118540749,5.3955204464636735,34025.04596303238,6058.232242147686,-158.68849362712717
5600,31077.200847475924,3107.7200847475924,-112.01680370238319,-0.34799480035913044,1947.845115556458,5.724739116216794,34025.04596303238,6058.232242147686,-158.68849362712717
5601,30717.8145914064,3071.78145914064,-359.38625606952337,-1.1203791059524515,2307.2313716259814,6.780979441240867,34025.04596303238,6058.232242147686,-158.68849362712717
5602,30773.822993257592,3077.382299325759,56.00840185119159,0.17658342030402174,2251.22296977479,6.616370106364307,34025.04596303238,6058.232242147686,-158.68849362712717
5603,30811.162719138887,3081.116271913889,37.339725881294726,0.11751725906328225,2213.883243893495,6.506628224099507,34025.04596303238,6058.232242147686,-158.68849362712717
5604,31433.477240178134,3143.3477240178136,622.3145210392468,1.9562771928007372,1591.5687228542483,4.677638715267159,34025.04596303238,6058.232242147686,-158.68849362712717
5605,31430.365002869316,3143.0365002869316,-3.112237308818294,-0.00959575590915307,1594.6809601630666,4.686785616382883,34025.04596303238,6058.232242147686,-158.68849362712717
5606,31066.31157780732,3106.631157780732,-364.0534250619967,-1.1225696196443868,1958.7343852250633,5.756742804559893,34025.04596303238,6058.232242147686,-158.68849362712717
5607,30837.610801410076,3083.7610801410074,-228.70077639724332,-0.7132119821212091,2187.4351616223066,6.428897007219084,34025.04596303238,6058.232242147686,-158.68849362712717
5608,29831.01687371378,2983.101687371378,-1006.5939276962963,-3.1616503322909995,3194.029089318603,9.387288095918695,34025.04596303238,6058.232242147686,-158.68849362712717
5609,30132.839796248452,3013.283979624845,301.8229225346731,0.9789587017871026,2892.20616678393,8.500227067808405,34025.04596303238,6058.232242147686,-158.68849362712717
5610,30330.425321382034,3033.0425321382036,197.58552513358154,0.6346530751023538,2694.6206416503483,7.919520945182577,34025.04596303238,6058.232242147686,-158.68849362712717
5611,30943.405504436327,3094.3405504436328,612.9801830542929,1.9565013138712617,2081.6404585960554,6.117965162656125,34025.04596303238,6058.232242147686,-158.68849362712717
5612,31282.565778910797,3128.2565778910803,339.1602744744705,1.061753651868358,1742.480184121585,5.1211692293223035,34025.04596303238,6058.232242147686,-158.68849362712717
5613,31509.711623624382,3150.9711623624385,227.14584471358467,0.7036176934299698,1515.3343394080002,4.453584988700337,34025.04596303238,6058.232242147686,-158.68849362712717
5614,32091.574181473516,3209.157418147352,581.8625578491337,1.7898115018230465,933.4717815588665,2.743484263248512,34025.04596303238,6058.232242147686,-158.68849362712717
5615,32118.0222637447,3211.8022263744697,26.44808227118483,0.07992391696491907,907.0236992876817,2.665753046368099,34025.04596303238,6058.232242147686,-158.68849362712717
5616,32002.895596675,3200.2895596675003,-115.12666706970049,-0.3476254292990588,1022.1503663573822,3.0041116401956685,34025.04596303238,6058.232242147686,-158.68849362712717
5617,31861.31847339261,3186.1318473392607,-141.57712328238995,-0.42898394435624265,1163.727489639772,3.4202084279449365,34025.04596303238,6058.232242147686,-158.68849362712717
5618,32035.565779622324,3203.5565779622325,174.247306229714,0.5302505021848036,989.4801834100581,2.9080935981250726,34025.04596303238,6058.232242147686,-158.68849362712717
5619,32166.2512592946,3216.6251259294595,130.68547967227641,0.3955902573125947,858.7947037377817,2.5240074757602007,34025.04596303238,6058.232242147686,-158.68849362712717
5620,32135.13600803094,3213.513600803094,-31.115251263661776,-0.09381600296156645,889.9099550014434,2.6154555557935617,34025.04596303238,6058.232242147686,-158.68849362712717
5621,32365.39409005334,3236.539409005334,230.25808202240296,0.6949061019897229,659.6518729790405,1.9387244140558715,34025.04596303238,6058.232242147686,-158.68849362712717
5622,31855.09399877498,3185.5093998774983,-510.3000912783609,-1.5294292340772508,1169.9519642574014,3.4385022301763644,34025.04596303238,6058.232242147686,-158.68849362712717
5623,30832.943632417602,3083.2943632417605,-1022.1503663573785,-3.11108641599227,2192.10233061478,6.442613870372021,34025.04596303238,6058.232242147686,-158.68849362712717
5624,30039.491668515966,3003.9491668515966,-793.4519639016362,-2.4925497719086587,2985.554294516416,8.774578284949765,34025.04596303238,6058.232242147686,-158.68849362712717
5625,30769.15582426512,3076.915582426512,729.664155749153,2.3507606488583965,2255.890138767263,6.630086969517245,34025.04596303238,6058.232242147686,-158.68849362712717
5626,30196.627604400936,3019.6627604400933,-572.5282198641835,-1.8021511903910548,2828.4183586314466,8.312753968663184,34025.04596303238,6058.232242147686,-158.68849362712717
5627,29893.249750182604,2989.3249750182604,-303.3778542183318,-0.9724700312656043,3131.7962128497784,9.204384958810696,34025.04596303238,6058.232242147686,-158.68849362712717
5628,29905.693951534868,2990.5693951534868,12.444201352263917,0.040281295923527694,3119.3520114975145,9.167811308430371,34025.04596303238,6058.232242147686,-158.68849362712717
5629,29459.808994320538,2945.980899432054,-445.8849572143299,-1.4427275372413617,3565.2369687118444,10.478272307362676,34025.04596303238,6058.232242147686,-158.68849362712717
5630,29459.808994320538,2945.980899432054,0.0,0.0,3565.2369687118444,10.478272307362676,34025.04596303238,0.0,0.0
5631,29459.808994320538,2945.980899432054,0.0,0.0,3565.2369687118444,10.478272307362676,34025.04596303238,0.0,0.0
5632,29459.808994320538,2945.980899432054,0.0,0.0,3565.2369687118444,10.478272307362676,34025.04596303238,0.0,0.0
5633,29459.808994320538,2945.980899432054,0.0,0.0,3565.2369687118444,10.478272307362676,34025.04596303238,0.0,0.0
5634,29459.808994320538,2945.980899432054,0.0,0.0,3565.2369687118444,10.478272307362676,34025.04596303238,0.0,0.0
5635,29459.808994320538,2945.980899432054,0.0,0.0,3565.2369687118444,10.478272307362676,34025.04596303238,0.0,0.0
5636,29459.808994320538,2945.980899432054,0.0,0.0,3565.2369687118444,10.478272307362676,34025.04596303238,0.0,0.0
5637,29459.808994320538,2945.980899432054,0.0,0.0,3565.2369687118444,10.478272307362676,34025.04596303238,0.0,0.0
5638,29459.808994320538,2945.980899432054,0.0,0.0,3565.2369687118444,10.478272307362676,34025.04596303238,0.0,0.0
5639,29459.808994320538,2945.980899432054,0.0,0.0,3565.2369687118444,10.478272307362676,34025.04596303238,0.0,0.0
5640,29459.808994320538,2945.980899432054,0.0,0.0,3565.2369687118444,10.478272307362676,34025.04596303238,0.0,0.0
5641,29459.808994320538,2945.980899432054,0.0,0.0,3565.2369687118444,10.478272307362676,34025.04596303238,0.0,0.0
5642,29429.379614705835,2942.9379614705836,-30.429379614703066,-0.09990009990008542,3595.6663483265474,10.567704602759909,34025.04596303238,0.0,0.0
5643,29549.69551339394,2954.9695513393945,120.31589868810624,0.3953938601822804,3475.350449638441,10.214094797739138,34025.04596303238,120.31589868810624,0.0
5644,29753.643723125857,2975.3643723125856,203.948209731916,0.6675949016987648,3271.402239906525,9.614688672164753,34025.04596303238,324.26410842002224,0.0
5645,27316.066353484246,2731.606635348425,-2437.577369641611,-7.926141668242792,5708.979609548136,16.77875649529127,34025.04596303238,324.26410842002224,-2113.3132612215886
5646,27316.066353484246,2731.606635348425,0.0,0.0,5708.979609548136,16.77875649529127,34025.04596303238,0.0,0.0
5647,27316.066353484246,2731.606635348425,0.0,0.0,5708.979609548136,16.77875649529127,34025.04596303238,0.0,0.0
5648,27316.066353484246,2731.606635348425,0.0,0.0,5708.979609548136,16.77875649529127,34025.04596303238,0.0,0.0
5649,27316.066353484246,2731.606635348425,0.0,0.0,5708.979609548136,16.77875649529127,34025.04596303238,0.0,0.0
5650,27316.066353484246,2731.606635348425,0.0,0.0,5708.979609548136,16.77875649529127,34025.04596303238,0.0,0.0
5651,27316.066353484246,2731.606635348425,0.0,0.0,5708.979609548136,16.77875649529127,34025.04596303238,0.0,0.0
5652,27316.066353484246,2731.606635348425,0.0,0.0,5708.979609548136,16.77875649529127,34025.04596303238,0.0,0.0
5653,27316.066353484246,2731.606635348425,0.0,0.0,5708.979609548136,16.77875649529127,34025.04596303238,0.0,0.0
5654,27316.066353484246,2731.606635348425,0.0,0.0,5708.979609548136,16.77875649529127,34025.04596303238,0.0,0.0
5655,27316.066353484246,2731.606635348425,0.0,0.0,5708.979609548136,16.77875649529127,34025.04596303238,0.0,0.0
5656,27316.066353484246,2731.606635348425,0.0,0.0,5708.979609548136,16.77875649529127,34025.04596303238,0.0,0.0
5657,27316.066353484246,2731.606635348425,0.0,0.0,5708.979609548136,16.77875649529127,34025.04596303238,0.0,0.0
5658,27316.066353484246,2731.606635348425,0.0,0.0,5708.979609548136,16.77875649529127,34025.04596303238,0.0,0.0
5659,27316.066353484246,2731.606635348425,0.0,0.0,5708.979609548136,16.77875649529127,34025.04596303238,0.0,0.0
5660,27316.066353484246,2731.606635348425,0.0,0.0,5708.979609548136,16.77875649529127,34025.04596303238,0.0,0.0
5661,27316.066353484246,2731.606635348425,0.0,0.0,5708.979609548136,16.77875649529127,34025.04596303238,0.0,0.0
5662,27316.066353484246,2731.606635348425,0.0,0.0,5708.979609548136,16.77875649529127,34025.04596303238,0.0,0.0
5663,27316.066353484246,2731.606635348425,0.0,0.0,5708.979609548136,16.77875649529127,34025.04596303238,0.0,0.0
5664,27316.066353484246,2731.606635348425,0.0,0.0,5708.979609548136,16.77875649529127,34025.04596303238,0.0,0.0
5665,27316.066353484246,2731.606635348425,0.0,0.0,5708.979609548136,16.77875649529127,34025.04596303238,0.0,0.0
5666,27316.066353484246,2731.606635348425,0.0,0.0,5708.979609548136,16.77875649529127,34025.04596303238,0.0,0.0
5667,27316.066353484246,2731.606635348425,0.0,0.0,5708.979609548136,16.77875649529127,34025.04596303238,0.0,0.0
5668,27316.066353484246,2731.606635348425,0.0,0.0,5708.979609548136,16.77875649529127,34025.04596303238,0.0,0.0
5669,27316.066353484246,2731.606635348425,0.0,0.0,5708.979609548136,16.77875649529127,34025.04596303238,0.0,0.0
5670,27316.066353484246,2731.606635348425,0.0,0.0,5708.979609548136,16.77875649529127,34025.04596303238,0.0,0.0
5671,27316.066353484246,2731.606635348425,0.0,0.0,5708.979609548136,16.77875649529127,34025.04596303238,0.0,0.0
5672,27316.066353484246,2731.606635348425,0.0,0.0,5708.979609548136,16.77875649529127,34025.04596303238,0.0,0.0
5673,27316.066353484246,2731.606635348425,0.0,0.0,5708.979609548136,16.77875649529127,34025.04596303238,0.0,0.0
5674,27316.066353484246,2731.606635348425,0.0,0.0,5708.979609548136,16.77875649529127,34025.04596303238,0.0,0.0
5675,27316.066353484246,2731.606635348425,0.0,0.0,5708.979609548136,16.77875649529127,34025.04596303238,0.0,0.0
5676,27316.066353484246,2731.606635348425,0.0,0.0,5708.979609548136,16.77875649529127,34025.04596303238,0.0,0.0
5677,27316.066353484246,2731.606635348425,0.0,0.0,5708.979609548136,16.77875649529127,34025.04596303238,0.0,0.0
5678,27287.778574909342,2728.7778574909344,-28.287778574904223,-0.09990009990008542,5737.26738812304,16.861894600690565,34025.04596303238,0.0,0.0
5679,27601.234598659674,2760.123459865967,313.45602375033195,1.108096992912544,5423.811364372708,15.94064375479635,34025.04596303238,313.45602375033195,0.0
5680,27710.73962520742,2771.073962520742,109.50502654774755,0.3828681806374856,5314.306337824961,15.618807226884753,34025.04596303238,422.9610502980795,0.0
5681,26413.110595498467,2641.3110595498465,-1297.6290297089545,-4.519664232438181,6611.935367533915,19.43255381555595,34025.04596303238,422.9610502980795,-874.667979410875
5682,26547.253156486262,2654.7253156486263,134.14256098779515,0.4893372480313296,6477.79280654612,19.038307291587873,34025.04596303238,422.9610502980795,-874.667979410875
5683,26196.8387424412,2619.6838742441196,-350.4144140450626,-1.2720484763198758,6828.207220591183,20.068179270088013,34025.04596303238,422.9610502980795,-1090.9398324681424
5684,25694.486600111868,2569.448660011187,-502.3521423293314,-1.8470975508833698,7330.559362920514,21.544597973166706,34025.04596303238,422.9610502980795,-1593.2919747974738
5685,25409.77436654159,2540.977436654159,-284.712233570277,-1.0665581917169487,7615.271596490791,22.38137049032836,34025.04596303238,422.9610502980795,-1878.0042083677508
5686,25390.2022034975,2539.02022034975,-19.572163044089393,-0.07410954282474069,7634.8437595348805,22.438893301804807,34025.04596303238,422.9610502980795,-1897.5763714118402
5687,25390.2022034975,2539.02022034975,0.0,0.0,7634.8437595348805,22.438893301804807,34025.04596303238,0.0,0.0
5688,25390.2022034975,2539.02022034975,0.0,0.0,7634.8437595348805,22.438893301804807,34025.04596303238,0.0,0.0
5689,25390.2022034975,2539.02022034975,0.0,0.0,7634.8437595348805,22.438893301804807,34025.04596303238,0.0,0.0
5690,25390.2022034975,2539.02022034975,0.0,0.0,7634.8437595348805,22.438893301804807,34025.04596303238,0.0,0.0
5691,25390.2022034975,2539.02022034975,0.0,0.0,7634.8437595348805,22.438893301804807,34025.04596303238,0.0,0.0
5692,25390.2022034975,2539.02022034975,0.0,0.0,7634.8437595348805,22.438893301804807,34025.04596303238,0.0,0.0
5693,25390.2022034975,2539.02022034975,0.0,0.0,7634.8437595348805,22.438893301804807,34025.04596303238,0.0,0.0
5694,25390.2022034975,2539.02022034975,0.0,0.0,7634.8437595348805,22.438893301804807,34025.04596303238,0.0,0.0
5695,25390.2022034975,2539.02022034975,0.0,0.0,7634.8437595348805,22.438893301804807,34025.04596303238,0.0,0.0
5696,25390.2022034975,2539.02022034975,0.0,0.0,7634.8437595348805,22.438893301804807,34025.04596303238,0.0,0.0
5697,25390.2022034975,2539.02022034975,0.0,0.0,7634.8437595348805,22.438893301804807,34025.04596303238,0.0,0.0
5698,25390.2022034975,2539.02022034975,0.0,0.0,7634.8437595348805,22.438893301804807,34025.04596303238,0.0,0.0
5699,25390.2022034975,2539.02022034975,0.0,0.0,7634.8437595348805,22.438893301804807,34025.04596303238,0.0,0.0
5700,25390.2022034975,2539.02022034975,0.0,0.0,7634.8437595348805,22.438893301804807,34025.04596303238,0.0,0.0
5701,25390.2022034975,2539.02022034975,0.0,0.0,7634.8437595348805,22.438893301804807,34025.04596303238,0.0,0.0
5702,25390.2022034975,2539.02022034975,0.0,0.0,7634.8437595348805,22.438893301804807,34025.04596303238,0.0,0.0
5703,25390.2022034975,2539.02022034975,0.0,0.0,7634.8437595348805,22.438893301804807,34025.04596303238,0.0,0.0
5704,25390.2022034975,2539.02022034975,0.0,0.0,7634.8437595348805,22.438893301804807,34025.04596303238,0.0,0.0
5705,25390.2022034975,2539.02022034975,0.0,0.0,7634.8437595348805,22.438893301804807,34025.04596303238,0.0,0.0
5706,25390.2022034975,2539.02022034975,0.0,0.0,7634.8437595348805,22.438893301804807,34025.04596303238,0.0,0.0
5707,25390.2022034975,2539.02022034975,0.0,0.0,7634.8437595348805,22.438893301804807,34025.04596303238,0.0,0.0
5708,25390.2022034975,2539.02022034975,0.0,0.0,7634.8437595348805,22.438893301804807,34025.04596303238,0.0,0.0
5709,25390.2022034975,2539.02022034975,0.0,0.0,7634.8437595348805,22.438893301804807,34025.04596303238,0.0,0.0
5710,25390.2022034975,2539.02022034975,0.0,0.0,7634.8437595348805,22.438893301804807,34025.04596303238,0.0,0.0
5711,25390.2022034975,2539.02022034975,0.0,0.0,7634.8437595348805,22.438893301804807,34025.04596303238,0.0,0.0
5712,25390.2022034975,2539.02022034975,0.0,0.0,7634.8437595348805,22.438893301804807,34025.04596303238,0.0,0.0
5713,25390.2022034975,2539.02022034975,0.0,0.0,7634.8437595348805,22.438893301804807,34025.04596303238,0.0,0.0
5714,25390.2022034975,2539.02022034975,0.0,0.0,7634.8437595348805,22.438893301804807,34025.04596303238,0.0,0.0
5715,25390.2022034975,2539.02022034975,0.0,0.0,7634.8437595348805,22.438893301804807,34025.04596303238,0.0,0.0
5716,25390.2022034975,2539.02022034975,0.0,0.0,7634.8437595348805,22.438893301804807,34025.04596303238,0.0,0.0
5717,25390.2022034975,2539.02022034975,0.0,0.0,7634.8437595348805,22.438893301804807,34025.04596303238,0.0,0.0
5718,25390.2022034975,2539.02022034975,0.0,0.0,7634.8437595348805,22.438893301804807,34025.04596303238,0.0,0.0
5719,25390.2022034975,2539.02022034975,0.0,0.0,7634.8437595348805,22.438893301804807,34025.04596303238,0.0,0.0
5720,25390.2022034975,2539.02022034975,0.0,0.0,7634.8437595348805,22.438893301804807,34025.04596303238,0.0,0.0
5721,25390.2022034975,2539.02022034975,0.0,0.0,7634.8437595348805,22.438893301804807,34025.04596303238,0.0,0.0
5722,25390.2022034975,2539.02022034975,0.0,0.0,7634.8437595348805,22.438893301804807,34025.04596303238,0.0,0.0
5723,25390.2022034975,2539.02022034975,0.0,0.0,7634.8437595348805,22.438893301804807,34025.04596303238,0.0,0.0
5724,25390.2022034975,2539.02022034975,0.0,0.0,7634.8437595348805,22.438893301804807,34025.04596303238,0.0,0.0
5725,25390.2022034975,2539.02022034975,0.0,0.0,7634.8437595348805,22.438893301804807,34025.04596303238,0.0,0.0
5726,25390.2022034975,2539.02022034975,0.0,0.0,7634.8437595348805,22.438893301804807,34025.04596303238,0.0,0.0
5727,25390.2022034975,2539.02022034975,0.0,0.0,7634.8437595348805,22.438893301804807,34025.04596303238,0.0,0.0
5728,25390.2022034975,2539.02022034975,0.0,0.0,7634.8437595348805,22.438893301804807,34025.04596303238,0.0,0.0
5729,25390.2022034975,2539.02022034975,0.0,0.0,7634.8437595348805,22.438893301804807,34025.04596303238,0.0,0.0
5730,25390.2022034975,2539.02022034975,0.0,0.0,7634.8437595348805,22.438893301804807,34025.04596303238,0.0,0.0
5731,25390.2022034975,2539.02022034975,0.0,0.0,7634.8437595348805,22.438893301804807,34025.04596303238,0.0,0.0
5732,25390.2022034975,2539.02022034975,0.0,0.0,7634.8437595348805,22.438893301804807,34025.04596303238,0.0,0.0
5733,25390.2022034975,2539.02022034975,0.0,0.0,7634.8437595348805,22.438893301804807,34025.04596303238,0.0,0.0
5734,25390.2022034975,2539.02022034975,0.0,0.0,7634.8437595348805,22.438893301804807,34025.04596303238,0.0,0.0
5735,25390.2022034975,2539.02022034975,0.0,0.0,7634.8437595348805,22.438893301804807,34025.04596303238,0.0,0.0
5736,25390.2022034975,2539.02022034975,0.0,0.0,7634.8437595348805,22.438893301804807,34025.04596303238,0.0,0.0
5737,25390.2022034975,2539.02022034975,0.0,0.0,7634.8437595348805,22.438893301804807,34025.04596303238,0.0,0.0
5738,25390.2022034975,2539.02022034975,0.0,0.0,7634.8437595348805,22.438893301804807,34025.04596303238,0.0,0.0
5739,25390.2022034975,2539.02022034975,0.0,0.0,7634.8437595348805,22.438893301804807,34025.04596303238,0.0,0.0
5740,25390.2022034975,2539.02022034975,0.0,0.0,7634.8437595348805,22.438893301804807,34025.04596303238,0.0,0.0
5741,25390.2022034975,2539.02022034975,0.0,0.0,7634.8437595348805,22.438893301804807,34025.04596303238,0.0,0.0
5742,25390.2022034975,2539.02022034975,0.0,0.0,7634.8437595348805,22.438893301804807,34025.04596303238,0.0,0.0
5743,25390.2022034975,2539.02022034975,0.0,0.0,7634.8437595348805,22.438893301804807,34025.04596303238,0.0,0.0
5744,25390.2022034975,2539.02022034975,0.0,0.0,7634.8437595348805,22.438893301804807,34025.04596303238,0.0,0.0
5745,25390.2022034975,2539.02022034975,0.0,0.0,7634.8437595348805,22.438893301804807,34025.04596303238,0.0,0.0
5746,25390.2022034975,2539.02022034975,0.0,0.0,7634.8437595348805,22.438893301804807,34025.04596303238,0.0,0.0
5747,25390.2022034975,2539.02022034975,0.0,0.0,7634.8437595348805,22.438893301804807,34025.04596303238,0.0,0.0
5748,25363.838365132367,2536.3838365132365,-26.363838365134143,-0.09990009990010762,7661.207597900015,22.516376924879932,34025.04596303238,0.0,0.0
5749,25446.9494202444,2544.69494202444,83.11105511203277,0.3152464142776479,7578.096542787982,22.272112581483213,34025.04596303238,83.11105511203277,0.0
5750,25375.902477237378,2537.590247723738,-71.04694300702249,-0.2686394633954925,7649.143485795004,22.48092036115297,34025.04596303238,83.11105511203277,0.0
5751,25353.114028108535,2535.3114028108535,-22.78844912884233,-0.08639874653960655,7671.931934923847,22.547895874289978,34025.04596303238,83.11105511203277,-10.72433702383205
5752,25295.47301774584,2529.547301774584,-57.64101036269494,-0.21872561360761766,7729.572945286542,22.717303464290943,34025.04596303238,83.11105511203277,-68.36534738652699
5753,25170.80438961965,2517.0804389619652,-124.66862812619001,-0.47410680934339977,7854.241573412732,23.083705991010937,34025.04596303238,83.11105511203277,-193.033975512717
5754,25188.231692965648,2518.8231692965646,17.427303345997643,0.06659062933851434,7836.814270066734,23.032486946766497,34025.04596303238,83.11105511203277,-193.033975512717
5755,25097.075850992136,2509.7075850992137,-91.155841973512,-0.34807940850010155,7927.970112040246,23.300395010939432,34025.04596303238,83.11105511203277,-266.76251414023136
5756,25005.922054476763,2500.5922054476764,-91.15379651537296,-0.34928739539954456,8019.123908555619,23.56829706348746,34025.04596303238,83.11105511203277,-357.9163106556043
5757,25001.900683775093,2500.1900683775093,-4.021370701670094,-0.015463288297357103,8023.145279257289,23.580115918063115,34025.04596303238,83.11105511203277,-361.9376813572744
5758,24933.535336388562,2493.3535336388563,-68.36534738653063,-0.2629244231718397,8091.51062664382,23.781042457474133,34025.04596303238,83.11105511203277,-430.30302874380504
5759,24648.00574382116,2464.800574382116,-285.5295925674036,-1.1010052770042633,8377.040219211223,24.62021720209498,34025.04596303238,83.11105511203277,-715.8326213112086
5760,24539.329794020417,2453.932979402042,-108.67594980074136,-0.4237208572324236,8485.716169011965,24.93961706394621,34025.04596303238,83.11105511203277,-824.50857111195
5761,24539.329794020417,2453.932979402042,0.0,0.0,8485.716169011965,24.93961706394621,34025.04596303238,0.0,0.0
5762,24539.329794020417,2453.932979402042,0.0,0.0,8485.716169011965,24.93961706394621,34025.04596303238,0.0,0.0
5763,24539.329794020417,2453.932979402042,0.0,0.0,8485.716169011965,24.93961706394621,34025.04596303238,0.0,0.0
5764,24539.329794020417,2453.932979402042,0.0,0.0,8485.716169011965,24.93961706394621,34025.04596303238,0.0,0.0
5765,24539.329794020417,2453.932979402042,0.0,0.0,8485.716169011965,24.93961706394621,34025.04596303238,0.0,0.0
5766,24539.329794020417,2453.932979402042,0.0,0.0,8485.716169011965,24.93961706394621,34025.04596303238,0.0,0.0
5767,24539.329794020417,2453.932979402042,0.0,0.0,8485.716169011965,24.93961706394621,34025.04596303238,0.0,0.0
5768,24539.329794020417,2453.932979402042,0.0,0.0,8485.716169011965,24.93961706394621,34025.04596303238,0.0,0.0
5769,24539.329794020417,2453.932979402042,0.0,0.0,8485.716169011965,24.93961706394621,34025.04596303238,0.0,0.0
5770,24539.329794020417,2453.932979402042,0.0,0.0,8485.716169011965,24.93961706394621,34025.04596303238,0.0,0.0
5771,24539.329794020417,2453.932979402042,0.0,0.0,8485.716169011965,24.93961706394621,34025.04596303238,0.0,0.0
5772,24539.329794020417,2453.932979402042,0.0,0.0,8485.716169011965,24.93961706394621,34025.04596303238,0.0,0.0
5773,24539.329794020417,2453.932979402042,0.0,0.0,8485.716169011965,24.93961706394621,34025.04596303238,0.0,0.0
5774,24539.329794020417,2453.932979402042,0.0,0.0,8485.716169011965,24.93961706394621,34025.04596303238,0.0,0.0
5775,24539.329794020417,2453.932979402042,0.0,0.0,8485.716169011965,24.93961706394621,34025.04596303238,0.0,0.0
5776,24539.329794020417,2453.932979402042,0.0,0.0,8485.716169011965,24.93961706394621,34025.04596303238,0.0,0.0
5777,24539.329794020417,2453.932979402042,0.0,0.0,8485.716169011965,24.93961706394621,34025.04596303238,0.0,0.0
5778,24539.329794020417,2453.932979402042,0.0,0.0,8485.716169011965,24.93961706394621,34025.04596303238,0.0,0.0
5779,24539.329794020417,2453.932979402042,0.0,0.0,8485.716169011965,24.93961706394621,34025.04596303238,0.0,0.0
5780,24539.329794020417,2453.932979402042,0.0,0.0,8485.716169011965,24.93961706394621,34025.04596303238,0.0,0.0
5781,24539.329794020417,2453.932979402042,0.0,0.0,8485.716169011965,24.93961706394621,34025.04596303238,0.0,0.0
5782,24539.329794020417,2453.932979402042,0.0,0.0,8485.716169011965,24.93961706394621,34025.04596303238,0.0,0.0
5783,24513.815978042378,2451.3815978042376,-25.51381597803993,-0.09990009990008542,8511.229984990005,25.01460246148472,34025.04596303238,0.0,0.0
5784,24742.99724801025,2474.299724801025,229.18126996787396,0.8982633964480735,8282.04871502213,24.341036082715164,34025.04596303238,229.18126996787396,0.0
5785,24678.620442634463,2467.8620442634465,-64.37680537578854,-0.25007501945316646,8346.42552039792,24.530240251449374,34025.04596303238,229.18126996787396,0.0
5786,24198.370024625852,2419.837002462585,-480.2504180086107,-1.870234497532608,8826.67593840653,25.941701733471746,34025.04596303238,229.18126996787396,-315.4459534165253
5787,24221.544731541526,2422.1544731541526,23.174706915673596,0.09196907138449006,8803.501231490856,25.87359100427287,34025.04596303238,229.18126996787396,-315.4459534165253
5788,24137.855670402674,2413.785567040268,-83.68906113885168,-0.3318157631883367,8887.190292629708,26.11955411400615,34025.04596303238,229.18126996787396,-375.9603076397034
5789,24502.228624584543,2450.222862458454,364.3729541818684,1.4494989507433553,8522.81733844784,25.04865782608415,34025.04596303238,229.18126996787396,-375.9603076397034
5790,24695.359040711908,2469.5359040711905,193.1304161273656,0.757307994412626,8329.686922320474,24.481045319881517,34025.04596303238,229.18126996787396,-375.9603076397034
5791,24463.60214843423,2446.360214843423,-231.75689227767725,-0.9019406652791995,8561.443814598151,25.162181482135278,34025.04596303238,229.18126996787396,-375.9603076397034
5792,24246.008231924196,2424.6008231924197,-217.59391651003534,-0.8545292030625595,8779.037731108187,25.80169249630539,34025.04596303238,229.18126996787396,-375.9603076397034
5793,24204.80613346408,2420.480613346408,-41.20209846011494,-0.16320242820808684,8820.239829568302,25.922785935840725,34025.04596303238,229.18126996787396,-375.9603076397034
5794,24320.685561915012,2432.0685561915016,115.8794284509313,0.45975131821021087,8704.36040111737,25.58221496768735,34025.04596303238,229.18126996787396,-375.9603076397034
5795,24583.342063413587,2458.334206341359,262.6565014985754,1.0373198658319094,8441.703899618795,24.81026449983509,34025.04596303238,229.18126996787396,-375.9603076397034
5796,24614.243637258674,2461.4243637258674,30.901573845087114,0.12078786957736565,8410.802325773708,24.719444420183585,34025.04596303238,229.18126996787396,-375.9603076397034
5797,25036.555323353914,2503.6555323353914,422.31168609523957,1.6487376792221342,7988.490639678468,23.478265535211396,34025.04596303238,522.7393453115365,-375.9603076397034
5798,25200.07295910319,2520.007295910319,163.51763574927463,0.6280309884257429,7824.9730039291935,22.997685329891663,34025.04596303238,686.2569810608111,-375.9603076397034
5799,24567.89225880314,2456.7892258803136,-632.1807003000504,-2.4128967170696347,8457.153704229244,24.855671652634335,34025.04596303238,686.2569810608111,-375.9603076397034
5800,24945.139395285652,2494.5139395285655,377.2471364825142,1.4754721768378332,8079.90656774673,23.746937995397293,34025.04596303238,686.2569810608111,-375.9603076397034
5801,24164.892828470962,2416.489282847096,-780.2465668146906,-3.007293793751842,8860.15313456142,26.040091596607457,34025.04596303238,686.2569810608111,-375.9603076397034
5802,23962.750681195565,2396.2750681195566,-202.1421472753973,-0.803270447655946,9062.295281836818,26.634189683925314,34025.04596303238,686.2569810608111,-551.065296846813
5803,23326.7075297429,2332.6707529742903,-636.0431514526645,-2.547969010209261,9698.338433289482,28.503527794867807,34025.04596303238,686.2569810608111,-1187.1084482994775
5804,23403.958517419334,2340.3958517419333,77.2509876764343,0.3175562808159782,9621.087445613048,28.276486256818558,34025.04596303238,686.2569810608111,-1187.1084482994775
5805,23436.14692010723,2343.614692010723,32.18840268789427,0.1318982847185124,9588.899042925153,28.18188417245145,34025.04596303238,686.2569810608111,-1187.1084482994775
5806,23519.837945870266,2351.9837945870263,83.69102576303703,0.34248863389412243,9505.208017162116,27.935915288665175,34025.04596303238,686.2569810608111,-1187.1084482994775
5807,23616.40315393395,2361.6403153933948,96.5652080636828,0.39382482166832045,9408.642809098434,27.65210903556386,34025.04596303238,686.2569810608111,-1187.1084482994775
5808,23330.569980895514,2333.0569980895516,-285.8331730384343,-1.161149219286961,9694.475982136868,28.49217600666799,34025.04596303238,686.2569810608111,-1187.1084482994775
5809,22741.576366572775,2274.1576366572776,-588.9936143227387,-2.4207966142396953,10283.469596459607,30.22323498881505,34025.04596303238,686.2569810608111,-1772.239611469602
5810,22741.576366572775,2274.1576366572776,0.0,0.0,10283.469596459607,30.22323498881505,34025.04596303238,0.0,0.0
5811,22741.576366572775,2274.1576366572776,0.0,0.0,10283.469596459607,30.22323498881505,34025.04596303238,0.0,0.0
5812,22741.576366572775,2274.1576366572776,0.0,0.0,10283.469596459607,30.22323498881505,34025.04596303238,0.0,0.0
5813,22741.576366572775,2274.1576366572776,0.0,0.0,10283.469596459607,30.22323498881505,34025.04596303238,0.0,0.0
5814,22741.576366572775,2274.1576366572776,0.0,0.0,10283.469596459607,30.22323498881505,34025.04596303238,0.0,0.0
5815,22741.576366572775,2274.1576366572776,0.0,0.0,10283.469596459607,30.22323498881505,34025.04596303238,0.0,0.0
5816,22741.576366572775,2274.1576366572776,0.0,0.0,10283.469596459607,30.22323498881505,34025.04596303238,0.0,0.0
5817,22741.576366572775,2274.1576366572776,0.0,0.0,10283.469596459607,30.22323498881505,34025.04596303238,0.0,0.0
5818,22741.576366572775,2274.1576366572776,0.0,0.0,10283.469596459607,30.22323498881505,34025.04596303238,0.0,0.0
5819,22741.576366572775,2274.1576366572776,0.0,0.0,10283.469596459607,30.22323498881505,34025.04596303238,0.0,0.0
5820,22741.576366572775,2274.1576366572776,0.0,0.0,10283.469596459607,30.22323498881505,34025.04596303238,0.0,0.0
5821,22741.576366572775,2274.1576366572776,0.0,0.0,10283.469596459607,30.22323498881505,34025.04596303238,0.0,0.0
5822,22741.576366572775,2274.1576366572776,0.0,0.0,10283.469596459607,30.22323498881505,34025.04596303238,0.0,0.0
5823,22741.576366572775,2274.1576366572776,0.0,0.0,10283.469596459607,30.22323498881505,34025.04596303238,0.0,0.0
5824,22741.576366572775,2274.1576366572776,0.0,0.0,10283.469596459607,30.22323498881505,34025.04596303238,0.0,0.0
5825,22741.576366572775,2274.1576366572776,0.0,0.0,10283.469596459607,30.22323498881505,34025.04596303238,0.0,0.0
5826,22741.576366572775,2274.1576366572776,0.0,0.0,10283.469596459607,30.22323498881505,34025.04596303238,0.0,0.0
5827,22741.576366572775,2274.1576366572776,0.0,0.0,10283.469596459607,30.22323498881505,34025.04596303238,0.0,0.0
5828,22717.858508064714,2271.7858508064714,-23.71785850806191,-0.09990009990008542,10307.187454967669,30.292942046768278,34025.04596303238,0.0,0.0
5829,22849.865132238774,2284.9865132238774,132.00662417406056,0.5565705863755488,10175.180830793608,29.904973065572825,34025.04596303238,132.00662417406056,0.0
5830,23281.883315548002,2328.1883315548002,432.01818330922833,1.811407238212226,9743.16264748438,28.6352666740558,34025.04596303238,564.0248074832889,0.0
5831,23833.90868610228,2383.390868610228,552.0253705542782,2.27340426350211,9191.137276930102,27.012857783986867,34025.04596303238,1116.050178037567,0.0
5832,23440.291264556876,2344.0291264556877,-393.6174215454048,-1.5849998746499505,9584.754698475506,28.169703896621257,34025.04596303238,1116.050178037567,0.0
5833,26542.428621283183,2654.2428621283184,3102.137356726307,12.69271844245572,6482.617341749199,19.052486655837143,34025.04596303238,3824.5701132184695,0.0
5834,25846.399020762245,2584.6399020762246,-696.0296005209384,-2.5271177429251335,7178.6469422701375,21.098125628014174,34025.04596303238,3824.5701132184695,0.0
5835,26500.427845327013,2650.0427845327013,654.028824564768,2.4361882726207096,6524.6181177053695,19.17592741768594,34025.04596303238,3824.5701132184695,0.0
5836,26440.425167272697,2644.0425167272697,-60.002678054315766,-0.21818816198713176,6584.620795759685,19.352275976096433,34025.04596303238,3824.5701132184695,0.0
5837,26531.628578706146,2653.162857870615,91.20341143344922,0.3323687985061774,6493.417384326236,19.08422810473561,34025.04596303238,3824.5701132184695,0.0
5838,26789.641193021554,2678.9641193021557,258.0126143154084,0.9371498441431259,6235.404770010828,18.325926074531935,34025.04596303238,4071.782684956841,0.0
5839,26747.63858592897,2674.7638585928967,-42.002607092585095,-0.15114483415183955,6277.407377103413,18.44937221811164,34025.04596303238,4071.782684956841,0.0
5840,26698.43595045169,2669.843595045169,-49.20263547727882,-0.17732188389619763,6326.610012580692,18.593979327623668,34025.04596303238,4071.782684956841,0.0
5841,26636.032652557005,2663.6032652557005,-62.40329789468524,-0.2252953849319006,6389.013310475377,18.777383335255234,34025.04596303238,4071.782684956841,0.0
5842,26919.245366218835,2691.9245366218834,283.2127136618292,1.0247951188305793,6105.800596813548,17.945017924288457,34025.04596303238,4201.386858154121,0.0
5843,26914.44595767451,2691.444595767451,-4.799408544324251,-0.017190323310567468,6110.600005357872,17.959123440999704,34025.04596303238,4201.386858154121,0.0
5844,26601.231904985525,2660.1231904985525,-313.21405268898525,-1.1220500423468893,6423.814058046857,18.87966313117172,34025.04596303238,4201.386858154121,0.0
5845,26721.237261094157,2672.1237261094157,120.00535610863153,0.43478260869564966,6303.808701938226,18.526966014350734,34025.04596303238,4201.386858154121,0.0
5846,26883.245224295377,2688.3245224295374,162.00796320122026,0.5844182266301345,6141.800738737005,18.05082275395003,34025.04596303238,4201.386858154121,0.0
5847,27098.054006029808,2709.805400602981,214.80878173443125,0.7703865888152084,5926.991957002574,17.41949728280205,34025.04596303238,4380.195497965095,0.0
5848,27108.854048606845,2710.8854048606845,10.800042577036947,0.03843697707577309,5916.191914425537,17.38775583390358,34025.04596303238,4390.9955405421315,0.0
5849,26781.239939148472,2678.1239939148472,-327.6141094583727,-1.165519266249171,6243.80602388391,18.350617455940238,34025.04596303238,4390.9955405421315,0.0
5850,27164.057318116837,2716.4057318116834,382.8173789683642,1.3779708170221339,5860.988644915546,17.225512792204327,34025.04596303238,4446.198810052123,0.0
5851,27134.05597908968,2713.405597908968,-30.001339027156064,-0.10652349797576344,5890.989983942702,17.31368707140957,34025.04596303238,4446.198810052123,0.0
5852,27081.253329420055,2708.1253329420056,-52.80264966962568,-0.18768232248087546,5943.792633612327,17.468874663887757,34025.04596303238,4446.198810052123,0.0
5853,27150.85665569943,2715.085665569943,69.60332627937532,0.2478640303652524,5874.189307332952,17.264309690323877,34025.04596303238,4446.198810052123,0.0
5854,27250.461321005965,2725.0461321005964,99.60466530653503,0.35382463320656754,5774.584642026417,16.971570437554742,34025.04596303238,4532.602812941252,0.0
5855,27690.88075818828,2769.0880758188277,440.41943718231414,1.5589813991987223,5334.165204844103,15.677172664629403,34025.04596303238,4973.022250123566,0.0
5856,27623.67805174927,2762.367805174927,-67.20270643900949,-0.23423019671443557,5401.367911283112,15.87468218897222,34025.04596303238,4973.022250123566,0.0
5857,27998.094176844552,2799.809417684455,374.41612509528204,1.3080643389656865,5026.95178618783,14.774268906644611,34025.04596303238,5280.235668779838,0.0
5858,28067.697503123927,2806.7697503123927,69.60332627937532,0.24002724404887932,4957.348459908455,14.56970393308073,34025.04596303238,5349.838995059214,0.0
5859,28377.31154162057,2837.7311541620566,309.614038496642,1.0651481372522476,4647.734421411813,13.659744725874862,34025.04596303238,5659.453033555856,0.0
5860,27905.689539922707,2790.568953992271,-471.6220016978623,-1.6053953780953978,5119.356423109675,15.045847193481432,34025.04596303238,5659.453033555856,0.0
5861,27940.492118630606,2794.0492118630605,34.80257870789865,0.1204004445555018,5084.553844401777,14.943562015834027,34025.04596303238,5659.453033555856,0.0
5862,27750.883436242595,2775.08834362426,-189.6086823880105,-0.6551674436315102,5274.162526789787,15.500824106218907,34025.04596303238,5659.453033555856,0.0
5863,27605.676149651128,2760.5676149651126,-145.20728659146698,-0.5050533035392712,5419.369813381254,15.927589985533904,34025.04596303238,5659.453033555856,0.0
5864,27633.27869997433,2763.327869997433,27.602550323201285,0.0964932630111548,5391.767263058053,15.846465773818833,34025.04596303238,5659.453033555856,0.0
5865,27765.28349301198,2776.528349301198,132.0047930376495,0.4610187831467938,5259.762470020403,15.458502174354278,34025.04596303238,5659.453033555856,0.0
5866,27922.49021653246,2792.249021653246,157.20672352048132,0.5465154673642392,5102.555746499922,14.996469812395727,34025.04596303238,5659.453033555856,0.0
5867,27962.09220378468,2796.2092203784678,39.60198725221926,0.1369245419593268,5062.953759247703,14.880079118037088,34025.04596303238,5659.453033555856,0.0
5868,28100.099461991456,2810.0099461991454,138.0072582067769,0.47650997460999545,4924.946501040926,14.4744742046544,34025.04596303238,5659.453033555856,0.0
5869,28397.71223242267,2839.771223242267,297.612770431213,1.022720801418342,4627.333730609713,13.599786861822993,34025.04596303238,5679.853724357956,0.0
5870,28433.71420548254,2843.3714205482543,36.0019730598724,0.1224652203383636,4591.33175754984,13.493976650430517,34025.04596303238,5715.855697417828,0.0
5871,28586.119689322284,2858.6119689322286,152.40548383974237,0.5177922255267253,4438.926273710098,13.046055186914115,34025.04596303238,5868.261181257571,0.0
5872,28432.51297999415,2843.251297999415,-153.60670932813446,-0.5191850467081371,4592.5329830382325,13.497507065906508,34025.04596303238,5868.261181257571,0.0
5873,29034.94038037768,2903.494038037768,602.4274003835308,2.04680925748002,3990.1055826547017,11.726966032580476,34025.04596303238,6317.081872312967,0.0
5874,28445.713642411556,2844.5713642411556,-589.2267379661243,-1.961804253658772,4579.332320620826,13.458710167786961,34025.04596303238,6317.081872312967,0.0
5875,28553.719561591173,2855.3719561591174,108.0059191796172,0.3667967449906051,4471.326401441209,13.141279533609525,34025.04596303238,6317.081872312967,0.0
5876,28853.732951862756,2885.3732951862758,300.01339027158247,1.0151459603801927,4171.313011169626,12.259536741557044,34025.04596303238,6317.081872312967,0.0
5877,28608.920999964754,2860.8920999964753,-244.811951898002,-0.8200379908695044,4416.124963067628,12.979041873641172,34025.04596303238,6317.081872312967,0.0
5878,28798.52968235276,2879.852968235276,189.60868238800686,0.6403768728628467,4226.516280679622,12.421779783256303,34025.04596303238,6317.081872312967,0.0
5879,29206.548991803964,2920.654899180396,408.0193094512033,1.3692598722172544,3818.4969712284183,11.222606357026375,34025.04596303238,6488.69048373925,0.0
5880,29358.954475643706,2935.8954475643704,152.40548383974237,0.5045445074877364,3666.091487388676,10.774684893509976,34025.04596303238,6641.095967578993,0.0
5881,29076.94298747027,2907.694298747027,-282.0114881734371,-0.9289235846369093,3948.102975562113,11.603519889000761,34025.04596303238,6641.095967578993,0.0
5882,29066.141113756818,2906.6141113756817,-10.801873713451641,-0.03591413435185542,3958.9048492755646,11.635266719630138,34025.04596303238,6641.095967578993,0.0
5883,28804.530316385477,2880.4530316385476,-261.6107973713406,-0.8701176395784271,4220.515646646905,12.404143851069067,34025.04596303238,6641.095967578993,0.0
5884,29280.951726627663,2928.0951726627663,476.42141024218654,1.598486556187284,3744.0942364047187,11.00393586675125,34025.04596303238,6641.095967578993,0.0
5885,29379.355166445806,2937.9355166445803,98.40343981814294,0.32496812090490046,3645.6907965865757,10.714727029458109,34025.04596303238,6661.496658381093,0.0
5886,28930.536306526825,2893.0536306526824,-448.8188599189816,-1.4773811276109772,4094.5096565055574,12.033810802060842,34025.04596303238,6661.496658381093,0.0
5887,29082.941790366567,2908.2941790366567,152.40548383974237,0.5091973036464026,3942.104172665815,11.585889338544444,34025.04596303238,6661.496658381093,0.0
5888,29091.343044239653,2909.134304423965,8.401253873085807,0.02792696914959425,3933.702918792729,11.56119795713613,34025.04596303238,6661.496658381093,0.0
5889,29106.94432649743,2910.6944326497432,15.601282257775893,0.051846413883360754,3918.1016365349533,11.515345609795508,34025.04596303238,6661.496658381093,0.0
5890,28874.133642664852,2887.413364266485,-232.81068383257661,-0.7732790193114236,4150.91232036753,12.199578877505187,34025.04596303238,6661.496658381093,0.0
5891,27886.490074609002,2788.6490074609005,-987.6435680558498,-3.3060157655763533,5138.55588842338,15.102274642057298,34025.04596303238,6661.496658381093,0.0
5892,27572.07479643162,2757.207479643162,-314.41527817738097,-1.088450958788345,5452.971166600761,16.026344747705316,34025.04596303238,6661.496658381093,0.0
5893,27750.883436242595,2775.08834362426,178.80863981097355,0.6258160847083527,5274.162526789787,15.500824106218907,34025.04596303238,6661.496658381093,0.0
5894,27926.090230724807,2792.609023072481,175.206794482212,0.60939621167031,5098.955732307575,14.985889329429567,34025.04596303238,6661.496658381093,0.0
5895,24364.332140366067,2436.433214036607,-3561.7580903587404,-12.313306298738913,8660.713822666316,25.45393717344579,34025.04596303238,6661.496658381093,0.0
5896,23905.91080108561,2390.591080108561,-458.42133928045587,-1.807346382091024,9119.135161946771,26.801242742932818,34025.04596303238,6661.496658381093,0.0
5897,24581.136728951275,2458.1136728951274,675.2259278656638,2.711107147449643,8443.909234081108,24.816746003092156,34025.04596303238,6661.496658381093,0.0
5898,24581.136728951275,2458.1136728951274,0.0,0.0,8443.909234081108,24.816746003092156,34025.04596303238,0.0,0.0
5899,24581.136728951275,2458.1136728951274,0.0,0.0,8443.909234081108,24.816746003092156,34025.04596303238,0.0,0.0
5900,24581.136728951275,2458.1136728951274,0.0,0.0,8443.909234081108,24.816746003092156,34025.04596303238,0.0,0.0
5901,24581.136728951275,2458.1136728951274,0.0,0.0,8443.909234081108,24.816746003092156,34025.04596303238,0.0,0.0
5902,24581.136728951275,2458.1136728951274,0.0,0.0,8443.909234081108,24.816746003092156,34025.04596303238,0.0,0.0
5903,24581.136728951275,2458.1136728951274,0.0,0.0,8443.909234081108,24.816746003092156,34025.04596303238,0.0,0.0
5904,24581.136728951275,2458.1136728951274,0.0,0.0,8443.909234081108,24.816746003092156,34025.04596303238,0.0,0.0
5905,24581.136728951275,2458.1136728951274,0.0,0.0,8443.909234081108,24.816746003092156,34025.04596303238,0.0,0.0
5906,24581.136728951275,2458.1136728951274,0.0,0.0,8443.909234081108,24.816746003092156,34025.04596303238,0.0,0.0
5907,24581.136728951275,2458.1136728951274,0.0,0.0,8443.909234081108,24.816746003092156,34025.04596303238,0.0,0.0
5908,24581.136728951275,2458.1136728951274,0.0,0.0,8443.909234081108,24.816746003092156,34025.04596303238,0.0,0.0
5909,24581.136728951275,2458.1136728951274,0.0,0.0,8443.909234081108,24.816746003092156,34025.04596303238,0.0,0.0
5910,24581.136728951275,2458.1136728951274,0.0,0.0,8443.909234081108,24.816746003092156,34025.04596303238,0.0,0.0
5911,24581.136728951275,2458.1136728951274,0.0,0.0,8443.909234081108,24.816746003092156,34025.04596303238,0.0,0.0
5912,24581.136728951275,2458.1136728951274,0.0,0.0,8443.909234081108,24.816746003092156,34025.04596303238,0.0,0.0
5913,24581.136728951275,2458.1136728951274,0.0,0.0,8443.909234081108,24.816746003092156,34025.04596303238,0.0,0.0
5914,24581.136728951275,2458.1136728951274,0.0,0.0,8443.909234081108,24.816746003092156,34025.04596303238,0.0,0.0
5915,24581.136728951275,2458.1136728951274,0.0,0.0,8443.909234081108,24.816746003092156,34025.04596303238,0.0,0.0
5916,24581.136728951275,2458.1136728951274,0.0,0.0,8443.909234081108,24.816746003092156,34025.04596303238,0.0,0.0
5917,24581.136728951275,2458.1136728951274,0.0,0.0,8443.909234081108,24.816746003092156,34025.04596303238,0.0,0.0
5918,24581.136728951275,2458.1136728951274,0.0,0.0,8443.909234081108,24.816746003092156,34025.04596303238,0.0,0.0
5919,24581.136728951275,2458.1136728951274,0.0,0.0,8443.909234081108,24.816746003092156,34025.04596303238,0.0,0.0
5920,24581.136728951275,2458.1136728951274,0.0,0.0,8443.909234081108,24.816746003092156,34025.04596303238,0.0,0.0
5921,24581.136728951275,2458.1136728951274,0.0,0.0,8443.909234081108,24.816746003092156,34025.04596303238,0.0,0.0
5922,24581.136728951275,2458.1136728951274,0.0,0.0,8443.909234081108,24.816746003092156,34025.04596303238,0.0,0.0
5923,24581.136728951275,2458.1136728951274,0.0,0.0,8443.909234081108,24.816746003092156,34025.04596303238,0.0,0.0
5924,24581.136728951275,2458.1136728951274,0.0,0.0,8443.909234081108,24.816746003092156,34025.04596303238,0.0,0.0
5925,24581.136728951275,2458.1136728951274,0.0,0.0,8443.909234081108,24.816746003092156,34025.04596303238,0.0,0.0
5926,24581.136728951275,2458.1136728951274,0.0,0.0,8443.909234081108,24.816746003092156,34025.04596303238,0.0,0.0
5927,24581.136728951275,2458.1136728951274,0.0,0.0,8443.909234081108,24.816746003092156,34025.04596303238,0.0,0.0
5928,24581.136728951275,2458.1136728951274,0.0,0.0,8443.909234081108,24.816746003092156,34025.04596303238,0.0,0.0
5929,24581.136728951275,2458.1136728951274,0.0,0.0,8443.909234081108,24.816746003092156,34025.04596303238,0.0,0.0
5930,24581.136728951275,2458.1136728951274,0.0,0.0,8443.909234081108,24.816746003092156,34025.04596303238,0.0,0.0
5931,24581.136728951275,2458.1136728951274,0.0,0.0,8443.909234081108,24.816746003092156,34025.04596303238,0.0,0.0
5932,24581.136728951275,2458.1136728951274,0.0,0.0,8443.909234081108,24.816746003092156,34025.04596303238,0.0,0.0
5933,24581.136728951275,2458.1136728951274,0.0,0.0,8443.909234081108,24.816746003092156,34025.04596303238,0.0,0.0
5934,24581.136728951275,2458.1136728951274,0.0,0.0,8443.909234081108,24.816746003092156,34025.04596303238,0.0,0.0
5935,24581.136728951275,2458.1136728951274,0.0,0.0,8443.909234081108,24.816746003092156,34025.04596303238,0.0,0.0
5936,24581.136728951275,2458.1136728951274,0.0,0.0,8443.909234081108,24.816746003092156,34025.04596303238,0.0,0.0
5937,24581.136728951275,2458.1136728951274,0.0,0.0,8443.909234081108,24.816746003092156,34025.04596303238,0.0,0.0
5938,24581.136728951275,2458.1136728951274,0.0,0.0,8443.909234081108,24.816746003092156,34025.04596303238,0.0,0.0
5939,24581.136728951275,2458.1136728951274,0.0,0.0,8443.909234081108,24.816746003092156,34025.04596303238,0.0,0.0
5940,24581.136728951275,2458.1136728951274,0.0,0.0,8443.909234081108,24.816746003092156,34025.04596303238,0.0,0.0
5941,24581.136728951275,2458.1136728951274,0.0,0.0,8443.909234081108,24.816746003092156,34025.04596303238,0.0,0.0
5942,24581.136728951275,2458.1136728951274,0.0,0.0,8443.909234081108,24.816746003092156,34025.04596303238,0.0,0.0
5943,24581.136728951275,2458.1136728951274,0.0,0.0,8443.909234081108,24.816746003092156,34025.04596303238,0.0,0.0
5944,24581.136728951275,2458.1136728951274,0.0,0.0,8443.909234081108,24.816746003092156,34025.04596303238,0.0,0.0
5945,24581.136728951275,2458.1136728951274,0.0,0.0,8443.909234081108,24.816746003092156,34025.04596303238,0.0,0.0
5946,24581.136728951275,2458.1136728951274,0.0,0.0,8443.909234081108,24.816746003092156,34025.04596303238,0.0,0.0
5947,24581.136728951275,2458.1136728951274,0.0,0.0,8443.909234081108,24.816746003092156,34025.04596303238,0.0,0.0
5948,24581.136728951275,2458.1136728951274,0.0,0.0,8443.909234081108,24.816746003092156,34025.04596303238,0.0,0.0
5949,24581.136728951275,2458.1136728951274,0.0,0.0,8443.909234081108,24.816746003092156,34025.04596303238,0.0,0.0
5950,24581.136728951275,2458.1136728951274,0.0,0.0,8443.909234081108,24.816746003092156,34025.04596303238,0.0,0.0
5951,24555.581147803474,2455.5581147803473,-25.555581147800694,-0.09990009990008542,8469.464815228908,24.891854148943203,34025.04596303238,0.0,0.0
5952,24495.55445569044,2449.555445569044,-60.0266921130351,-0.2348868208704169,8529.491507341943,25.068273284947466,34025.04596303238,0.0,-60.0266921130351
5953,24282.522914927875,2428.252291492787,-213.03154076256396,-0.8355634749297125,8742.523048104507,25.694375424512593,34025.04596303238,0.0,-273.05823287559906
5954,24022.08150109472,2402.2081501094717,-260.4414138331558,-1.0301243064606558,9002.964461937663,26.459815724332092,34025.04596303238,0.0,-533.4996467087549
5955,24022.08150109472,2402.2081501094717,0.0,0.0,9002.964461937663,26.459815724332092,34025.04596303238,0.0,0.0
5956,24022.08150109472,2402.2081501094717,0.0,0.0,9002.964461937663,26.459815724332092,34025.04596303238,0.0,0.0
5957,24022.08150109472,2402.2081501094717,0.0,0.0,9002.964461937663,26.459815724332092,34025.04596303238,0.0,0.0
5958,23997.084416678044,2399.7084416678044,-24.997084416674625,-0.09990009990008542,9027.961546354338,26.533282441890186,34025.04596303238,0.0,0.0
5959,23984.506334544712,2398.4506334544712,-12.578082133331918,-0.0503181968091404,9040.53962848767,26.570249569420294,34025.04596303238,0.0,-12.578082133331918
5960,23955.919942857592,2395.591994285759,-28.58639168712034,-0.11441647597253413,9069.12602017479,26.65426530217839,34025.04596303238,0.0,-41.16447382045226
5961,23885.026249801493,2388.502624980149,-70.89369305609944,-0.28407565506872734,9140.01971323089,26.862622678486197,34025.04596303238,0.0,-112.0581668765517
5962,24057.687427472752,2405.768742747275,172.6611776712598,0.693835626042949,8967.35853555963,26.35516949867609,34025.04596303238,60.6030107947081,-112.0581668765517
5963,23392.197136279487,2339.2197136279483,-665.4902911932659,-2.65583283820372,9632.848826752896,28.311053090769718,34025.04596303238,60.6030107947081,-604.8872803985578
5964,23052.525653142337,2305.2525653142334,-339.67148313715006,-1.3925415625308468,9972.520309890046,29.30935147222142,34025.04596303238,60.6030107947081,-944.5587635357078
5965,23052.525653142337,2305.2525653142334,0.0,0.0,9972.520309890046,29.30935147222142,34025.04596303238,0.0,0.0
5966,23052.525653142337,2305.2525653142334,0.0,0.0,9972.520309890046,29.30935147222142,34025.04596303238,0.0,0.0
5967,23052.525653142337,2305.2525653142334,0.0,0.0,9972.520309890046,29.30935147222142,34025.04596303238,0.0,0.0
5968,23052.525653142337,2305.2525653142334,0.0,0.0,9972.520309890046,29.30935147222142,34025.04596303238,0.0,0.0
5969,23052.525653142337,2305.2525653142334,0.0,0.0,9972.520309890046,29.30935147222142,34025.04596303238,0.0,0.0
5970,23052.525653142337,2305.2525653142334,0.0,0.0,9972.520309890046,29.30935147222142,34025.04596303238,0.0,0.0
5971,23052.525653142337,2305.2525653142334,0.0,0.0,9972.520309890046,29.30935147222142,34025.04596303238,0.0,0.0
5972,23052.525653142337,2305.2525653142334,0.0,0.0,9972.520309890046,29.30935147222142,34025.04596303238,0.0,0.0
5973,23052.525653142337,2305.2525653142334,0.0,0.0,9972.520309890046,29.30935147222142,34025.04596303238,0.0,0.0
5974,23052.525653142337,2305.2525653142334,0.0,0.0,9972.520309890046,29.30935147222142,34025.04596303238,0.0,0.0
5975,23052.525653142337,2305.2525653142334,0.0,0.0,9972.520309890046,29.30935147222142,34025.04596303238,0.0,0.0
5976,23052.525653142337,2305.2525653142334,0.0,0.0,9972.520309890046,29.30935147222142,34025.04596303238,0.0,0.0
5977,23052.525653142337,2305.2525653142334,0.0,0.0,9972.520309890046,29.30935147222142,34025.04596303238,0.0,0.0
5978,23052.525653142337,2305.2525653142334,0.0,0.0,9972.520309890046,29.30935147222142,34025.04596303238,0.0,0.0
5979,23052.525653142337,2305.2525653142334,0.0,0.0,9972.520309890046,29.30935147222142,34025.04596303238,0.0,0.0
5980,23052.525653142337,2305.2525653142334,0.0,0.0,9972.520309890046,29.30935147222142,34025.04596303238,0.0,0.0
5981,23052.525653142337,2305.2525653142334,0.0,0.0,9972.520309890046,29.30935147222142,34025.04596303238,0.0,0.0
5982,23052.525653142337,2305.2525653142334,0.0,0.0,9972.520309890046,29.30935147222142,34025.04596303238,0.0,0.0
5983,23052.525653142337,2305.2525653142334,0.0,0.0,9972.520309890046,29.30935147222142,34025.04596303238,0.0,0.0
5984,23052.525653142337,2305.2525653142334,0.0,0.0,9972.520309890046,29.30935147222142,34025.04596303238,0.0,0.0
5985,23052.525653142337,2305.2525653142334,0.0,0.0,9972.520309890046,29.30935147222142,34025.04596303238,0.0,0.0
5986,23052.525653142337,2305.2525653142334,0.0,0.0,9972.520309890046,29.30935147222142,34025.04596303238,0.0,0.0
5987,23052.525653142337,2305.2525653142334,0.0,0.0,9972.520309890046,29.30935147222142,34025.04596303238,0.0,0.0
5988,23052.525653142337,2305.2525653142334,0.0,0.0,9972.520309890046,29.30935147222142,34025.04596303238,0.0,0.0
5989,23052.525653142337,2305.2525653142334,0.0,0.0,9972.520309890046,29.30935147222142,34025.04596303238,0.0,0.0
5990,23052.525653142337,2305.2525653142334,0.0,0.0,9972.520309890046,29.30935147222142,34025.04596303238,0.0,0.0
5991,23052.525653142337,2305.2525653142334,0.0,0.0,9972.520309890046,29.30935147222142,34025.04596303238,0.0,0.0
5992,23028.49715598635,2302.849715598635,-24.02849715598495,-0.09990009990009652,9996.54880704603,29.379971500720693,34025.04596303238,0.0,0.0
5993,23897.307493689164,2389.7307493689163,868.8103377028128,3.615749799343404,9127.738469343218,26.826527961961744,34025.04596303238,868.8103377028128,0.0
5994,24060.950210380757,2406.0950210380756,163.6427166915928,0.657270737942528,8964.095752651625,26.345580142319157,34025.04596303238,1032.4530543944056,0.0
5995,23990.972270857306,2399.0972270857305,-69.97793952345091,-0.2792309905889523,9034.073692175076,26.551246108500305,34025.04596303238,1032.4530543944056,0.0
5996,23925.29998369995,2392.529998369995,-65.67228715735473,-0.2627840423557126,9099.74597933243,26.74425771303629,34025.04596303238,1032.4530543944056,0.0
5997,23620.623742806118,2362.062374280612,-304.6762408938339,-1.2223573681884647,9404.422220226264,27.63970467650214,34025.04596303238,1032.4530543944056,0.0
5998,23582.94230290779,2358.294230290779,-37.68143989832606,-0.15304827486076755,9442.10366012459,27.750450860178915,34025.04596303238,1032.4530543944056,0.0
5999,23621.699745209702,2362.1699745209703,38.75744230191049,0.15765990020375487,9403.34621782268,27.636542293107414,34025.04596303238,1032.4530543944056,0.0
6000,23621.699745209702,2362.1699745209703,0.0,0.0,9403.34621782268,27.636542293107414,34025.04596303238,1032.4530543944056,0.0
6001,23523.729315675464,2352.3729315675464,-97.97042953423806,-0.3979027871676477,9501.316647356918,27.92447850821402,34025.04596303238,1032.4530543944056,0.0
6002,22797.028504578477,2279.702850457848,-726.7008110969873,-2.9632557175245045,10228.017458453905,30.060260519754973,34025.04596303238,1032.4530543944056,-231.46865140787486
6003,22706.59502012461,2270.659502012461,-90.433484453868,-0.3800200703061307,10318.450942907773,30.32604556689972,34025.04596303238,1032.4530543944056,-321.90213586174286
6004,22386.846531821797,2238.6846531821798,-319.7484883028119,-1.348774415015641,10638.199431210585,31.26579003822303,34025.04596303238,1032.4530543944056,-641.6506241645548
6005,22957.441571307558,2295.744157130756,570.5950394857609,2.439811792108726,10067.604391724824,29.588804678362816,34025.04596303238,1032.4530543944056,-641.6506241645548
6006,23032.802808352448,2303.280280835245,75.36123704489,0.31456295873908413,9992.243154679934,29.367317139075528,34025.04596303238,1032.4530543944056,-641.6506241645548
6007,23137.23253781171,2313.723253781171,104.42972945926158,0.43452996428268165,9887.813425220673,29.06039696746805,34025.04596303238,1032.4530543944056,-641.6506241645548
6008,22899.306229230573,2289.930622923057,-237.92630858113625,-0.9857232315611086,10125.739733801809,29.759665114936944,34025.04596303238,1032.4530543944056,-641.6506241645548
6009,23175.98998011362,2317.598998011362,276.68375088304674,1.1577062038087282,9849.055982918762,28.946488400396547,34025.04596303238,1032.4530543944056,-641.6506241645548
6010,23438.679128743035,2343.867912874304,262.6891486294153,1.0865703900667434,9586.366834289347,28.174441982252624,34025.04596303238,1032.4530543944056,-641.6506241645548
6011,23059.717653207892,2305.971765320789,-378.9614755351431,-1.5506626750929287,9965.32830982449,29.28821410161105,34025.04596303238,1032.4530543944056,-641.6506241645548
6012,21394.226922132882,2139.4226922132884,-1665.4907310750095,-6.922320349228828,11630.8190408995,34.183110446158345,34025.04596303238,1032.4530543944056,-1634.270233853469
6013,21430.832359627628,2143.0832359627625,36.605437494745274,0.16345925948695328,11594.213603404754,34.075526645876295,34025.04596303238,1032.4530543944056,-1634.270233853469
6014,21748.427200371512,2174.842720037151,317.59484074388456,1.4158852228574048,11276.61876266087,33.142111769408686,34025.04596303238,1032.4530543944056,-1634.270233853469
6015,21998.196106399115,2199.8196106399114,249.7689060276025,1.097961207724829,11026.849856633267,32.40803809233277,34025.04596303238,1032.4530543944056,-1634.270233853469
6016,22025.11095125456,2202.5110951254555,26.914844855444244,0.11703024328919565,10999.935011777823,32.32893505486829,34025.04596303238,1032.4530543944056,-1634.270233853469
6017,22188.753667946152,2218.8753667946153,163.6427166915928,0.7107141287528762,10836.29229508623,31.8479872352257,34025.04596303238,1032.4530543944056,-1634.270233853469
6018,21971.971489980166,2197.1971489980165,-216.7821779659862,-0.9348591177871013,11053.074473052216,32.485112540512624,34025.04596303238,1032.4530543944056,-1634.270233853469
6019,21971.971489980166,2197.1971489980165,0.0,0.0,11053.074473052216,32.485112540512624,34025.04596303238,0.0,0.0
6020,21971.971489980166,2197.1971489980165,0.0,0.0,11053.074473052216,32.485112540512624,34025.04596303238,0.0,0.0
6021,21971.971489980166,2197.1971489980165,0.0,0.0,11053.074473052216,32.485112540512624,34025.04596303238,0.0,0.0
6022,21971.971489980166,2197.1971489980165,0.0,0.0,11053.074473052216,32.485112540512624,34025.04596303238,0.0,0.0
6023,21971.971489980166,2197.1971489980165,0.0,0.0,11053.074473052216,32.485112540512624,34025.04596303238,0.0,0.0
6024,21971.971489980166,2197.1971489980165,0.0,0.0,11053.074473052216,32.485112540512624,34025.04596303238,0.0,0.0
6025,21971.971489980166,2197.1971489980165,0.0,0.0,11053.074473052216,32.485112540512624,34025.04596303238,0.0,0.0
6026,21971.971489980166,2197.1971489980165,0.0,0.0,11053.074473052216,32.485112540512624,34025.04596303238,0.0,0.0
6027,21971.971489980166,2197.1971489980165,0.0,0.0,11053.074473052216,32.485112540512624,34025.04596303238,0.0,0.0
6028,21971.971489980166,2197.1971489980165,0.0,0.0,11053.074473052216,32.485112540512624,34025.04596303238,0.0,0.0
6029,21971.971489980166,2197.1971489980165,0.0,0.0,11053.074473052216,32.485112540512624,34025.04596303238,0.0,0.0
6030,21971.971489980166,2197.1971489980165,0.0,0.0,11053.074473052216,32.485112540512624,34025.04596303238,0.0,0.0
6031,21971.971489980166,2197.1971489980165,0.0,0.0,11053.074473052216,32.485112540512624,34025.04596303238,0.0,0.0
6032,21971.971489980166,2197.1971489980165,0.0,0.0,11053.074473052216,32.485112540512624,34025.04596303238,0.0,0.0
6033,21971.971489980166,2197.1971489980165,0.0,0.0,11053.074473052216,32.485112540512624,34025.04596303238,0.0,0.0
6034,21971.971489980166,2197.1971489980165,0.0,0.0,11053.074473052216,32.485112540512624,34025.04596303238,0.0,0.0
6035,21971.971489980166,2197.1971489980165,0.0,0.0,11053.074473052216,32.485112540512624,34025.04596303238,0.0,0.0
6036,21971.971489980166,2197.1971489980165,0.0,0.0,11053.074473052216,32.485112540512624,34025.04596303238,0.0,0.0
6037,21971.971489980166,2197.1971489980165,0.0,0.0,11053.074473052216,32.485112540512624,34025.04596303238,0.0,0.0
6038,21971.971489980166,2197.1971489980165,0.0,0.0,11053.074473052216,32.485112540512624,34025.04596303238,0.0,0.0
6039,21971.971489980166,2197.1971489980165,0.0,0.0,11053.074473052216,32.485112540512624,34025.04596303238,0.0,0.0
6040,21971.971489980166,2197.1971489980165,0.0,0.0,11053.074473052216,32.485112540512624,34025.04596303238,0.0,0.0
6041,21971.971489980166,2197.1971489980165,0.0,0.0,11053.074473052216,32.485112540512624,34025.04596303238,0.0,0.0
6042,21971.971489980166,2197.1971489980165,0.0,0.0,11053.074473052216,32.485112540512624,34025.04596303238,0.0,0.0
6043,21971.971489980166,2197.1971489980165,0.0,0.0,11053.074473052216,32.485112540512624,34025.04596303238,0.0,0.0
6044,21971.971489980166,2197.1971489980165,0.0,0.0,11053.074473052216,32.485112540512624,34025.04596303238,0.0,0.0
6045,21971.971489980166,2197.1971489980165,0.0,0.0,11053.074473052216,32.485112540512624,34025.04596303238,0.0,0.0
6046,21949.022467512656,2194.9022467512655,-22.949022467510076,-0.09990009990008542,11076.023495519727,32.55255998053209,34025.04596303238,0.0,0.0
6047,22034.079490950982,2203.4079490950985,85.05702343832672,0.3706346253254944,10990.9664720814,32.3025764139243,34025.04596303238,85.05702343832672,0.0
6048,22188.636391558164,2218.863639155816,154.5569006071819,0.6709923036772647,10836.409571474218,31.848331911873938,34025.04596303238,239.6139240455086,0.0
6049,22035.117794741072,2203.5117794741072,-153.51859681709175,-0.6620423651689133,10989.92816829131,32.29952482718664,34025.04596303238,239.6139240455086,0.0
6050,22142.995342638987,2214.2995342638987,107.87754789791506,0.4683177609907663,10882.050620393395,31.982471477677215,34025.04596303238,239.6139240455086,0.0
6051,21961.469450752367,2196.146945075237,-181.52589188662023,-0.784366453862495,11063.576512280015,32.51597815415267,34025.04596303238,239.6139240455086,0.0
6052,22333.856471955394,2233.385647195539,372.38702120302696,1.6217908962739447,10691.189491076988,31.421528431417194,34025.04596303238,384.83400444273866,0.0
6053,22204.19512060781,2220.4195120607806,-129.66135134758588,-0.5556790473251749,10820.850842424574,31.80260462889966,34025.04596303238,384.83400444273866,0.0
6054,22473.891364522853,2247.389136452285,269.69624391504476,1.1622736428186897,10551.154598509529,31.00996427741251,34025.04596303238,524.8688970101975,0.0
6055,22508.122151212236,2250.8122151212233,34.23078668938251,0.1458249344252982,10516.923811820147,30.909359603060054,34025.04596303238,559.09968369958,0.0
6056,22642.96869038959,2264.296869038959,134.8465391773534,0.5736168049067292,10382.077272642793,30.513044079125535,34025.04596303238,693.9462228769335,0.0
6057,22750.847821067673,2275.0847821067673,107.87913067808404,0.45628420056207375,10274.198141964709,30.195986077807053,34025.04596303238,801.8253535550175,0.0
6058,23240.44921037857,2324.044921037857,489.6013893108975,2.061405946429451,9784.596752653812,28.757041983968527,34025.04596303238,1291.426742865915,0.0
6059,23284.015234497736,2328.401523449774,43.56602411916538,0.179724491658817,9741.030728534646,28.629000939831517,34025.04596303238,1334.9927669850804,0.0
6060,23274.679997067953,2327.467999706795,-9.335237429782865,-0.03844190237749512,9750.365965964429,28.656437309616074,34025.04596303238,1334.9927669850804,0.0
6061,22992.536769913193,2299.2536769913195,-282.1432271547601,-1.162294321444568,10032.50919311919,29.485659487482646,34025.04596303238,1334.9927669850804,0.0
6062,22753.959566877602,2275.39595668776,-238.57720303559108,-0.9943808998753689,10271.08639615478,30.1868406212122,34025.04596303238,1334.9927669850804,0.0
6063,23051.661523082006,2305.1661523082007,297.70195620440427,1.2532729769377804,9973.384439950376,29.311891160371346,34025.04596303238,1334.9927669850804,0.0
6064,23197.91990726932,2319.791990726932,146.2583841873129,0.6081009582101116,9827.126055763063,28.88203609317696,34025.04596303238,1334.9927669850804,0.0
6065,23167.839170179956,2316.7839170179955,-30.080737089363538,-0.12431125156475709,9857.206792852427,28.970443724196905,34025.04596303238,1334.9927669850804,0.0
6066,23178.21112861966,2317.821112861966,10.37195843970403,0.042916366526069005,9846.834834412723,28.939960419483747,34025.04596303238,1334.9927669850804,0.0
6067,23195.84488246931,2319.5844882469314,17.63375384965184,0.07293241735646383,9829.20108056307,28.888134614843214,34025.04596303238,1334.9927669850804,0.0
6068,23247.709423008346,2324.7709423008346,51.86454053903435,0.2143530874452404,9777.336540024036,28.735704135850227,34025.04596303238,1334.9927669850804,0.0
6069,23188.584669839536,2318.8584669839533,-59.12475316880955,-0.24383644713552588,9836.461293192846,28.909472462961517,34025.04596303238,1334.9927669850804,0.0
6070,23236.29916077855,2323.629916077855,47.71449093901538,0.19726036719507345,9788.74680225383,28.769239027301047,34025.04596303238,1334.9927669850804,0.0
6071,23382.557544965868,2338.2557544965866,146.25838418731655,0.6034683068445013,9642.488418066514,28.33938396010665,34025.04596303238,1433.5350774532126,0.0
6072,22962.45445004366,2296.245445004366,-420.1030949222077,-1.7229656657118952,10062.591512988722,29.574071770311644,34025.04596303238,1433.5350774532126,0.0
6073,22741.512583637887,2274.1512583637887,-220.9418664057739,-0.9220335373673394,10283.533379394496,30.22342244759162,34025.04596303238,1433.5350774532126,0.0
6074,23063.0717853118,2306.30717853118,321.5592016739138,1.3544175020066884,9961.974177720582,29.278356268920525,34025.04596303238,1433.5350774532126,0.0
6075,22479.07813513279,2247.9078135132786,-583.9936501790107,-2.426928928232197,10545.967827899593,30.994720299151403,34025.04596303238,1433.5350774532126,0.0
6076,22733.21406721802,2273.3214067218023,254.13593208523162,1.082393144324345,10291.83189581436,30.247811882447586,34025.04596303238,1433.5350774532126,0.0
6077,22948.970745794024,2294.8970745794027,215.75667857600274,0.9090916972514851,10076.075217238358,29.61370053161967,34025.04596303238,1433.5350774532126,0.0
6078,22735.289092018033,2273.5289092018033,-213.68165377599144,-0.8922373159335861,10289.75687101435,30.24171336078132,34025.04596303238,1433.5350774532126,0.0
6079,23073.445326531673,2307.3445326531673,338.1562345136408,1.424698191804885,9951.600636500709,29.24786831239831,34025.04596303238,1433.5350774532126,0.0
6080,23309.947504767253,2330.9947504767256,236.50217823557978,0.9824193214875043,9715.098458265129,28.552785700335022,34025.04596303238,1433.5350774532126,0.0
6081,23647.067018270976,2364.7067018270977,337.1195135037233,1.386755415401919,9377.978944761406,27.561987586880605,34025.04596303238,1698.0445507583208,0.0
6082,23853.488459417193,2385.3488459417194,206.42144114621624,0.8375091486268804,9171.55750361519,26.95531260583726,34025.04596303238,1904.465991904537,0.0
6083,24275.664996359243,2427.566499635924,422.17653694205,1.6986610858729767,8749.38096667314,25.71453092577506,34025.04596303238,2326.642528846587,0.0
6084,24319.23102047841,2431.923102047841,43.566024119169015,0.17236351298943742,8705.81494255397,25.58648988163803,34025.04596303238,2370.208552965756,0.0
6085,24095.175825482544,2409.5175825482543,-224.05519499586808,-0.8849210104945548,8929.870137549839,26.24499066732191,34025.04596303238,2370.208552965756,0.0
6086,23638.76850185111,2363.876850185111,-456.4073236314325,-1.8187054229282573,9386.277461181271,27.58637702173657,34025.04596303238,2370.208552965756,0.0
6087,23103.526063621037,2310.3526063621034,-535.2424382300742,-2.1723587288458135,9921.519899411345,29.15946068137837,34025.04596303238,2370.208552965756,0.0
6088,23465.541126384356,2346.5541126384355,362.0150627633193,1.5019174448078099,9559.504836648026,28.095494263356063,34025.04596303238,2370.208552965756,0.0
6089,23273.641693277863,2327.3641693277864,-191.89943310649323,-0.7843661912694921,9751.40426975452,28.65948889635373,34025.04596303238,2370.208552965756,0.0
6090,22734.250788227942,2273.425078822794,-539.3909050499205,-2.2221260075668603,10290.79517480444,30.24476494751898,34025.04596303238,2370.208552965756,0.0
6091,22213.530358037595,2221.3530358037597,-520.7204301903475,-2.193961944855749,10811.515604994787,31.775168259115095,34025.04596303238,2370.208552965756,0.0
6092,22447.959094253336,2244.7959094253333,234.42873621574108,1.0098797235921886,10577.086868779046,31.086179516909002,34025.04596303238,2370.208552965756,0.0
6093,21724.967272516787,2172.4967272516787,-722.9918217365484,-3.0833891292216586,11300.078690515595,33.21106076621596,34025.04596303238,2370.208552965756,-224.05519499586808
6094,21897.15792697362,2189.715792697362,172.19065445683373,0.7577157423019898,11127.888036058761,32.70499045952507,34025.04596303238,2370.208552965756,-224.05519499586808
6095,21829.733074604774,2182.9733074604774,-67.4248523688475,-0.2944682155920253,11195.312888427608,32.90315287330139,34025.04596303238,2370.208552965756,-224.05519499586808
6096,21524.006573313654,2152.4006573313654,-305.72650129111935,-1.3391593335412288,11501.039389718728,33.80168656411047,34025.04596303238,2370.208552965756,-425.0158941990012
6097,21524.006573313654,2152.4006573313654,0.0,0.0,11501.039389718728,33.80168656411047,34025.04596303238,0.0,0.0
6098,21524.006573313654,2152.4006573313654,0.0,0.0,11501.039389718728,33.80168656411047,34025.04596303238,0.0,0.0
6099,21524.006573313654,2152.4006573313654,0.0,0.0,11501.039389718728,33.80168656411047,34025.04596303238,0.0,0.0
6100,21524.006573313654,2152.4006573313654,0.0,0.0,11501.039389718728,33.80168656411047,34025.04596303238,0.0,0.0
6101,21524.006573313654,2152.4006573313654,0.0,0.0,11501.039389718728,33.80168656411047,34025.04596303238,0.0,0.0
6102,21524.006573313654,2152.4006573313654,0.0,0.0,11501.039389718728,33.80168656411047,34025.04596303238,0.0,0.0
6103,21524.006573313654,2152.4006573313654,0.0,0.0,11501.039389718728,33.80168656411047,34025.04596303238,0.0,0.0
6104,21524.006573313654,2152.4006573313654,0.0,0.0,11501.039389718728,33.80168656411047,34025.04596303238,0.0,0.0
6105,21524.006573313654,2152.4006573313654,0.0,0.0,11501.039389718728,33.80168656411047,34025.04596303238,0.0,0.0
6106,21524.006573313654,2152.4006573313654,0.0,0.0,11501.039389718728,33.80168656411047,34025.04596303238,0.0,0.0
6107,21524.006573313654,2152.4006573313654,0.0,0.0,11501.039389718728,33.80168656411047,34025.04596303238,0.0,0.0
6108,21524.006573313654,2152.4006573313654,0.0,0.0,11501.039389718728,33.80168656411047,34025.04596303238,0.0,0.0
6109,21524.006573313654,2152.4006573313654,0.0,0.0,11501.039389718728,33.80168656411047,34025.04596303238,0.0,0.0
6110,21524.006573313654,2152.4006573313654,0.0,0.0,11501.039389718728,33.80168656411047,34025.04596303238,0.0,0.0
6111,21524.006573313654,2152.4006573313654,0.0,0.0,11501.039389718728,33.80168656411047,34025.04596303238,0.0,0.0
6112,21524.006573313654,2152.4006573313654,0.0,0.0,11501.039389718728,33.80168656411047,34025.04596303238,0.0,0.0
6113,21524.006573313654,2152.4006573313654,0.0,0.0,11501.039389718728,33.80168656411047,34025.04596303238,0.0,0.0
6114,21524.006573313654,2152.4006573313654,0.0,0.0,11501.039389718728,33.80168656411047,34025.04596303238,0.0,0.0
6115,21524.006573313654,2152.4006573313654,0.0,0.0,11501.039389718728,33.80168656411047,34025.04596303238,0.0,0.0
6116,21524.006573313654,2152.4006573313654,0.0,0.0,11501.039389718728,33.80168656411047,34025.04596303238,0.0,0.0
6117,21524.006573313654,2152.4006573313654,0.0,0.0,11501.039389718728,33.80168656411047,34025.04596303238,0.0,0.0
6118,21524.006573313654,2152.4006573313654,0.0,0.0,11501.039389718728,33.80168656411047,34025.04596303238,0.0,0.0
6119,21524.006573313654,2152.4006573313654,0.0,0.0,11501.039389718728,33.80168656411047,34025.04596303238,0.0,0.0
6120,21524.006573313654,2152.4006573313654,0.0,0.0,11501.039389718728,33.80168656411047,34025.04596303238,0.0,0.0
6121,21524.006573313654,2152.4006573313654,0.0,0.0,11501.039389718728,33.80168656411047,34025.04596303238,0.0,0.0
6122,21524.006573313654,2152.4006573313654,0.0,0.0,11501.039389718728,33.80168656411047,34025.04596303238,0.0,0.0
6123,21524.006573313654,2152.4006573313654,0.0,0.0,11501.039389718728,33.80168656411047,34025.04596303238,0.0,0.0
6124,21524.006573313654,2152.4006573313654,0.0,0.0,11501.039389718728,33.80168656411047,34025.04596303238,0.0,0.0
6125,21524.006573313654,2152.4006573313654,0.0,0.0,11501.039389718728,33.80168656411047,34025.04596303238,0.0,0.0
6126,21524.006573313654,2152.4006573313654,0.0,0.0,11501.039389718728,33.80168656411047,34025.04596303238,0.0,0.0
6127,21524.006573313654,2152.4006573313654,0.0,0.0,11501.039389718728,33.80168656411047,34025.04596303238,0.0,0.0
6128,21524.006573313654,2152.4006573313654,0.0,0.0,11501.039389718728,33.80168656411047,34025.04596303238,0.0,0.0
6129,21524.006573313654,2152.4006573313654,0.0,0.0,11501.039389718728,33.80168656411047,34025.04596303238,0.0,0.0
6130,21524.006573313654,2152.4006573313654,0.0,0.0,11501.039389718728,33.80168656411047,34025.04596303238,0.0,0.0
6131,21524.006573313654,2152.4006573313654,0.0,0.0,11501.039389718728,33.80168656411047,34025.04596303238,0.0,0.0
6132,21524.006573313654,2152.4006573313654,0.0,0.0,11501.039389718728,33.80168656411047,34025.04596303238,0.0,0.0
6133,21524.006573313654,2152.4006573313654,0.0,0.0,11501.039389718728,33.80168656411047,34025.04596303238,0.0,0.0
6134,21524.006573313654,2152.4006573313654,0.0,0.0,11501.039389718728,33.80168656411047,34025.04596303238,0.0,0.0
6135,21524.006573313654,2152.4006573313654,0.0,0.0,11501.039389718728,33.80168656411047,34025.04596303238,0.0,0.0
6136,21524.006573313654,2152.4006573313654,0.0,0.0,11501.039389718728,33.80168656411047,34025.04596303238,0.0,0.0
6137,21524.006573313654,2152.4006573313654,0.0,0.0,11501.039389718728,33.80168656411047,34025.04596303238,0.0,0.0
6138,21524.006573313654,2152.4006573313654,0.0,0.0,11501.039389718728,33.80168656411047,34025.04596303238,0.0,0.0
6139,21524.006573313654,2152.4006573313654,0.0,0.0,11501.039389718728,33.80168656411047,34025.04596303238,0.0,0.0
6140,21524.006573313654,2152.4006573313654,0.0,0.0,11501.039389718728,33.80168656411047,34025.04596303238,0.0,0.0
6141,21524.006573313654,2152.4006573313654,0.0,0.0,11501.039389718728,33.80168656411047,34025.04596303238,0.0,0.0
6142,21524.006573313654,2152.4006573313654,0.0,0.0,11501.039389718728,33.80168656411047,34025.04596303238,0.0,0.0
6143,21524.006573313654,2152.4006573313654,0.0,0.0,11501.039389718728,33.80168656411047,34025.04596303238,0.0,0.0
6144,21524.006573313654,2152.4006573313654,0.0,0.0,11501.039389718728,33.80168656411047,34025.04596303238,0.0,0.0
6145,21524.006573313654,2152.4006573313654,0.0,0.0,11501.039389718728,33.80168656411047,34025.04596303238,0.0,0.0
6146,21524.006573313654,2152.4006573313654,0.0,0.0,11501.039389718728,33.80168656411047,34025.04596303238,0.0,0.0
6147,21524.006573313654,2152.4006573313654,0.0,0.0,11501.039389718728,33.80168656411047,34025.04596303238,0.0,0.0
6148,21524.006573313654,2152.4006573313654,0.0,0.0,11501.039389718728,33.80168656411047,34025.04596303238,0.0,0.0
6149,21524.006573313654,2152.4006573313654,0.0,0.0,11501.039389718728,33.80168656411047,34025.04596303238,0.0,0.0
6150,21524.006573313654,2152.4006573313654,0.0,0.0,11501.039389718728,33.80168656411047,34025.04596303238,0.0,0.0
6151,21524.006573313654,2152.4006573313654,0.0,0.0,11501.039389718728,33.80168656411047,34025.04596303238,0.0,0.0
6152,21524.006573313654,2152.4006573313654,0.0,0.0,11501.039389718728,33.80168656411047,34025.04596303238,0.0,0.0
6153,21524.006573313654,2152.4006573313654,0.0,0.0,11501.039389718728,33.80168656411047,34025.04596303238,0.0,0.0
6154,21524.006573313654,2152.4006573313654,0.0,0.0,11501.039389718728,33.80168656411047,34025.04596303238,0.0,0.0
6155,21524.006573313654,2152.4006573313654,0.0,0.0,11501.039389718728,33.80168656411047,34025.04596303238,0.0,0.0
6156,21524.006573313654,2152.4006573313654,0.0,0.0,11501.039389718728,33.80168656411047,34025.04596303238,0.0,0.0
6157,21524.006573313654,2152.4006573313654,0.0,0.0,11501.039389718728,33.80168656411047,34025.04596303238,0.0,0.0
6158,21524.006573313654,2152.4006573313654,0.0,0.0,11501.039389718728,33.80168656411047,34025.04596303238,0.0,0.0
6159,21524.006573313654,2152.4006573313654,0.0,0.0,11501.039389718728,33.80168656411047,34025.04596303238,0.0,0.0
6160,21524.006573313654,2152.4006573313654,0.0,0.0,11501.039389718728,33.80168656411047,34025.04596303238,0.0,0.0
6161,21524.006573313654,2152.4006573313654,0.0,0.0,11501.039389718728,33.80168656411047,34025.04596303238,0.0,0.0
6162,21524.006573313654,2152.4006573313654,0.0,0.0,11501.039389718728,33.80168656411047,34025.04596303238,0.0,0.0
6163,21524.006573313654,2152.4006573313654,0.0,0.0,11501.039389718728,33.80168656411047,34025.04596303238,0.0,0.0
6164,21524.006573313654,2152.4006573313654,0.0,0.0,11501.039389718728,33.80168656411047,34025.04596303238,0.0,0.0
6165,21524.006573313654,2152.4006573313654,0.0,0.0,11501.039389718728,33.80168656411047,34025.04596303238,0.0,0.0
6166,21524.006573313654,2152.4006573313654,0.0,0.0,11501.039389718728,33.80168656411047,34025.04596303238,0.0,0.0
6167,21524.006573313654,2152.4006573313654,0.0,0.0,11501.039389718728,33.80168656411047,34025.04596303238,0.0,0.0
6168,21524.006573313654,2152.4006573313654,0.0,0.0,11501.039389718728,33.80168656411047,34025.04596303238,0.0,0.0
6169,21524.006573313654,2152.4006573313654,0.0,0.0,11501.039389718728,33.80168656411047,34025.04596303238,0.0,0.0
6170,21524.006573313654,2152.4006573313654,0.0,0.0,11501.039389718728,33.80168656411047,34025.04596303238,0.0,0.0
6171,21524.006573313654,2152.4006573313654,0.0,0.0,11501.039389718728,33.80168656411047,34025.04596303238,0.0,0.0
6172,21524.006573313654,2152.4006573313654,0.0,0.0,11501.039389718728,33.80168656411047,34025.04596303238,0.0,0.0
6173,21524.006573313654,2152.4006573313654,0.0,0.0,11501.039389718728,33.80168656411047,34025.04596303238,0.0,0.0
6174,21524.006573313654,2152.4006573313654,0.0,0.0,11501.039389718728,33.80168656411047,34025.04596303238,0.0,0.0
6175,21501.505068245413,2150.1505068245415,-22.501505068241386,-0.09990009990008542,11523.54089478697,33.86781874536509,34025.04596303238,0.0,0.0
6176,21345.09013469184,2134.509013469184,-156.41493355357306,-0.695130983812764,11679.955828340542,34.32752402753728,34025.04596303238,0.0,-156.41493355357306
6177,21451.58587679217,2145.158587679217,106.49574210033097,0.4765957150246303,11573.460086240211,34.01453182110194,34025.04596303238,0.0,-156.41493355357306
6178,22177.082301220566,2217.7082301220566,725.4964244283947,3.231381642302278,10847.963661811817,31.882289515781814,34025.04596303238,675.5772329751526,-156.41493355357306
6179,22098.321324030254,2209.8321324030258,-78.76097719031168,-0.33982265829104463,10926.724639002128,32.11376893031628,34025.04596303238,675.5772329751526,-156.41493355357306
6180,20895.815718920243,2089.5815718920244,-1202.505605110011,-5.206030292162356,12129.23024411214,35.64794668401135,34025.04596303238,675.5772329751526,-605.68934932517
6181,20582.985851813093,2058.298585181309,-312.82986710714977,-1.428719857359928,12442.060111219289,36.56735724835573,34025.04596303238,675.5772329751526,-918.5192164323198
6182,19139.75738297719,1913.975738297719,-1443.2284688359032,-6.686880484215596,13885.288580055192,40.80902225713763,34025.04596303238,675.5772329751526,-2361.747685268223
6183,19584.59525197862,1958.459525197862,444.83786900142877,2.2087548550978164,13440.450711053763,39.50163866246229,34025.04596303238,675.5772329751526,-2361.747685268223
6184,19868.58164065631,1986.858164065631,283.98638867769114,1.379606376522724,13156.464322376072,38.66699941175786,34025.04596303238,675.5772329751526,-2361.747685268223
6185,19990.673555965783,1999.0673555965782,122.09191530947282,0.5850513341626007,13034.3724070666,38.30816987353439,34025.04596303238,675.5772329751526,-2361.747685268223
6186,19990.673555965783,1999.0673555965782,0.0,0.0,13034.3724070666,38.30816987353439,34025.04596303238,0.0,0.0
6187,19990.673555965783,1999.0673555965782,0.0,0.0,13034.3724070666,38.30816987353439,34025.04596303238,0.0,0.0
6188,19990.673555965783,1999.0673555965782,0.0,0.0,13034.3724070666,38.30816987353439,34025.04596303238,0.0,0.0
6189,19990.673555965783,1999.0673555965782,0.0,0.0,13034.3724070666,38.30816987353439,34025.04596303238,0.0,0.0
6190,19990.673555965783,1999.0673555965782,0.0,0.0,13034.3724070666,38.30816987353439,34025.04596303238,0.0,0.0
6191,19990.673555965783,1999.0673555965782,0.0,0.0,13034.3724070666,38.30816987353439,34025.04596303238,0.0,0.0
6192,19990.673555965783,1999.0673555965782,0.0,0.0,13034.3724070666,38.30816987353439,34025.04596303238,0.0,0.0
6193,19990.673555965783,1999.0673555965782,0.0,0.0,13034.3724070666,38.30816987353439,34025.04596303238,0.0,0.0
6194,19990.673555965783,1999.0673555965782,0.0,0.0,13034.3724070666,38.30816987353439,34025.04596303238,0.0,0.0
6195,19990.673555965783,1999.0673555965782,0.0,0.0,13034.3724070666,38.30816987353439,34025.04596303238,0.0,0.0
6196,19990.673555965783,1999.0673555965782,0.0,0.0,13034.3724070666,38.30816987353439,34025.04596303238,0.0,0.0
6197,19990.673555965783,1999.0673555965782,0.0,0.0,13034.3724070666,38.30816987353439,34025.04596303238,0.0,0.0
6198,19990.673555965783,1999.0673555965782,0.0,0.0,13034.3724070666,38.30816987353439,34025.04596303238,0.0,0.0
6199,19990.673555965783,1999.0673555965782,0.0,0.0,13034.3724070666,38.30816987353439,34025.04596303238,0.0,0.0
6200,19990.673555965783,1999.0673555965782,0.0,0.0,13034.3724070666,38.30816987353439,34025.04596303238,0.0,0.0
6201,19990.673555965783,1999.0673555965782,0.0,0.0,13034.3724070666,38.30816987353439,34025.04596303238,0.0,0.0
6202,19990.673555965783,1999.0673555965782,0.0,0.0,13034.3724070666,38.30816987353439,34025.04596303238,0.0,0.0
6203,19990.673555965783,1999.0673555965782,0.0,0.0,13034.3724070666,38.30816987353439,34025.04596303238,0.0,0.0
6204,19990.673555965783,1999.0673555965782,0.0,0.0,13034.3724070666,38.30816987353439,34025.04596303238,0.0,0.0
6205,19969.70385211367,1996.970385211367,-20.969703852111707,-0.09990009990008542,13055.342110918711,38.36980007346092,34025.04596303238,0.0,0.0
6206,20277.410531278245,2027.7410531278247,307.70667916457387,1.4673868612291363,12747.635431754137,37.46544661718965,34025.04596303238,307.70667916457387,0.0
6207,20548.079838983962,2054.8079838983963,270.6693077057171,1.2720970312991131,12476.96612404842,36.66994642007075,34025.04596303238,578.375986870291,0.0
6208,20564.2248172852,2056.42248172852,16.144978301239462,0.07492536885829182,12460.82114574718,36.62249614382783,34025.04596303238,594.5209651715304,0.0
6209,20161.546654595793,2016.1546654595793,-402.67816268940805,-1.8673435567534757,12863.499308436589,37.80597187851724,34025.04596303238,594.5209651715304,0.0
6210,20258.416524403245,2025.8416524403244,96.86986980745132,0.45776365682805853,12766.629438629137,37.52127022105968,34025.04596303238,594.5209651715304,0.0
6211,20499.644904080233,2049.9644904080233,241.22837967698797,1.1347429353455007,12525.40105895215,36.81229724879954,34025.04596303238,594.5209651715304,0.0
6212,20183.38969004455,2018.338969004455,-316.255214035682,-1.4709787787037465,12841.656272987831,37.741774947020104,34025.04596303238,594.5209651715304,0.0
6213,20601.263637893895,2060.1263637893894,417.8739478493444,1.9726491083989828,12423.782325138487,36.51363862560747,34025.04596303238,631.559785780224,0.0
6214,20225.17737465945,2022.5177374659452,-376.0862632344433,-1.7410382537746405,12799.86858837293,37.61896046306525,34025.04596303238,631.559785780224,0.0
6215,19563.226018559362,1956.3226018559362,-661.9513561000895,-3.1187082417053813,13461.81994447302,39.564443084365124,34025.04596303238,631.559785780224,-406.47783355430875
6216,19206.132313050086,1920.6132313050086,-357.09370550927633,-1.7365646090111597,13818.913649982296,40.613945577020836,34025.04596303238,631.559785780224,-763.5715390635851
6217,19243.17113365878,1924.317113365878,37.03882060869364,0.18330485040312094,13781.874829373603,40.505088058800474,34025.04596303238,631.559785780224,-763.5715390635851
6218,19233.674854796194,1923.3674854796195,-9.496278862585314,-0.04691102396894298,13791.371108236188,40.53299773120151,34025.04596303238,631.559785780224,-763.5715390635851
6219,18953.509268227896,1895.3509268227897,-280.16558656829875,-1.3846500380126803,14071.536694804487,41.35640760072144,34025.04596303238,631.559785780224,-1016.1945838857755
6220,19056.077195182865,1905.6077195182866,102.56792695496915,0.5140345268402902,13968.968767849517,41.054959288009655,34025.04596303238,631.559785780224,-1016.1945838857755
6221,19004.793231705382,1900.4793231705382,-51.28396347748276,-0.2557028624211699,14020.252731327,41.20568344436554,34025.04596303238,631.559785780224,-1016.1945838857755
6222,19166.244463867635,1916.6244463867636,161.4512321622533,0.8070627388758522,13858.801499164747,40.7311764228683,34025.04596303238,631.559785780224,-1016.1945838857755
6223,19201.38489819371,1920.1384898193712,35.1404343260765,0.1742537356870688,13823.66106483867,40.627898283687365,34025.04596303238,631.559785780224,-1016.1945838857755
6224,19289.707682279888,1928.9707682279889,88.3227840861764,0.43721153045341854,13735.338280752494,40.36831660911112,34025.04596303238,631.559785780224,-1016.1945838857755
6225,19438.8136070058,1943.8813607005798,149.10592472591088,0.7348845388055247,13586.232356026583,39.93009258764202,34025.04596303238,631.559785780224,-1016.1945838857755
6226,19608.81192488933,1960.881192488933,169.99831788353185,0.8317425910927767,13416.234038143051,39.43046558326345,34025.04596303238,631.559785780224,-1016.1945838857755
6227,19456.85697158966,1945.685697158966,-151.95495329967162,-0.7373300016201068,13568.188991442723,39.87706293235966,34025.04596303238,631.559785780224,-1016.1945838857755
6228,19483.448871044628,1948.3448871044625,26.59189945496837,0.1299901519177693,13541.597091987755,39.79890903512802,34025.04596303238,631.559785780224,-1016.1945838857755
6229,19424.567014987177,1942.4567014987176,-58.88185605745093,-0.2874606538583735,13600.478948045205,39.97196348484551,34025.04596303238,631.559785780224,-1016.1945838857755
6230,19604.06306088312,1960.406306088312,179.4960458959431,0.8788242402604229,13420.982902149262,39.444422548997956,34025.04596303238,631.559785780224,-1016.1945838857755
6231,19393.226251526,1939.3226251526003,-210.8368093571189,-1.0232778298829515,13631.819711506381,40.064074347811655,34025.04596303238,631.559785780224,-1016.1945838857755
6232,19536.634119104394,1953.6634119104394,143.40786757839305,0.7032132425229376,13488.411843927988,39.64259698159677,34025.04596303238,631.559785780224,-1016.1945838857755
6233,19420.76879327211,1942.076879327211,-115.86532583228473,-0.5641884895076332,13604.277169760273,39.98312650199233,34025.04596303238,631.559785780224,-1016.1945838857755
6234,19527.13639109198,1952.7136391091979,106.36759781986984,0.5208794972249686,13497.909571940403,39.67051091306576,34025.04596303238,631.559785780224,-1016.1945838857755
6235,19522.387527085768,1952.2387527085768,-4.748864006211079,-0.023134566437976734,13502.658435946614,39.68446787880027,34025.04596303238,631.559785780224,-1016.1945838857755
6236,19491.046763624592,1949.1046763624593,-31.34076346117581,-0.15271499682876222,13533.99919940779,39.776578741766414,34025.04596303238,631.559785780224,-1016.1945838857755
6237,19649.64896721309,1964.9648967213088,158.6022035884962,0.7740073282641813,13375.396995819294,39.31044504789627,34025.04596303238,631.559785780224,-1016.1945838857755
6238,19538.53250538701,1953.853250538701,-111.11646182607728,-0.5381033934402701,13486.513457645371,39.63701760255734,34025.04596303238,631.559785780224,-1016.1945838857755
6239,19135.854342697603,1913.5854342697603,-402.67816268940805,-1.9605985120104918,13889.19162033478,40.82049333724675,34025.04596303238,631.559785780224,-1016.1945838857755
6240,19615.46062432799,1961.5460624327986,479.60628163038564,2.3818521601707943,13409.585338704394,39.41092497942155,34025.04596303238,631.559785780224,-1016.1945838857755
6241,18848.090863549336,1884.8090863549337,-767.3697607786526,-3.7223022796448735,14176.955099483046,41.666233500128286,34025.04596303238,631.559785780224,-1121.612988564335
6242,18570.774305554798,1857.0774305554799,-277.316557994538,-1.3971951252189418,14454.271657477584,42.481270042021094,34025.04596303238,631.559785780224,-1398.929546558873
6243,18409.321624242708,1840.9321624242707,-161.45268131209014,-0.8249682858294749,14615.724338789674,42.95578132258632,34025.04596303238,631.559785780224,-1560.382227870963
6244,18586.919283856038,1858.6919283856037,177.5976596133296,0.9150121938909184,14438.126679176345,42.433819765778175,34025.04596303238,631.559785780224,-1560.382227870963
6245,18377.031667640225,1837.7031667640224,-209.88761621581216,-1.0715703331090287,14648.014295392157,43.05068187507217,34025.04596303238,631.559785780224,-1592.6721844734457
6246,18367.533939627807,1836.7533939627808,-9.49772801241852,-0.04901539191000115,14657.512023404575,43.07859580654117,34025.04596303238,631.559785780224,-1602.1699124858642
6247,18495.74602204627,1849.574602204627,128.21208241846398,0.6619948766741546,14529.299940986111,42.70177902704949,34025.04596303238,631.559785780224,-1602.1699124858642
6248,18527.086785507447,1852.7086785507447,31.34076346117581,0.16075693346504494,14497.959177524936,42.609668164083345,34025.04596303238,631.559785780224,-1602.1699124858642
6249,18620.15843359983,1862.015843359983,93.07164809238384,0.4766284347210492,14404.887529432552,42.336129523772605,34025.04596303238,631.559785780224,-1602.1699124858642
6250,18355.188632191464,1835.5188632191464,-264.96980140836604,-1.3504977663921447,14669.857330840918,43.114878806569315,34025.04596303238,631.559785780224,-1614.5152199222066
6251,17545.511924531074,1754.5511924531074,-809.6767076603901,-4.183254025815797,15479.534038501308,45.4945279289837,34025.04596303238,631.559785780224,-2424.1919275825967
6252,17545.511924531074,1754.5511924531074,0.0,0.0,15479.534038501308,45.4945279289837,34025.04596303238,0.0,0.0
6253,17545.511924531074,1754.5511924531074,0.0,0.0,15479.534038501308,45.4945279289837,34025.04596303238,0.0,0.0
6254,17545.511924531074,1754.5511924531074,0.0,0.0,15479.534038501308,45.4945279289837,34025.04596303238,0.0,0.0
6255,17545.511924531074,1754.5511924531074,0.0,0.0,15479.534038501308,45.4945279289837,34025.04596303238,0.0,0.0
6256,17545.511924531074,1754.5511924531074,0.0,0.0,15479.534038501308,45.4945279289837,34025.04596303238,0.0,0.0
6257,17545.511924531074,1754.5511924531074,0.0,0.0,15479.534038501308,45.4945279289837,34025.04596303238,0.0,0.0
6258,17545.511924531074,1754.5511924531074,0.0,0.0,15479.534038501308,45.4945279289837,34025.04596303238,0.0,0.0
6259,17545.511924531074,1754.5511924531074,0.0,0.0,15479.534038501308,45.4945279289837,34025.04596303238,0.0,0.0
6260,17545.511924531074,1754.5511924531074,0.0,0.0,15479.534038501308,45.4945279289837,34025.04596303238,0.0,0.0
6261,17545.511924531074,1754.5511924531074,0.0,0.0,15479.534038501308,45.4945279289837,34025.04596303238,0.0,0.0
6262,17545.511924531074,1754.5511924531074,0.0,0.0,15479.534038501308,45.4945279289837,34025.04596303238,0.0,0.0
6263,17545.511924531074,1754.5511924531074,0.0,0.0,15479.534038501308,45.4945279289837,34025.04596303238,0.0,0.0
6264,17545.511924531074,1754.5511924531074,0.0,0.0,15479.534038501308,45.4945279289837,34025.04596303238,0.0,0.0
6265,17545.511924531074,1754.5511924531074,0.0,0.0,15479.534038501308,45.4945279289837,34025.04596303238,0.0,0.0
6266,17545.511924531074,1754.5511924531074,0.0,0.0,15479.534038501308,45.4945279289837,34025.04596303238,0.0,0.0
6267,17545.511924531074,1754.5511924531074,0.0,0.0,15479.534038501308,45.4945279289837,34025.04596303238,0.0,0.0
6268,17545.511924531074,1754.5511924531074,0.0,0.0,15479.534038501308,45.4945279289837,34025.04596303238,0.0,0.0
6269,17545.511924531074,1754.5511924531074,0.0,0.0,15479.534038501308,45.4945279289837,34025.04596303238,0.0,0.0
6270,17526.984939591486,1752.6984939591487,-18.526984939588147,-0.09990009990008542,15498.061023440896,45.54897895003366,34025.04596303238,0.0,0.0
6271,17301.575524939075,1730.1575524939076,-225.40941465241121,-1.2166546007748913,15723.470438093307,46.21145980280698,34025.04596303238,0.0,-225.40941465241121
6272,17194.9382046552,1719.4938204655198,-106.63732028387676,-0.5826674328587966,15830.107758377184,46.52486810914618,34025.04596303238,0.0,-332.046734936288
6273,17473.233697837677,1747.3233697837677,278.2954931824788,1.5295215078624302,15551.812265194705,45.706954465517775,34025.04596303238,0.0,-332.046734936288
6274,17631.020155806407,1763.1020155806407,157.78645796873025,0.8541355593157496,15394.025807225975,45.24321825737228,34025.04596303238,104.03521621492109,-332.046734936288
6275,18244.829651217864,1824.4829651217863,613.8094954114567,3.2945565528796905,14780.216311814518,43.4392251163245,34025.04596303238,717.8447116263778,-332.046734936288
6276,18242.22887002846,1824.222887002846,-2.6007811894050974,-0.01351418140113081,14782.817093003923,43.44686884204417,34025.04596303238,717.8447116263778,-332.046734936288
6277,18100.047099196167,1810.0047099196167,-142.1817708322924,-0.7389048939842602,14924.998863836216,43.86474269587164,34025.04596303238,717.8447116263778,-332.046734936288
6278,18416.489146996013,1841.6489146996014,316.4420477998465,1.6567605627169524,14608.55681603637,42.934715891077154,34025.04596303238,889.5042074045268,-332.046734936288
6279,18486.712884869095,1848.6712884869096,70.22373787308243,0.3616706261437841,14538.333078163287,42.72832752072968,34025.04596303238,959.7279452776093,-332.046734936288
6280,18556.93662274218,1855.6936622742182,70.22373787308607,0.36036728353303626,14468.1093402902,42.52193915038219,34025.04596303238,1029.9516831506953,-332.046734936288
6281,18317.655493159902,1831.76554931599,-239.2811295822794,-1.223510277698736,14707.39046987248,43.2251891322992,34025.04596303238,1029.9516831506953,-332.046734936288
6282,18265.637223612666,1826.5637223612669,-52.01826954723583,-0.2692783788677433,14759.408739419716,43.37807142260897,34025.04596303238,1029.9516831506953,-332.046734936288
6283,17824.353710082643,1782.4353710082644,-441.2835135300229,-2.290521244681021,15200.692252949739,44.675008725822224,34025.04596303238,1029.9516831506953,-332.046734936288
6284,17472.36721173439,1747.236721173439,-351.9864983482548,-1.869846390315777,15552.678751297994,45.70950107810496,34025.04596303238,1029.9516831506953,-332.046734936288
6285,17873.769875560927,1787.376987556093,401.4026638265386,2.1729898459984742,15151.276087471455,44.529774049190266,34025.04596303238,1029.9516831506953,-332.046734936288
6286,18288.177768214045,1828.8177768214045,414.4078926531183,2.195681601425714,14736.868194818337,43.31182450371907,34025.04596303238,1029.9516831506953,-332.046734936288
6287,18978.280372860234,1897.8280372860233,690.1026046461884,3.5778527808025595,14046.765590172148,41.28360504033915,34025.04596303238,1451.2954332687477,-332.046734936288
6288,18533.52826915797,1853.3528269157969,-444.7521037022634,-2.2261781064322417,14491.517693874412,42.5907365698174,34025.04596303238,1451.2954332687477,-332.046734936288
6289,18345.397600140095,1834.5397600140095,-188.13066901787533,-0.9631166803332758,14679.648362892287,43.143654761969955,34025.04596303238,1451.2954332687477,-332.046734936288
6290,18642.766370631252,1864.2766370631255,297.3687704911572,1.537155124115941,14382.27959240113,42.26968453775852,34025.04596303238,1451.2954332687477,-332.046734936288
6291,19169.878309170803,1916.9878309170801,527.1119385395505,2.6834913606041733,13855.16765386158,40.720496509879744,34025.04596303238,1642.8933695793166,-332.046734936288
6292,19099.65457129772,1909.965457129772,-70.22373787308243,-0.34816143556579693,13925.391391734662,40.92688488022722,34025.04596303238,1642.8933695793166,-332.046734936288
6293,19043.302548354503,1904.3302548354504,-56.35202294321789,-0.2803631412834795,13981.74341467788,41.09250412143102,34025.04596303238,1642.8933695793166,-332.046734936288
6294,18479.77702740416,1847.9777027404161,-563.5255209503412,-2.811540261844747,14545.26893562822,42.74871208530152,34025.04596303238,1642.8933695793166,-332.046734936288
6295,18623.69309332257,1862.3693093322568,143.916065918409,0.7387972958619926,14401.352869709812,42.32574111834156,34025.04596303238,1642.8933695793166,-332.046734936288
6296,18541.33061272619,1854.1330612726188,-82.36248059638092,-0.41970937990467583,14483.715350306193,42.567805392658386,34025.04596303238,1642.8933695793166,-332.046734936288
6297,18809.22298115104,1880.9222981151042,267.89236842485116,1.370901366616195,14215.822981881342,41.78046665190867,34025.04596303238,1642.8933695793166,-332.046734936288
6298,19135.20034472568,1913.5200344725679,325.97736357463873,1.6455837964205466,13889.845618306703,40.822415444780816,34025.04596303238,1642.8933695793166,-332.046734936288
6299,18657.50457166441,1865.7504571664408,-477.6957730612703,-2.372441122426683,14367.541391367973,42.22636879602765,34025.04596303238,1642.8933695793166,-332.046734936288
6300,18790.14970384236,1879.014970384236,132.64513217794956,0.6747811335582998,14234.896259190024,41.83652323249171,34025.04596303238,1642.8933695793166,-332.046734936288
6301,19114.392772330873,1911.4392772330873,324.24306848851484,1.638406345281762,13910.653190701509,40.88356913849636,34025.04596303238,1642.8933695793166,-332.046734936288
6302,19303.391250331584,1930.3391250331583,188.99847800071075,0.939618113954177,13721.654712700798,40.328100445798476,34025.04596303238,1776.406310740098,-332.046734936288
6303,19384.018112962298,1938.4018112962299,80.62686263071373,0.3971103232786044,13641.027850070084,40.091137172572296,34025.04596303238,1857.0331733708117,-332.046734936288
6304,19164.67674679199,1916.467674679199,-219.3413661703089,-1.076045777406509,13860.369216240393,40.735783961319086,34025.04596303238,1857.0331733708117,-332.046734936288
6305,19611.163145580373,1961.1163145580374,446.48639878838367,2.2142006261489655,13413.88281745201,39.42355531870834,34025.04596303238,2084.1782059888865,-332.046734936288
6306,19502.792853089923,1950.2792853089923,-108.37029249045008,-0.525784458281231,13522.25310994246,39.7420568502219,34025.04596303238,2084.1782059888865,-332.046734936288
6307,19740.339687586078,1974.033968758608,237.5468344961555,1.158607201459172,13284.706275446304,39.043903981437396,34025.04596303238,2213.354747994592,-332.046734936288
6308,19731.67085791457,1973.1670857914569,-8.66882967150741,-0.04179695126543814,13293.375105117811,39.06938177118359,34025.04596303238,2213.354747994592,-332.046734936288
6309,19942.342071533825,1994.2342071533826,210.67121361925456,1.0161805821783387,13082.703891498557,38.45021666014114,34025.04596303238,2415.357131942339,-332.046734936288
6310,19835.706074129495,1983.5706074129494,-106.63599740432983,-0.5091884997393659,13189.339888902887,38.7636210785222,34025.04596303238,2415.357131942339,-332.046734936288
6311,19872.11833366074,1987.211833366074,36.41225953124376,0.17475894218172972,13152.927629371643,38.65660503048863,34025.04596303238,2415.357131942339,-332.046734936288
6312,20177.289447720123,2017.7289447720125,305.1711140593834,1.4620993862766163,12847.75651531226,37.75970362911816,34025.04596303238,2650.3045081286364,-332.046734936288
6313,20019.50166687184,2001.9501666871843,-157.78778084828082,-0.7450801540858532,13005.54429616054,38.22344372522182,34025.04596303238,2650.3045081286364,-332.046734936288
6314,20738.214187481055,2073.8214187481058,718.7125206092132,3.4192652708886717,12286.831775551327,36.11113939096733,34025.04596303238,3211.229247889569,-332.046734936288
6315,20707.003490328625,2070.7003490328625,-31.21069715242993,-0.14357525822155104,12318.042472703757,36.20286798756156,34025.04596303238,3211.229247889569,-332.046734936288
6316,20447.781274454832,2044.7781274454833,-259.2222158737932,-1.1941870096869311,12577.26468857755,36.96472505060692,34025.04596303238,3211.229247889569,-332.046734936288
6317,20352.414887911415,2035.2414887911416,-95.36638654341732,-0.44464453139962945,12672.631075120968,37.24500795352212,34025.04596303238,3211.229247889569,-332.046734936288
6318,20354.149182997535,2035.4149182997535,1.7342950861202553,0.00812224329296285,12670.896780034847,37.239910840389626,34025.04596303238,3211.229247889569,-332.046734936288
6319,20421.772139681212,2042.1772139681214,67.62295668367733,0.3166736174041507,12603.27382335117,37.04116619576181,34025.04596303238,3211.229247889569,-332.046734936288
6320,20417.437063405687,2041.7437063405687,-4.335076275525353,-0.020236777084814417,12607.608899626695,37.05390703461398,34025.04596303238,3211.229247889569,-332.046734936288
6321,20316.00262838017,2031.6002628380172,-101.434435025516,-0.4736067846270453,12709.043334652211,37.35202400155569,34025.04596303238,3211.229247889569,-332.046734936288
6322,20289.127007503266,2028.9127007503268,-26.875620876904577,-0.12608189886935683,12735.918955529116,37.431011759297746,34025.04596303238,3211.229247889569,-332.046734936288
6323,20450.382055644237,2045.0382055644236,161.25504814097076,0.757452609889242,12574.663907388145,36.957081324887255,34025.04596303238,3211.229247889569,-332.046734936288
6324,20687.062404037108,2068.7062404037106,236.68034839287066,1.1033852347193562,12337.983558995275,36.261475068689926,34025.04596303238,3211.229247889569,-332.046734936288
6325,21144.818413686407,2114.4818413686407,457.7560096492998,2.110733123376307,11880.227549345975,34.9161249106133,34025.04596303238,3617.8334740949213,-332.046734936288
6326,21755.16064180517,2175.516064180517,610.3422281187632,2.7561401349832204,11269.885321227212,33.12232210787238,34025.04596303238,4228.175702213684,-332.046734936288
6327,21609.51160368019,2160.951160368019,-145.64903812498233,-0.640070357742939,11415.534359352194,33.550386300006686,34025.04596303238,4228.175702213684,-332.046734936288
6328,21698.808618861953,2169.8808618861954,89.29701518176444,0.3949533132207472,11326.23734417043,33.28794134907617,34025.04596303238,4228.175702213684,-332.046734936288
6329,22065.531995363817,2206.5531995363817,366.72337650186455,1.6156062754638656,10959.513967668565,32.21013714302072,34025.04596303238,4538.547055772331,-332.046734936288
6330,22105.414167946852,2210.541416794685,39.882172583034844,0.17290809763699233,10919.63179508553,32.092922980763994,34025.04596303238,4578.429228355366,-332.046734936288
6331,21957.161702873367,2195.716170287337,-148.25246507348493,-0.6416351769151563,11067.884260159015,32.52863867453428,34025.04596303238,4578.429228355366,-332.046734936288
6332,21792.439387439703,2179.2439387439704,-164.72231543366433,-0.7175203867342494,11232.60657559268,33.012759447251625,34025.04596303238,4578.429228355366,-332.046734936288
6333,22263.199303036035,2226.3199303036035,470.7599155963326,2.065421377651022,10761.846659996347,31.62919066057664,34025.04596303238,4736.214363444549,-332.046734936288
6334,22565.770958785557,2256.5770958785556,302.5716557495216,1.3006450738271225,10459.275004246825,30.7399290969677,34025.04596303238,5038.786019194071,-332.046734936288
6335,22505.950345670102,2250.59503456701,-59.82061311545476,-0.25384534722023844,10519.09561736228,30.91574256443648,34025.04596303238,5038.786019194071,-332.046734936288
6336,22517.22127941056,2251.7221279410564,11.27093374045944,0.04794927911746516,10507.82468362182,30.882617161012476,34025.04596303238,5038.786019194071,-332.046734936288
6337,22721.823121668167,2272.1823121668167,204.6018422576053,0.8700085772324506,10303.222841364215,30.281290001954698,34025.04596303238,5194.838182076681,-332.046734936288
6338,22698.416090963503,2269.84160909635,-23.407030704664066,-0.09867298387906676,10326.62987206888,30.35008353343176,34025.04596303238,5194.838182076681,-332.046734936288
6339,22453.932076122866,2245.393207612287,-244.48401484063652,-1.0316470683197299,10571.113886909516,31.06862485474625,34025.04596303238,5194.838182076681,-332.046734936288
6340,22057.7296517956,2205.77296517956,-396.2024243272681,-1.689279320164061,10967.316311236784,32.23306832017973,34025.04596303238,5194.838182076681,-332.046734936288
6341,22109.74792134283,2210.9747921342832,52.018269547232194,0.22560013640884335,10915.298041689552,32.08018602986997,34025.04596303238,5194.838182076681,-332.046734936288
6342,21945.893414891998,2194.5893414892,-163.85450645083256,-0.7090276666302575,11079.152548140384,32.561756302042,34025.04596303238,5194.838182076681,-332.046734936288
6343,22304.814447825644,2230.4814447825643,358.9210329336456,1.5642059624521032,10720.231515206739,31.506883273145558,34025.04596303238,5194.838182076681,-332.046734936288
6344,24255.47971265375,2425.547971265375,1950.6652648281051,8.3702243980325,8769.566250378633,25.77385570590151,34025.04596303238,6728.4947730622625,-332.046734936288
6345,23385.048782557904,2338.50487825579,-870.4309300958448,-3.4465032539442664,9639.997180474478,28.33206218427498,34025.04596303238,6728.4947730622625,-332.046734936288
6346,23834.137285415243,2383.413728541524,449.08850285733934,1.841655134102349,9190.908677617139,27.012185927986405,34025.04596303238,6728.4947730622625,-332.046734936288
6347,23576.64936462757,2357.664936462757,-257.4879207876729,-1.0368305442963521,9448.396598404812,27.768945877899263,34025.04596303238,6728.4947730622625,-332.046734936288
6348,23665.078570826503,2366.5078570826504,88.42920619893266,0.3598098540080308,9359.96739220588,27.509051427514073,34025.04596303238,6728.4947730622625,-332.046734936288
6349,23509.89157116763,2350.989157116763,-155.18699965887208,-0.6291769929426705,9515.154391864751,27.965147797898055,34025.04596303238,6728.4947730622625,-332.046734936288
6350,23623.463426036895,2362.3463426036897,113.57185486926392,0.4633715108020464,9401.582536995487,27.631358814945152,34025.04596303238,6728.4947730622625,-332.046734936288
6351,23520.29469592526,2352.029469592526,-103.16873011163625,-0.4189854543473537,9504.751267107124,27.93457289501936,34025.04596303238,6728.4947730622625,-332.046734936288
6352,23617.396700434343,2361.7396700434347,97.10200450908451,0.39600667819550406,9407.649262598039,27.649188991013517,34025.04596303238,6728.4947730622625,-332.046734936288
6353,23492.553911824616,2349.2553911824616,-124.842788609727,-0.5071323752422807,9532.492051207766,28.016103377390444,34025.04596303238,6728.4947730622625,-332.046734936288
6354,23498.62063742717,2349.8620637427175,6.06672560255538,0.02476967336437763,9526.42532560521,27.998273201322064,34025.04596303238,6728.4947730622625,-332.046734936288
6355,23344.30144675113,2334.4301446751133,-154.3191906760403,-0.6299097118973473,9680.744516281251,28.451819071160728,34025.04596303238,6728.4947730622625,-332.046734936288
6356,23424.063146158103,2342.4063146158105,79.76169940697218,0.3276401238352822,9600.982816874279,28.21739852256358,34025.04596303238,6728.4947730622625,-332.046734936288
6357,23258.473021741607,2325.8473021741606,-165.5901244164961,-0.6779794312910759,9766.572941290775,28.704069795826243,34025.04596303238,6728.4947730622625,-332.046734936288
6358,23177.846159110893,2317.784615911089,-80.62686263071373,-0.3323657781693523,9847.199803921489,28.941033069052423,34025.04596303238,6728.4947730622625,-332.046734936288
6359,23266.275365309826,2326.6275365309825,88.42920619893266,0.36574476327209116,9758.770597722556,28.68113861866723,34025.04596303238,6728.4947730622625,-332.046734936288
6360,23121.49413616768,2312.149413616768,-144.7812291421469,-0.5966355650489308,9903.551826864703,29.106652310256216,34025.04596303238,6728.4947730622625,-332.046734936288
6361,22744.364989149093,2274.4364989149094,-377.1291470185861,-1.5634568277141714,10280.680973883289,30.21503919510666,34025.04596303238,6728.4947730622625,-332.046734936288
6362,23018.325406056043,2301.832540605604,273.96041690694983,1.1537912975653208,10006.72055697634,29.409866390330425,34025.04596303238,6728.4947730622625,-332.046734936288
6363,22757.368895096126,2275.7368895096124,-260.95651095991707,-1.08648919751132,10267.677067936256,30.176820566508294,34025.04596303238,6728.4947730622625,-332.046734936288
6364,22042.124964659153,2204.212496465915,-715.2439304369727,-3.010619288673033,10982.920998373229,32.27893067449778,34025.04596303238,6728.4947730622625,-332.046734936288
6365,21682.33612274268,2168.233612274268,-359.78884191647376,-1.5614395046824048,11342.709840289703,33.33635420393953,34025.04596303238,6728.4947730622625,-332.046734936288
6366,22099.344796585203,2209.9344796585206,417.0086738425234,1.838473213631664,10925.70116644718,32.11076093274867,34025.04596303238,6728.4947730622625,-332.046734936288
6367,21945.893414891998,2194.5893414892,-153.4513816932049,-0.6643105380023107,11079.152548140384,32.561756302042,34025.04596303238,6728.4947730622625,-332.046734936288
6368,22640.32845005462,2264.032845005462,694.4350351626235,3.0264022524916445,10384.71751297776,30.520803775726197,34025.04596303238,6728.4947730622625,-332.046734936288
6369,22620.390009522198,2262.03900095222,-19.938440532423556,-0.08434079321083532,10404.655953510184,30.57940308093826,34025.04596303238,6728.4947730622625,-332.046734936288
6370,22675.00641449975,2267.500641449975,54.6164049775507,0.23122566966731206,10350.039548532633,30.41888484082511,34025.04596303238,6728.4947730622625,-332.046734936288
6371,22306.547420032217,2230.6547420032216,-368.45899446753174,-1.556320568689984,10718.498543000165,31.501790047971213,34025.04596303238,6728.4947730622625,-332.046734936288
6372,22635.99469665864,2263.599469665864,329.44727662642254,1.4135395976465404,10389.051266373743,30.533540726620224,34025.04596303238,6728.4947730622625,-332.046734936288
6373,22388.042091645762,2238.804209164576,-247.95260501287703,-1.0490466265332565,10637.00387138662,31.262276274199714,34025.04596303238,6728.4947730622625,-332.046734936288
6374,22245.86164369302,2224.5861643693024,-142.18044795274182,-0.6079194119610776,10779.184319339362,31.68014624006903,34025.04596303238,6728.4947730622625,-332.046734936288
6375,22300.48069442966,2230.048069442966,54.61905073664093,0.2349624701971864,10724.56526860272,31.519620224039592,34025.04596303238,6728.4947730622625,-332.046734936288
6376,22295.279132050848,2229.5279132050846,-5.201562378813833,-0.022323841499360952,10729.766830981534,31.534907675478934,34025.04596303238,6728.4947730622625,-332.046734936288
6377,22549.29846266628,2254.929846266628,254.0193306154324,1.0904326545112752,10475.747500366102,30.788341951831065,34025.04596303238,6728.4947730622625,-332.046734936288
6378,22467.803791052735,2246.7803791052734,-81.4946716135455,-0.3460598698629691,10557.242171979648,31.027855725602567,34025.04596303238,6728.4947730622625,-332.046734936288
6379,22325.6206973409,2232.56206973409,-142.18309371183568,-0.6058645068698132,10699.425265691483,31.445733467388177,34025.04596303238,6728.4947730622625,-332.046734936288
6380,22668.071879914358,2266.807187991436,342.45118257345894,1.4681332043288364,10356.974083118024,30.43926551743882,34025.04596303238,6728.4947730622625,-332.046734936288
6381,23380.715029161925,2338.0715029161925,712.6431492475676,3.0109894581330288,9644.330933870457,28.344799135168998,34025.04596303238,6728.4947730622625,-332.046734936288
6382,23623.463426036895,2362.3463426036897,242.74839687496933,0.9956574144138752,9401.582536995487,27.631358814945152,34025.04596303238,6728.4947730622625,-332.046734936288
6383,23492.553911824616,2349.2553911824616,-130.90951421227874,-0.5316454145676941,9532.492051207766,28.016103377390444,34025.04596303238,6728.4947730622625,-332.046734936288
6384,23636.469977743025,2363.6469977743027,143.916065918409,0.5875910957939379,9388.575985289357,27.59313241043048,34025.04596303238,6728.4947730622625,-332.046734936288
6385,23684.151848135185,2368.4151848135184,47.68187039215991,0.19354181193667053,9340.894114897197,27.452994846931038,34025.04596303238,6728.4947730622625,-332.046734936288
6386,24631.741050689503,2463.17410506895,947.589202554318,3.838856641233579,8393.30491234288,24.668019321596386,34025.04596303238,7104.756111098017,-332.046734936288
6387,25202.203751984325,2520.2203751984325,570.4627012948222,2.225610426411029,7822.842211048057,22.99142290519589,34025.04596303238,7675.218812392839,-332.046734936288
6388,24692.42947278779,2469.242947278779,-509.77427919653564,-1.945539711170019,8332.616490244593,24.489655353582286,34025.04596303238,7675.218812392839,-332.046734936288
6389,25366.92606741799,2536.692606741799,674.4965946302,2.6252737030750373,7658.119895614393,22.507302132478546,34025.04596303238,7839.941127826503,-332.046734936288
6390,25627.882578377907,2562.7882578377908,260.95651095991707,0.9897115435173243,7397.1633846544755,21.740347956300674,34025.04596303238,8100.89763878642,-332.046734936288
6391,25619.21242582685,2561.921242582685,-8.670152551057981,-0.032560428060846025,7405.8335372055335,21.765829634005026,34025.04596303238,8100.89763878642,-332.046734936288
6392,25694.63772607875,2569.463772607875,75.4253002518999,0.28334910532032964,7330.408236953634,21.544153812218195,34025.04596303238,8167.652786487262,-332.046734936288
6393,24720.17290264753,2472.017290264753,-974.464823431219,-3.650414114738998,8304.873060384853,24.408117095294894,34025.04596303238,8167.652786487262,-332.046734936288
6394,24978.525986658944,2497.852598665894,258.35308401141447,1.0044764667379802,8046.519976373438,23.648814420753,34025.04596303238,8167.652786487262,-332.046734936288
6395,25000.20004515703,2500.020004515703,21.674058498087106,0.08343067081333366,8024.845917875351,23.585114114450295,34025.04596303238,8167.652786487262,-332.046734936288
6396,24905.701467596453,2490.5701467596455,-94.49857756057827,-0.363453271115044,8119.344495435929,23.862846516820156,34025.04596303238,8167.652786487262,-332.046734936288
6397,24685.49229244331,2468.5492292443305,-220.20917515314432,-0.8500413525902362,8339.553670589074,24.51004380611228,34025.04596303238,8167.652786487262,-332.046734936288
6398,25114.63970900913,2511.463970900913,429.1474165658219,1.6707774633234473,7910.406254023252,23.248774630952063,34025.04596303238,8167.652786487262,-332.046734936288
6399,25411.141993397003,2541.1141993397005,296.50228438787235,1.1353872298899947,7613.903969635379,22.3773510193278,34025.04596303238,8167.652786487262,-332.046734936288
6400,25572.39571865843,2557.239571865843,161.25372526142746,0.6105518848891212,7452.650244373952,21.90342447287544,34025.04596303238,8167.652786487262,-332.046734936288
6401,25385.999344726675,2538.5999344726674,-186.39637393175508,-0.7014661978741787,7639.046618305707,22.4512455518955,34025.04596303238,8167.652786487262,-332.046734936288
6402,25379.06216438219,2537.906216438219,-6.937180344484659,-0.026291141198986345,7645.983798650192,22.471634004425503,34025.04596303238,8167.652786487262,-332.046734936288
6403,25047.016752325453,2504.7016752325453,-332.0454120567374,-1.258746084252671,7978.029210706929,23.44751927557987,34025.04596303238,8167.652786487262,-332.046734936288
6404,25191.797981467604,2519.1797981467607,144.78122914215055,0.5558457251317428,7833.2479815647785,23.02200558399088,34025.04596303238,8167.652786487262,-332.046734936288
6405,24997.599263967626,2499.7599263967627,-194.19871749997765,-0.7414485925608671,8027.446699064756,23.592757840169966,34025.04596303238,8167.652786487262,-332.046734936288
6406,25153.65407260933,2515.3654072609334,156.05480864170386,0.600266228651325,7871.391890423052,23.134110969240666,34025.04596303238,8167.652786487262,-332.046734936288
6407,24987.19613921,2498.719613921,-166.45793339933152,-0.6364614785268619,8037.849823822384,23.623332743048657,34025.04596303238,8167.652786487262,-332.046734936288
6408,25742.31959647091,2574.231959647091,755.1234572609101,2.905751944980195,7282.726366561474,21.404016248718747,34025.04596303238,8215.334656879422,-332.046734936288
6409,25790.004112622162,2579.0004112622164,47.684516151253774,0.17831106976056166,7235.04185041022,21.263870909303005,34025.04596303238,8263.019173030676,-332.046734936288
6410,26278.969496544345,2627.8969496544346,488.9653839221828,1.825178457855503,6746.076466488037,19.826796042590306,34025.04596303238,8751.984556952859,-332.046734936288
6411,26537.325226314853,2653.732522631485,258.35572977050833,0.9470875716300009,6487.720736717529,19.067485592132112,34025.04596303238,9010.340286723367,-332.046734936288
6412,26386.474625811057,2638.6474625811056,-150.85060050379616,-0.547804114103434,6638.571337221325,19.510837235705768,34025.04596303238,9010.340286723367,-332.046734936288
6413,25324.445759404643,2532.4445759404643,-1062.0288664064137,-3.877932011758378,7700.600203627739,22.632152244538645,34025.04596303238,9010.340286723367,-332.046734936288
6414,26350.9288523831,2635.09288523831,1026.4830929784548,3.8993531045633967,6674.117110649284,19.615306671152172,34025.04596303238,9010.340286723367,-332.046734936288
6415,26070.031255131667,2607.0031255131667,-280.89759725143085,-1.027013008470301,6955.014707900715,20.4408679284584,34025.04596303238,9010.340286723367,-332.046734936288
6416,25783.934741260517,2578.393474126052,-286.0965138711508,-1.0568754471493857,7241.1112217718655,21.281708861287672,34025.04596303238,9010.340286723367,-332.046734936288
6417,25448.420739031535,2544.8420739031535,-335.51400222898155,-1.2526688310367073,7576.625224000847,22.267788358707048,34025.04596303238,9010.340286723367,-332.046734936288
6418,25568.06196526245,2556.806196526245,119.64122623091316,0.45235678686232905,7456.983997769934,21.91616142376947,34025.04596303238,9010.340286723367,-332.046734936288
6419,26002.40829844799,2600.240829844799,434.3463331855419,1.6348438728931214,7022.637664584392,20.639612573086204,34025.04596303238,9010.340286723367,-332.046734936288
6420,26068.298282925094,2606.8298282925093,65.88998447710401,0.2440152143055041,6956.747680107288,20.445961153632748,34025.04596303238,9010.340286723367,-332.046734936288
6421,26500.04648068032,2650.004648068032,431.748197755227,1.5950326586565478,6524.999482352061,19.177048252752865,34025.04596303238,9010.340286723367,-332.046734936288
6422,26841.62985427095,2684.162985427095,341.58337359062716,1.2421192590732488,6183.416108761434,18.173130803348826,34025.04596303238,9314.644914679462,-332.046734936288
6423,26720.253010074368,2672.025301007437,-121.37684419658035,-0.43595452145543945,6304.792952958014,18.52985873937705,34025.04596303238,9314.644914679462,-332.046734936288
6424,27067.03794604381,2706.7037946043806,346.784935969441,1.2510164890753739,5958.008016988573,17.510653838533663,34025.04596303238,9540.053006452323,-332.046734936288
6425,26937.861404038104,2693.7861404038104,-129.17654200570541,-0.4602428737012998,6087.184558994279,17.890305175804606,34025.04596303238,9540.053006452323,-332.046734936288
6426,26612.750526566753,2661.275052656675,-325.11087747135025,-1.1636927851047307,6412.295436465629,18.84580977034528,34025.04596303238,9540.053006452323,-332.046734936288
6427,26500.911643904063,2650.091164390406,-111.8388826626906,-0.40502623074469835,6524.1343191283195,19.174505528123834,34025.04596303238,9540.053006452323,-332.046734936288
6428,26420.28478127335,2642.028478127335,-80.62686263071373,-0.2931788723032569,6604.761181759033,19.41146880135001,34025.04596303238,9540.053006452323,-332.046734936288
6429,26678.640511043857,2667.8640511043855,258.35572977050833,0.9422065884120645,6346.405451988525,18.65215835089182,34025.04596303238,9540.053006452323,-332.046734936288
6430,26630.955994892603,2663.09559948926,-47.684516151253774,-0.17227911223539616,6394.089968139779,18.792303690307563,34025.04596303238,9540.053006452323,-332.046734936288
6431,27010.685923100595,2701.0685923100596,379.7299282079912,1.3742916758948898,6014.3600399317875,17.676273079737452,34025.04596303238,9540.053006452323,-332.046734936288
6432,27436.364749494176,2743.6364749494173,425.6788263935814,1.51970154376877,5588.681213538206,16.425198130842233,34025.04596303238,9909.37980990269,-332.046734936288
6433,27936.601067156822,2793.660106715682,500.2363176626459,1.7591429919731283,5088.44489587556,14.954997860705513,34025.04596303238,10409.616127565336,-332.046734936288
6434,28180.217273014627,2818.0217273014628,243.61620585780474,0.8418964110277205,4844.828690017755,14.239007039936338,34025.04596303238,10653.23233342314,-332.046734936288
6435,28145.5393085695,2814.55393085695,-34.677964445127145,-0.11884066564917806,4879.506654462883,14.34092597483742,34025.04596303238,10653.23233342314,-332.046734936288
6436,28632.77172028511,2863.277172028511,487.2324117156095,1.6717220654494769,4392.274242747273,12.908944333299072,34025.04596303238,11105.786780693623,-332.046734936288
6437,28742.877630741226,2874.2877630741227,110.10591045611727,0.37156804464817395,4282.168332291156,12.585341800694867,34025.04596303238,11215.89269114974,-332.046734936288
6438,29045.446640731654,2904.544664073165,302.56900999042773,1.0172822339076681,3979.599322300728,11.696088013002226,34025.04596303238,11518.461701140168,-332.046734936288
6439,28711.66561070925,2871.166561070925,-333.7810300224046,-1.1109205132264766,4313.380352323133,12.677074285247242,34025.04596303238,11518.461701140168,-332.046734936288
6440,28688.258580004585,2868.8258580004585,-23.407030704664066,-0.07878060762849248,4336.787383027797,12.745867816724305,34025.04596303238,11518.461701140168,-332.046734936288
6441,28963.95196911811,2896.395196911811,275.69338911352315,0.9286276875101196,4061.0939939142736,11.935601786773724,34025.04596303238,11518.461701140168,-332.046734936288
6442,29079.25944195304,2907.9259441953036,115.3074728349311,0.38482064366467394,3945.7865210793425,11.596711802730173,34025.04596303238,11552.274502361553,-332.046734936288
6443,28873.78714495351,2887.378714495351,-205.47229699953095,-0.6831029114797604,4151.258818078873,12.200597238249564,34025.04596303238,11552.274502361553,-332.046734936288
6444,28284.253812109095,2828.4253812109096,-589.533332844414,-1.9734134476619314,4740.792150923287,13.933242459316808,34025.04596303238,11552.274502361553,-332.046734936288
6445,28820.0359031997,2882.00359031997,535.7820910906048,1.829591064632341,4205.010059832683,12.358572753733684,34025.04596303238,11552.274502361553,-332.046734936288
6446,28923.204633311336,2892.3204633311334,103.16873011163625,0.34597118007013705,4101.841329721046,12.055358673659471,34025.04596303238,11552.274502361553,-332.046734936288
6447,28963.084160135277,2896.3084160135277,39.87952682394098,0.13327291415687892,4061.9618028971054,11.938152287319042,34025.04596303238,11552.274502361553,-332.046734936288
6448,29445.982818454904,2944.5982818454904,482.89865831962743,1.6116453691442878,3579.063144577478,10.518907596674719,34025.04596303238,11918.997878863418,-332.046734936288
6449,29819.64337530125,2981.9643375301252,373.66055684634557,1.2272901783937584,3205.4025877311324,9.420714938089272,34025.04596303238,12292.658435709764,-332.046734936288
6450,30130.017374618994,3013.001737461899,310.37399931774416,1.007065511882188,2895.028588413388,8.508522197321309,34025.04596303238,12603.032435027508,-332.046734936288
6451,30678.80337165663,3067.880337165663,548.7859970376376,1.7628836837241035,2346.2425913757506,6.895633863139825,34025.04596303238,13151.818432065145,-332.046734936288
6452,30703.078211344127,3070.3078211344127,24.27483968749584,0.07662801969727795,2321.967751688255,6.824289831117443,34025.04596303238,13176.093271752641,-332.046734936288
6453,31025.588307626072,3102.558830762607,322.51009628194515,1.017283224461596,1999.4576554063096,5.876428962296437,34025.04596303238,13498.603368034586,-332.046734936288
6454,31048.99798408983,3104.899798408983,23.409676463757933,0.07309678822724486,1976.0479789425517,5.807627654903078,34025.04596303238,13522.013044498344,-332.046734936288
6455,30942.360663805954,3094.2360663805953,-106.63732028387676,-0.3327321507424874,2082.6852992264285,6.121035961242285,34025.04596303238,13522.013044498344,-332.046734936288
6456,31219.789670885144,3121.9789670885143,277.42900707919034,0.868530068892337,1805.2562921472381,5.305668930201057,34025.04596303238,13692.804731293658,-332.046734936288
6457,31273.540912638953,3127.354091263895,53.751241753809154,0.16682679279678148,1751.505050393429,5.147693414716937,34025.04596303238,13746.555973047467,-332.046734936288
6458,31137.427190288763,3113.7427190288763,-136.11372235019007,-0.42175019691405025,1887.618772743619,5.547733204517883,34025.04596303238,13746.555973047467,-332.046734936288
6459,30469.86513024395,3046.9865130243948,-667.5620600448128,-2.0772106494154396,2555.180832788432,7.509705749007925,34025.04596303238,13746.555973047467,-332.046734936288
6460,31261.40216991566,3126.1402169915655,791.537039671708,2.5152222178130845,1763.6437931167238,5.183369318686276,34025.04596303238,13746.555973047467,-332.046734936288
6461,31135.69421808219,3113.5694218082194,-125.70795183346854,-0.38965433421456197,1889.3517449501924,5.552826429692233,34025.04596303238,13746.555973047467,-332.046734936288
6462,31699.21973903253,3169.921973903253,563.5255209503412,1.753581289161188,1325.8262239998512,3.8966184658217307,34025.04596303238,14172.234799441045,-332.046734936288
6463,32352.04227516464,3235.204227516464,652.8225361321092,1.9964468306650218,673.003687867742,1.9779655510207061,34025.04596303238,14825.057335573154,-332.046734936288
6464,32144.837005958536,3214.4837005958534,-207.20526920610428,-0.6212671101115674,880.2089570738462,2.5869442117144468,34025.04596303238,14825.057335573154,-332.046734936288
6465,31816.257538314945,3181.6257538314944,-328.57946764359076,-0.9913443459822147,1208.788424717437,3.552643032520116,34025.04596303238,14825.057335573154,-332.046734936288
6466,32483.819598359754,3248.381959835975,667.5620600448092,2.034241897527145,541.2263646726278,1.5906704880300846,34025.04596303238,14956.834658768268,-332.046734936288
6467,32899.960463219446,3289.9960463219445,416.14086485969165,1.2428118113504416,125.08549981293618,0.367627717384539,34025.04596303238,15372.97552362796,-332.046734936288
6468,32795.05876090124,3279.5058760901234,-104.90170231820957,-0.3094449105096264,229.98720213114575,0.6759350226331005,34025.04596303238,15372.97552362796,-332.046734936288
6469,32711.83111708112,3271.183111708112,-83.22764382011519,-0.24627163517881856,313.21484595126094,0.9205420215789375,34025.04596303238,15372.97552362796,-332.046734936288
6470,32963.249666507145,3296.3249666507145,251.41854942602367,0.7457872832622003,61.79629652523727,0.18162002365074795,34025.04596303238,15436.264726915659,-332.046734936288
6471,33179.990251488045,3317.9990251488043,216.74058498090017,0.638162093171668,0.0,0.0,34179.990251488045,15653.005311896559,-332.046734936288
6472,33447.881297033346,3344.7881297033346,267.8910455453006,0.7837657166494871,0.0,0.0,34447.881297033346,15920.89635744186,-332.046734936288
6473,33285.75976278909,3328.5759762789085,-162.12153424425924,-0.470628462883782,162.12153424425924,0.470628462883786,34447.881297033346,15920.89635744186,-332.046734936288
6474,33125.371200751404,3312.53712007514,-160.38856203768228,-0.4677993521139734,322.5100962819415,0.9362262180975295,34447.881297033346,15920.89635744186,-332.046734936288
6475,33234.609302224686,3323.4609302224685,109.23810147328186,0.32010817063545804,213.27199480865966,0.6191149840818415,34447.881297033346,15920.89635744186,-332.046734936288
6476,33486.02785165071,3348.602785165071,251.41854942602367,0.7343987694046428,0.0,0.0,34486.02785165071,15959.042912059223,-332.046734936288
6477,33793.79842401995,3379.3798424019956,307.77057236924156,0.8924500487362153,0.0,0.0,34793.79842401995,16266.813484428465,-332.046734936288
6478,34135.38179761058,3413.5381797610576,341.58337359062716,0.9817363698779502,0.0,0.0,35135.38179761058,16608.396858019092,-332.046734936288
6479,34383.33440262346,3438.333440262346,247.9526050128843,0.7057063060853075,0.0,0.0,35383.33440262346,16856.349463031976,-332.046734936288
6480,34209.074125655905,3420.90741256559,-174.26027696755773,-0.49249252482727046,174.26027696755773,0.4924925248272739,35383.33440262346,16856.349463031976,-332.046734936288
6481,33742.64796345555,3374.264796345555,-466.42616220035416,-1.3247328246569268,640.6864391679119,1.8107011393488366,35383.33440262346,16856.349463031976,-332.046734936288
6482,34099.83602418262,3409.9836024182623,357.1880607270723,1.0280968252701639,283.4983784408396,0.8012200750074585,35383.33440262346,16856.349463031976,-332.046734936288
6483,33873.56012342693,3387.356012342693,-226.27590075569606,-0.6446636975733999,509.77427919653564,1.4407185976196153,35383.33440262346,16856.349463031976,-332.046734936288
6484,33919.50902161252,3391.950902161252,45.948898185590224,0.13175855296381211,463.8253810109454,1.3108583146323132,35383.33440262346,16856.349463031976,-332.046734936288
6485,33875.293095633504,3387.52930956335,-44.215925979013264,-0.12662241600145396,508.0413069899587,1.435820890165429,35383.33440262346,16856.349463031976,-332.046734936288
6486,34294.03738744169,3429.403738744169,418.744291808187,1.2006903874898667,89.29701518177171,0.2523702660853548,35383.33440262346,16856.349463031976,-332.046734936288
6487,34315.711445939785,3431.5711445939783,21.674058498094382,0.0614099720589234,67.62295668367733,0.19111527453631813,35383.33440262346,16856.349463031976,-332.046734936288
6488,34315.711445939785,3431.5711445939783,0.0,0.0,67.62295668367733,0.19111527453631813,35383.33440262346,16856.349463031976,-332.046734936288
6489,34810.746201223614,3481.0746201223615,495.0347552838284,1.4017408541850074,0.0,0.0,35810.746201223614,17283.761261632128,-332.046734936288
6490,34893.973845043736,3489.397384504374,83.22764382012247,0.2324096888471905,0.0,0.0,35893.973845043736,17366.98890545225,-332.046734936288
6491,35076.03646557951,3507.6036465579514,182.06262053577666,0.5072233610069254,0.0,0.0,36076.03646557951,17549.051525988027,-332.046734936288
6492,35520.78856928177,3552.078856928177,444.7521037022598,1.2328186443835154,0.0,0.0,36520.78856928177,17993.803629690286,-332.046734936288
6493,35707.18494321353,3570.718494321353,186.39637393175508,0.5103843077707726,0.0,0.0,36707.18494321353,18180.20000362204,-332.046734936288
6494,35670.77400656183,3567.077400656183,-36.41093665170047,-0.0991929419486337,36.41093665170047,0.09919294194863659,36707.18494321353,18180.20000362204,-332.046734936288
6495,35819.89163485905,3581.9891634859046,149.11762829722284,0.4066388897887352,0.0,0.0,36819.89163485905,18292.906695267564,-332.046734936288
6496,35587.54371698262,3558.7543716982614,-232.3479178764319,-0.6310391138046101,232.3479178764319,0.631039113804609,36819.89163485905,18292.906695267564,-332.046734936288
6497,35428.02296392777,3542.8022963927765,-159.5207530548505,-0.4359974375126141,391.8686709312824,1.0642852369513294,36819.89163485905,18292.906695267564,-332.046734936288
6498,33956.78776724705,3395.678776724705,-1471.2351966807182,-4.038745660552545,1863.1038676120006,5.060047123680604,36819.89163485905,18292.906695267564,-332.046734936288
6499,34501.24001088871,3450.124001088871,544.4522436416592,1.5575007843020128,1318.6516239703415,3.5813566130159775,36819.89163485905,18292.906695267564,-332.046734936288
6500,34531.584221937854,3453.1584221937856,30.344211049145088,0.0854736652574406,1288.3074129211964,3.4989440645216288,36819.89163485905,18292.906695267564,-332.046734936288
6501,33655.08656623945,3365.5086566239447,-876.4976556984038,-2.4668127664210338,2164.8050686196,5.87944443206911,36819.89163485905,18292.906695267564,-332.046734936288
6502,33381.991312556245,3338.1991312556247,-273.09525368320465,-0.7880380075265814,2437.900322302805,6.621150182839579,36819.89163485905,18292.906695267564,-332.046734936288
6503,33315.2361648554,3331.52361648554,-66.75514770084555,-0.19415730489253935,2504.6554700036504,6.802452040984227,36819.89163485905,18292.906695267564,-332.046734936288
6504,32997.06246772853,3299.7062467728533,-318.17369712686923,-0.9272082395071268,2822.8291671305196,7.66658738467883,36819.89163485905,18292.906695267564,-332.046734936288
6505,33295.29507856388,3329.529507856388,298.2326108353518,0.8772305287212623,2524.596556295168,6.856610501007065,36819.89163485905,18292.906695267564,-332.046734936288
6506,33861.42138070363,3386.1421380703623,566.1263021397463,1.6507404320122099,1958.4702541554216,5.3190549108005785,36819.89163485905,18292.906695267564,-332.046734936288
6507,33121.90261057916,3312.1902610579164,-739.5187701244649,-2.1213098629816685,2697.9890242798865,7.327531137342019,36819.89163485905,18292.906695267564,-332.046734936288
6508,32009.59109259118,3200.959109259118,-1112.3115179879824,-3.2598168123342597,3810.300542267869,10.348483857732177,36819.89163485905,18292.906695267564,-332.046734936288
6509,30807.1147504386,3080.71147504386,-1202.4763421525822,-3.6428089605219927,5012.776884420451,13.614317321006533,36819.89163485905,18292.906695267564,-332.046734936288
6510,30658.864931124208,3065.886493112421,-148.24981931439106,-0.4660901200174039,5161.026703734842,14.016952453082904,36819.89163485905,18292.906695267564,-332.046734936288
6511,29976.563347166695,2997.65633471667,-682.3015839575128,-2.155167550832604,5843.328287692355,15.870031193031032,36819.89163485905,18292.906695267564,-332.046734936288
6512,29807.01363789681,2980.7013637896807,-169.54970926988608,-0.5473483529133794,6012.877996962241,16.330515191602515,36819.89163485905,18292.906695267564,-332.046734936288
6513,29807.01363789681,2980.7013637896807,0.0,0.0,6012.877996962241,16.330515191602515,36819.89163485905,0.0,0.0
6514,29807.01363789681,2980.7013637896807,0.0,0.0,6012.877996962241,16.330515191602515,36819.89163485905,0.0,0.0
6515,29807.01363789681,2980.7013637896807,0.0,0.0,6012.877996962241,16.330515191602515,36819.89163485905,0.0,0.0
6516,29807.01363789681,2980.7013637896807,0.0,0.0,6012.877996962241,16.330515191602515,36819.89163485905,0.0,0.0
6517,29807.01363789681,2980.7013637896807,0.0,0.0,6012.877996962241,16.330515191602515,36819.89163485905,0.0,0.0
6518,29807.01363789681,2980.7013637896807,0.0,0.0,6012.877996962241,16.330515191602515,36819.89163485905,0.0,0.0
6519,29807.01363789681,2980.7013637896807,0.0,0.0,6012.877996962241,16.330515191602515,36819.89163485905,0.0,0.0
6520,29807.01363789681,2980.7013637896807,0.0,0.0,6012.877996962241,16.330515191602515,36819.89163485905,0.0,0.0
6521,29807.01363789681,2980.7013637896807,0.0,0.0,6012.877996962241,16.330515191602515,36819.89163485905,0.0,0.0
6522,29807.01363789681,2980.7013637896807,0.0,0.0,6012.877996962241,16.330515191602515,36819.89163485905,0.0,0.0
6523,29807.01363789681,2980.7013637896807,0.0,0.0,6012.877996962241,16.330515191602515,36819.89163485905,0.0,0.0
6524,29807.01363789681,2980.7013637896807,0.0,0.0,6012.877996962241,16.330515191602515,36819.89163485905,0.0,0.0
6525,29807.01363789681,2980.7013637896807,0.0,0.0,6012.877996962241,16.330515191602515,36819.89163485905,0.0,0.0
6526,29807.01363789681,2980.7013637896807,0.0,0.0,6012.877996962241,16.330515191602515,36819.89163485905,0.0,0.0
6527,29807.01363789681,2980.7013637896807,0.0,0.0,6012.877996962241,16.330515191602515,36819.89163485905,0.0,0.0
6528,29807.01363789681,2980.7013637896807,0.0,0.0,6012.877996962241,16.330515191602515,36819.89163485905,0.0,0.0
6529,29807.01363789681,2980.7013637896807,0.0,0.0,6012.877996962241,16.330515191602515,36819.89163485905,0.0,0.0
6530,29807.01363789681,2980.7013637896807,0.0,0.0,6012.877996962241,16.330515191602515,36819.89163485905,0.0,0.0
6531,29807.01363789681,2980.7013637896807,0.0,0.0,6012.877996962241,16.330515191602515,36819.89163485905,0.0,0.0
6532,29807.01363789681,2980.7013637896807,0.0,0.0,6012.877996962241,16.330515191602515,36819.89163485905,0.0,0.0
6533,29807.01363789681,2980.7013637896807,0.0,0.0,6012.877996962241,16.330515191602515,36819.89163485905,0.0,0.0
6534,29807.01363789681,2980.7013637896807,0.0,0.0,6012.877996962241,16.330515191602515,36819.89163485905,0.0,0.0
6535,29807.01363789681,2980.7013637896807,0.0,0.0,6012.877996962241,16.330515191602515,36819.89163485905,0.0,0.0
6536,29807.01363789681,2980.7013637896807,0.0,0.0,6012.877996962241,16.330515191602515,36819.89163485905,0.0,0.0
6537,29807.01363789681,2980.7013637896807,0.0,0.0,6012.877996962241,16.330515191602515,36819.89163485905,0.0,0.0
6538,29807.01363789681,2980.7013637896807,0.0,0.0,6012.877996962241,16.330515191602515,36819.89163485905,0.0,0.0
6539,29807.01363789681,2980.7013637896807,0.0,0.0,6012.877996962241,16.330515191602515,36819.89163485905,0.0,0.0
6540,29807.01363789681,2980.7013637896807,0.0,0.0,6012.877996962241,16.330515191602515,36819.89163485905,0.0,0.0
6541,29807.01363789681,2980.7013637896807,0.0,0.0,6012.877996962241,16.330515191602515,36819.89163485905,0.0,0.0
6542,29807.01363789681,2980.7013637896807,0.0,0.0,6012.877996962241,16.330515191602515,36819.89163485905,0.0,0.0
6543,29807.01363789681,2980.7013637896807,0.0,0.0,6012.877996962241,16.330515191602515,36819.89163485905,0.0,0.0
6544,29807.01363789681,2980.7013637896807,0.0,0.0,6012.877996962241,16.330515191602515,36819.89163485905,0.0,0.0
6545,29807.01363789681,2980.7013637896807,0.0,0.0,6012.877996962241,16.330515191602515,36819.89163485905,0.0,0.0
6546,29807.01363789681,2980.7013637896807,0.0,0.0,6012.877996962241,16.330515191602515,36819.89163485905,0.0,0.0
6547,29807.01363789681,2980.7013637896807,0.0,0.0,6012.877996962241,16.330515191602515,36819.89163485905,0.0,0.0
6548,29807.01363789681,2980.7013637896807,0.0,0.0,6012.877996962241,16.330515191602515,36819.89163485905,0.0,0.0
6549,29807.01363789681,2980.7013637896807,0.0,0.0,6012.877996962241,16.330515191602515,36819.89163485905,0.0,0.0
6550,29807.01363789681,2980.7013637896807,0.0,0.0,6012.877996962241,16.330515191602515,36819.89163485905,0.0,0.0
6551,29807.01363789681,2980.7013637896807,0.0,0.0,6012.877996962241,16.330515191602515,36819.89163485905,0.0,0.0
6552,29807.01363789681,2980.7013637896807,0.0,0.0,6012.877996962241,16.330515191602515,36819.89163485905,0.0,0.0
6553,29807.01363789681,2980.7013637896807,0.0,0.0,6012.877996962241,16.330515191602515,36819.89163485905,0.0,0.0
6554,29807.01363789681,2980.7013637896807,0.0,0.0,6012.877996962241,16.330515191602515,36819.89163485905,0.0,0.0
6555,29807.01363789681,2980.7013637896807,0.0,0.0,6012.877996962241,16.330515191602515,36819.89163485905,0.0,0.0
6556,29807.01363789681,2980.7013637896807,0.0,0.0,6012.877996962241,16.330515191602515,36819.89163485905,0.0,0.0
6557,29807.01363789681,2980.7013637896807,0.0,0.0,6012.877996962241,16.330515191602515,36819.89163485905,0.0,0.0
6558,29807.01363789681,2980.7013637896807,0.0,0.0,6012.877996962241,16.330515191602515,36819.89163485905,0.0,0.0
6559,29807.01363789681,2980.7013637896807,0.0,0.0,6012.877996962241,16.330515191602515,36819.89163485905,0.0,0.0
6560,29807.01363789681,2980.7013637896807,0.0,0.0,6012.877996962241,16.330515191602515,36819.89163485905,0.0,0.0
6561,29807.01363789681,2980.7013637896807,0.0,0.0,6012.877996962241,16.330515191602515,36819.89163485905,0.0,0.0
6562,29807.01363789681,2980.7013637896807,0.0,0.0,6012.877996962241,16.330515191602515,36819.89163485905,0.0,0.0
6563,29807.01363789681,2980.7013637896807,0.0,0.0,6012.877996962241,16.330515191602515,36819.89163485905,0.0,0.0
6564,29807.01363789681,2980.7013637896807,0.0,0.0,6012.877996962241,16.330515191602515,36819.89163485905,0.0,0.0
6565,29807.01363789681,2980.7013637896807,0.0,0.0,6012.877996962241,16.330515191602515,36819.89163485905,0.0,0.0
6566,29807.01363789681,2980.7013637896807,0.0,0.0,6012.877996962241,16.330515191602515,36819.89163485905,0.0,0.0
6567,29807.01363789681,2980.7013637896807,0.0,0.0,6012.877996962241,16.330515191602515,36819.89163485905,0.0,0.0
6568,29807.01363789681,2980.7013637896807,0.0,0.0,6012.877996962241,16.330515191602515,36819.89163485905,0.0,0.0
6569,29807.01363789681,2980.7013637896807,0.0,0.0,6012.877996962241,16.330515191602515,36819.89163485905,0.0,0.0
6570,29807.01363789681,2980.7013637896807,0.0,0.0,6012.877996962241,16.330515191602515,36819.89163485905,0.0,0.0
6571,29807.01363789681,2980.7013637896807,0.0,0.0,6012.877996962241,16.330515191602515,36819.89163485905,0.0,0.0
6572,29807.01363789681,2980.7013637896807,0.0,0.0,6012.877996962241,16.330515191602515,36819.89163485905,0.0,0.0
6573,29776.237400496317,2977.6237400496316,-30.77623740049239,-0.09990009990008542,6043.654234362733,16.41410109051199,36819.89163485905,0.0,0.0
6574,29875.001752258675,2987.5001752258677,98.76435176235827,0.32091106679845716,5944.889882600375,16.145864690628475,36819.89163485905,98.76435176235827,0.0
6575,29923.96854747388,2992.396854747388,48.96679521520491,0.15859689857871118,5895.92308738517,16.012874632697816,36819.89163485905,147.73114697756318,0.0
6576,29259.177119670385,2925.9177119670385,-664.791427803495,-2.149761039831999,6560.714515188665,17.818397132318935,36819.89163485905,147.73114697756318,-517.0602808259318
6577,28580.277946077378,2858.0277946077376,-678.8991735930067,-2.2436141303779134,7239.613688781672,19.662235186829292,36819.89163485905,147.73114697756318,-1195.9594544189385
6578,28108.03571942478,2810.803571942478,-472.2422266525973,-1.5964766372833283,7711.855915434269,20.94480883298719,36819.89163485905,147.73114697756318,-1668.2016810715359
6579,28260.746368776163,2826.0746368776163,152.71064935138202,0.5246339905013775,7559.145266082887,20.530058428869204,36819.89163485905,147.73114697756318,-1668.2016810715359
6580,27801.783659390065,2780.1783659390067,-458.96270938609814,-1.5685270074855429,8018.107975468985,21.776565925245368,36819.89163485905,147.73114697756318,-1974.453741106252
6581,27635.79349277218,2763.579349277218,-165.99016661788482,-0.5763190522534489,8184.09814208687,22.227382479145096,36819.89163485905,147.73114697756318,-2140.443907724137
6582,27556.582539994313,2755.6582539994315,-79.21095277786662,-0.27661518371355776,8263.309094864737,22.442513347979247,36819.89163485905,147.73114697756318,-2219.6548605020034
6583,27556.582539994313,2755.6582539994315,0.0,0.0,8263.309094864737,22.442513347979247,36819.89163485905,0.0,0.0
6584,27556.582539994313,2755.6582539994315,0.0,0.0,8263.309094864737,22.442513347979247,36819.89163485905,0.0,0.0
6585,27556.582539994313,2755.6582539994315,0.0,0.0,8263.309094864737,22.442513347979247,36819.89163485905,0.0,0.0
6586,27556.582539994313,2755.6582539994315,0.0,0.0,8263.309094864737,22.442513347979247,36819.89163485905,0.0,0.0
6587,27556.582539994313,2755.6582539994315,0.0,0.0,8263.309094864737,22.442513347979247,36819.89163485905,0.0,0.0
6588,27556.582539994313,2755.6582539994315,0.0,0.0,8263.309094864737,22.442513347979247,36819.89163485905,0.0,0.0
6589,27556.582539994313,2755.6582539994315,0.0,0.0,8263.309094864737,22.442513347979247,36819.89163485905,0.0,0.0
6590,27556.582539994313,2755.6582539994315,0.0,0.0,8263.309094864737,22.442513347979247,36819.89163485905,0.0,0.0
6591,27556.582539994313,2755.6582539994315,0.0,0.0,8263.309094864737,22.442513347979247,36819.89163485905,0.0,0.0
6592,27556.582539994313,2755.6582539994315,0.0,0.0,8263.309094864737,22.442513347979247,36819.89163485905,0.0,0.0
6593,27556.582539994313,2755.6582539994315,0.0,0.0,8263.309094864737,22.442513347979247,36819.89163485905,0.0,0.0
6594,27556.582539994313,2755.6582539994315,0.0,0.0,8263.309094864737,22.442513347979247,36819.89163485905,0.0,0.0
6595,27556.582539994313,2755.6582539994315,0.0,0.0,8263.309094864737,22.442513347979247,36819.89163485905,0.0,0.0
6596,27556.582539994313,2755.6582539994315,0.0,0.0,8263.309094864737,22.442513347979247,36819.89163485905,0.0,0.0
6597,27556.582539994313,2755.6582539994315,0.0,0.0,8263.309094864737,22.442513347979247,36819.89163485905,0.0,0.0
6598,27556.582539994313,2755.6582539994315,0.0,0.0,8263.309094864737,22.442513347979247,36819.89163485905,0.0,0.0
6599,27556.582539994313,2755.6582539994315,0.0,0.0,8263.309094864737,22.442513347979247,36819.89163485905,0.0,0.0
6600,27556.582539994313,2755.6582539994315,0.0,0.0,8263.309094864737,22.442513347979247,36819.89163485905,0.0,0.0
6601,27556.582539994313,2755.6582539994315,0.0,0.0,8263.309094864737,22.442513347979247,36819.89163485905,0.0,0.0
6602,27556.582539994313,2755.6582539994315,0.0,0.0,8263.309094864737,22.442513347979247,36819.89163485905,0.0,0.0
6603,27556.582539994313,2755.6582539994315,0.0,0.0,8263.309094864737,22.442513347979247,36819.89163485905,0.0,0.0
6604,27556.582539994313,2755.6582539994315,0.0,0.0,8263.309094864737,22.442513347979247,36819.89163485905,0.0,0.0
6605,27556.582539994313,2755.6582539994315,0.0,0.0,8263.309094864737,22.442513347979247,36819.89163485905,0.0,0.0
6606,27556.582539994313,2755.6582539994315,0.0,0.0,8263.309094864737,22.442513347979247,36819.89163485905,0.0,0.0
6607,27556.582539994313,2755.6582539994315,0.0,0.0,8263.309094864737,22.442513347979247,36819.89163485905,0.0,0.0
6608,27556.582539994313,2755.6582539994315,0.0,0.0,8263.309094864737,22.442513347979247,36819.89163485905,0.0,0.0
6609,27556.582539994313,2755.6582539994315,0.0,0.0,8263.309094864737,22.442513347979247,36819.89163485905,0.0,0.0
6610,27556.582539994313,2755.6582539994315,0.0,0.0,8263.309094864737,22.442513347979247,36819.89163485905,0.0,0.0
6611,27556.582539994313,2755.6582539994315,0.0,0.0,8263.309094864737,22.442513347979247,36819.89163485905,0.0,0.0
6612,27556.582539994313,2755.6582539994315,0.0,0.0,8263.309094864737,22.442513347979247,36819.89163485905,0.0,0.0
6613,27556.582539994313,2755.6582539994315,0.0,0.0,8263.309094864737,22.442513347979247,36819.89163485905,0.0,0.0
6614,27556.582539994313,2755.6582539994315,0.0,0.0,8263.309094864737,22.442513347979247,36819.89163485905,0.0,0.0
6615,27556.582539994313,2755.6582539994315,0.0,0.0,8263.309094864737,22.442513347979247,36819.89163485905,0.0,0.0
6616,27556.582539994313,2755.6582539994315,0.0,0.0,8263.309094864737,22.442513347979247,36819.89163485905,0.0,0.0
6617,27556.582539994313,2755.6582539994315,0.0,0.0,8263.309094864737,22.442513347979247,36819.89163485905,0.0,0.0
6618,27556.582539994313,2755.6582539994315,0.0,0.0,8263.309094864737,22.442513347979247,36819.89163485905,0.0,0.0
6619,27556.582539994313,2755.6582539994315,0.0,0.0,8263.309094864737,22.442513347979247,36819.89163485905,0.0,0.0
6620,27556.582539994313,2755.6582539994315,0.0,0.0,8263.309094864737,22.442513347979247,36819.89163485905,0.0,0.0
6621,27556.582539994313,2755.6582539994315,0.0,0.0,8263.309094864737,22.442513347979247,36819.89163485905,0.0,0.0
6622,27556.582539994313,2755.6582539994315,0.0,0.0,8263.309094864737,22.442513347979247,36819.89163485905,0.0,0.0
6623,27556.582539994313,2755.6582539994315,0.0,0.0,8263.309094864737,22.442513347979247,36819.89163485905,0.0,0.0
6624,27556.582539994313,2755.6582539994315,0.0,0.0,8263.309094864737,22.442513347979247,36819.89163485905,0.0,0.0
6625,27556.582539994313,2755.6582539994315,0.0,0.0,8263.309094864737,22.442513347979247,36819.89163485905,0.0,0.0
6626,27556.582539994313,2755.6582539994315,0.0,0.0,8263.309094864737,22.442513347979247,36819.89163485905,0.0,0.0
6627,27556.582539994313,2755.6582539994315,0.0,0.0,8263.309094864737,22.442513347979247,36819.89163485905,0.0,0.0
6628,27556.582539994313,2755.6582539994315,0.0,0.0,8263.309094864737,22.442513347979247,36819.89163485905,0.0,0.0
6629,27556.582539994313,2755.6582539994315,0.0,0.0,8263.309094864737,22.442513347979247,36819.89163485905,0.0,0.0
6630,27556.582539994313,2755.6582539994315,0.0,0.0,8263.309094864737,22.442513347979247,36819.89163485905,0.0,0.0
6631,27556.582539994313,2755.6582539994315,0.0,0.0,8263.309094864737,22.442513347979247,36819.89163485905,0.0,0.0
6632,27556.582539994313,2755.6582539994315,0.0,0.0,8263.309094864737,22.442513347979247,36819.89163485905,0.0,0.0
6633,27556.582539994313,2755.6582539994315,0.0,0.0,8263.309094864737,22.442513347979247,36819.89163485905,0.0,0.0
6634,27556.582539994313,2755.6582539994315,0.0,0.0,8263.309094864737,22.442513347979247,36819.89163485905,0.0,0.0
6635,27556.582539994313,2755.6582539994315,0.0,0.0,8263.309094864737,22.442513347979247,36819.89163485905,0.0,0.0
6636,27556.582539994313,2755.6582539994315,0.0,0.0,8263.309094864737,22.442513347979247,36819.89163485905,0.0,0.0
6637,27556.582539994313,2755.6582539994315,0.0,0.0,8263.309094864737,22.442513347979247,36819.89163485905,0.0,0.0
6638,27556.582539994313,2755.6582539994315,0.0,0.0,8263.309094864737,22.442513347979247,36819.89163485905,0.0,0.0
6639,27556.582539994313,2755.6582539994315,0.0,0.0,8263.309094864737,22.442513347979247,36819.89163485905,0.0,0.0
6640,27556.582539994313,2755.6582539994315,0.0,0.0,8263.309094864737,22.442513347979247,36819.89163485905,0.0,0.0
6641,27556.582539994313,2755.6582539994315,0.0,0.0,8263.309094864737,22.442513347979247,36819.89163485905,0.0,0.0
6642,27556.582539994313,2755.6582539994315,0.0,0.0,8263.309094864737,22.442513347979247,36819.89163485905,0.0,0.0
6643,27556.582539994313,2755.6582539994315,0.0,0.0,8263.309094864737,22.442513347979247,36819.89163485905,0.0,0.0
6644,27556.582539994313,2755.6582539994315,0.0,0.0,8263.309094864737,22.442513347979247,36819.89163485905,0.0,0.0
6645,27556.582539994313,2755.6582539994315,0.0,0.0,8263.309094864737,22.442513347979247,36819.89163485905,0.0,0.0
6646,27556.582539994313,2755.6582539994315,0.0,0.0,8263.309094864737,22.442513347979247,36819.89163485905,0.0,0.0
6647,27556.582539994313,2755.6582539994315,0.0,0.0,8263.309094864737,22.442513347979247,36819.89163485905,0.0,0.0
6648,27556.582539994313,2755.6582539994315,0.0,0.0,8263.309094864737,22.442513347979247,36819.89163485905,0.0,0.0
6649,27556.582539994313,2755.6582539994315,0.0,0.0,8263.309094864737,22.442513347979247,36819.89163485905,0.0,0.0
6650,27556.582539994313,2755.6582539994315,0.0,0.0,8263.309094864737,22.442513347979247,36819.89163485905,0.0,0.0
6651,27556.582539994313,2755.6582539994315,0.0,0.0,8263.309094864737,22.442513347979247,36819.89163485905,0.0,0.0
6652,27556.582539994313,2755.6582539994315,0.0,0.0,8263.309094864737,22.442513347979247,36819.89163485905,0.0,0.0
6653,27556.582539994313,2755.6582539994315,0.0,0.0,8263.309094864737,22.442513347979247,36819.89163485905,0.0,0.0
6654,27556.582539994313,2755.6582539994315,0.0,0.0,8263.309094864737,22.442513347979247,36819.89163485905,0.0,0.0
6655,27556.582539994313,2755.6582539994315,0.0,0.0,8263.309094864737,22.442513347979247,36819.89163485905,0.0,0.0
6656,27556.582539994313,2755.6582539994315,0.0,0.0,8263.309094864737,22.442513347979247,36819.89163485905,0.0,0.0
6657,27556.582539994313,2755.6582539994315,0.0,0.0,8263.309094864737,22.442513347979247,36819.89163485905,0.0,0.0
6658,27556.582539994313,2755.6582539994315,0.0,0.0,8263.309094864737,22.442513347979247,36819.89163485905,0.0,0.0
6659,27556.582539994313,2755.6582539994315,0.0,0.0,8263.309094864737,22.442513347979247,36819.89163485905,0.0,0.0
6660,27556.582539994313,2755.6582539994315,0.0,0.0,8263.309094864737,22.442513347979247,36819.89163485905,0.0,0.0
6661,27556.582539994313,2755.6582539994315,0.0,0.0,8263.309094864737,22.442513347979247,36819.89163485905,0.0,0.0
6662,27556.582539994313,2755.6582539994315,0.0,0.0,8263.309094864737,22.442513347979247,36819.89163485905,0.0,0.0
6663,27556.582539994313,2755.6582539994315,0.0,0.0,8263.309094864737,22.442513347979247,36819.89163485905,0.0,0.0
6664,27556.582539994313,2755.6582539994315,0.0,0.0,8263.309094864737,22.442513347979247,36819.89163485905,0.0,0.0
6665,27556.582539994313,2755.6582539994315,0.0,0.0,8263.309094864737,22.442513347979247,36819.89163485905,0.0,0.0
6666,27556.582539994313,2755.6582539994315,0.0,0.0,8263.309094864737,22.442513347979247,36819.89163485905,0.0,0.0
6667,27556.582539994313,2755.6582539994315,0.0,0.0,8263.309094864737,22.442513347979247,36819.89163485905,0.0,0.0
6668,27556.582539994313,2755.6582539994315,0.0,0.0,8263.309094864737,22.442513347979247,36819.89163485905,0.0,0.0
6669,27528.054485508812,2752.805448550881,-28.528054485501343,-0.09990009990007431,8291.837149350238,22.519993354624603,36819.89163485905,0.0,0.0
6670,27384.495859721683,2738.4495859721683,-143.55862578712913,-0.5032191236877037,8435.395775137367,22.90988756509864,36819.89163485905,0.0,-143.55862578712913
6671,26837.76263712079,2683.7762637120795,-546.7332226008912,-1.9261685157379138,8982.128997738258,24.394773039566665,36819.89163485905,0.0,-690.2918483880203
6672,26418.259892817918,2641.825989281792,-419.5027443028739,-1.5069556766156178,9401.631742041132,25.534110299065045,36819.89163485905,0.0,-1109.7945926908942
6673,26608.23988265064,2660.823988265064,189.9799898327219,0.6928958678463992,9211.65175220841,25.018139226372206,36819.89163485905,0.0,-1109.7945926908942
6674,26289.31369979338,2628.931369979338,-318.92618285725985,-1.155184771694473,9530.57793506567,25.884318263562307,36819.89163485905,0.0,-1238.7407857154321
6675,25460.618240048843,2546.0618240048843,-828.6954597445365,-3.036703190343737,10359.273394810207,28.13499153539772,36819.89163485905,0.0,-2067.4362454599686
6676,26499.066383653324,2649.9066383653326,1038.4481436044807,3.924504462381617,9320.825251205726,25.31464607131348,36819.89163485905,0.0,-2067.4362454599686
6677,27803.140746661298,2780.3140746661297,1304.0743630079742,4.742249590637648,8016.750888197752,21.772880180364062,36819.89163485905,275.08626115248626,-2067.4362454599686
6678,27191.93705096515,2719.193705096515,-611.2036956961492,-2.1220036421444655,8627.954583893901,23.432862512081453,36819.89163485905,275.08626115248626,-2067.4362454599686
6679,26663.25556083093,2666.325556083093,-528.6814901342186,-1.8752932413919399,9156.63607402812,24.868720866519663,36819.89163485905,275.08626115248626,-2067.4362454599686
6680,27628.633670371437,2762.8633670371437,965.3781095405066,3.4897487297460783,8191.257964487613,22.246828007317056,36819.89163485905,275.08626115248626,-2067.4362454599686
6681,28142.700104326057,2814.270010432606,514.0664339546202,1.7956373324467867,7677.191530532993,20.85066302385488,36819.89163485905,614.6456188172451,-2067.4362454599686
6682,27983.665941579056,2798.3665941579056,-159.03416274700066,-0.545708400998135,7836.225693279994,21.28258760506803,36819.89163485905,614.6456188172451,-2067.4362454599686
6683,28464.20510610713,2846.420510610713,480.53916452807243,1.6579654399021537,7355.686528751921,19.977480112374803,36819.89163485905,936.1506205983169,-2067.4362454599686
6684,28119.48811059475,2811.948811059475,-344.71699551237907,-1.1699517915754964,7700.4035242643,20.913705017463936,36819.89163485905,936.1506205983169,-2067.4362454599686
6685,27968.193028036196,2796.81930280362,-151.295082558554,-0.5195664222665597,7851.698606822854,21.324610850807876,36819.89163485905,936.1506205983169,-2067.4362454599686
6686,27343.232133523707,2734.3232133523707,-624.9608945124892,-2.1574037907978405,8476.659501335344,23.021956678737503,36819.89163485905,936.1506205983169,-2067.4362454599686
6687,26547.206085842456,2654.7206085842454,-796.0260476812509,-2.8085224858308555,9272.685549016594,25.183902334567776,36819.89163485905,936.1506205983169,-2067.4362454599686
6688,26636.606890812553,2663.660689081255,89.40080497009694,0.3245367413722722,9183.284744046498,24.941096609182487,36819.89163485905,936.1506205983169,-2067.4362454599686
6689,26874.729206251424,2687.4729206251423,238.12231543887174,0.8616192153387381,8945.162428607626,24.294374674744663,36819.89163485905,936.1506205983169,-2067.4362454599686
6690,26344.329377973667,2634.432937797367,-530.3998282777575,-1.9027981378875847,9475.562256885383,25.734899903709767,36819.89163485905,936.1506205983169,-2067.4362454599686
6691,25720.228964241458,2572.0228964241455,-624.1004137322088,-2.2823760096853274,10099.662670617592,27.429908731876296,36819.89163485905,936.1506205983169,-2067.4362454599686
6692,25520.794179493765,2552.0794179493764,-199.4347847476929,-0.7463812717121043,10299.097455365285,27.971558301965953,36819.89163485905,936.1506205983169,-2067.4362454599686
6693,25820.808149104083,2582.080814910408,300.0139696103179,1.1312405185901042,9999.083485754967,27.15674338456875,36819.89163485905,936.1506205983169,-2067.4362454599686
6694,26632.30973374521,2663.230973374521,811.5015846411261,3.0256418081430203,9187.581901113841,24.95276735799935,36819.89163485905,936.1506205983169,-2067.4362454599686
6695,27246.092248365167,2724.6092248365167,613.7825146199575,2.2212494016393913,8573.799386493884,23.285781151991987,36819.89163485905,936.1506205983169,-2067.4362454599686
6696,27388.79301678903,2738.879301678903,142.70076842386334,0.5052053472356821,8431.09861807002,22.89821681628177,36819.89163485905,936.1506205983169,-2067.4362454599686
6697,27320.022763209414,2732.0022763209417,-68.77025357961611,-0.2422443727669088,8499.868871649636,23.08499154734727,36819.89163485905,936.1506205983169,-2067.4362454599686
6698,27333.77733860874,2733.3777338608743,13.754575399325404,0.0485683769195111,8486.11429625031,23.047635176134314,36819.89163485905,936.1506205983169,-2067.4362454599686
6699,27452.40825593804,2745.240825593804,118.63091732930116,0.41869079407090837,8367.48337892101,22.72544270879694,36819.89163485905,936.1506205983169,-2067.4362454599686
6700,27960.456571264764,2796.0456571264763,508.04831532672324,1.7856074282242673,7859.4350635942865,21.345622473677803,36819.89163485905,936.1506205983169,-2067.4362454599686
6701,28198.57626328662,2819.8576263286623,238.1196920218572,0.8222235427673752,7621.315371572429,20.698907664239258,36819.89163485905,936.1506205983169,-2067.4362454599686
6702,28422.941379909153,2842.2941379909153,224.3651166225318,0.7684111533364124,7396.9502549498975,20.089549226013666,36819.89163485905,936.1506205983169,-2067.4362454599686
6703,28480.538500430266,2848.0538500430266,57.59712052111354,0.1957558212057009,7339.353134428784,19.933119866871873,36819.89163485905,952.4840149214542,-2067.4362454599686
6704,28765.07955649772,2876.507955649772,284.5410560674536,0.9651826952323139,7054.81207836133,19.160328195214518,36819.89163485905,1237.0250709889078,-2067.4362454599686
6705,29082.287401211444,2908.2287401211447,317.2078447137246,1.0657046762184041,6737.604233647606,18.298816032551308,36819.89163485905,1554.2329157026325,-2067.4362454599686
6706,28349.013488481916,2834.9013488481914,-733.2739127295281,-2.437560358857549,7470.878146377134,20.290331705659113,36819.89163485905,1554.2329157026325,-2067.4362454599686
6707,27921.771663990596,2792.17716639906,-427.2418244913206,-1.4557280593400224,7898.119970868454,21.450687713026696,36819.89163485905,1554.2329157026325,-2067.4362454599686
6708,27243.513429441355,2724.3513429441355,-678.258234549241,-2.345147601706965,8576.378205417695,23.29278502628197,36819.89163485905,1554.2329157026325,-2067.4362454599686
6709,27712.879460910928,2771.287946091093,469.3660314695735,1.6618542613055398,8107.012173948122,22.01802290551243,36819.89163485905,1554.2329157026325,-2067.4362454599686
6710,26799.940834043915,2679.9940834043914,-912.9386268670132,-3.1795439677510084,9019.950800815135,24.49749415415319,36819.89163485905,1554.2329157026325,-2067.4362454599686
6711,27433.49604269109,2743.349604269109,633.5552086471762,2.2789804209630615,8386.395592167959,22.776806828589848,36819.89163485905,1554.2329157026325,-2067.4362454599686
6712,27359.565527846844,2735.9565527846844,-73.93051484424723,-0.2600120461206945,8460.326107012206,22.977596433234567,36819.89163485905,1554.2329157026325,-2067.4362454599686
6713,29042.744636574018,2904.2744636574016,1683.179108727174,5.935137148255754,6777.146998285032,18.406211146664,36819.89163485905,1554.2329157026325,-2067.4362454599686
6714,28716.07937352831,2871.6079373528314,-326.6652630457065,-1.0873349522400932,7103.812261330739,19.293408931723306,36819.89163485905,1554.2329157026325,-2067.4362454599686
6715,28652.466757796316,2865.2466757796315,-63.6126157319959,-0.21406799642843533,7167.424877062735,19.466175914208858,36819.89163485905,1554.2329157026325,-2067.4362454599686
6716,29013.517147631832,2901.351714763183,361.0503898355164,1.217606591669429,6806.374487227218,18.485590763616795,36819.89163485905,1554.2329157026325,-2067.4362454599686
6717,29545.63269063611,2954.563269063611,532.1155430042782,1.772919649459559,6274.25894422294,17.040405785124083,36819.89163485905,2017.5782051272981,-2067.4362454599686
6718,30119.01458325538,3011.901458325538,573.3818926192689,1.8771321531507956,5700.877051603671,15.483144567993227,36819.89163485905,2590.960097746567,-2067.4362454599686
6719,30293.52165954524,3029.352165954524,174.5070762898613,0.5607731434521757,5526.36997531381,15.009196741040231,36819.89163485905,2765.4671740364283,-2067.4362454599686
6720,30424.186190713313,3042.4186190713312,130.66453116807315,0.41754498771222615,5395.705444145737,14.654321902016083,36819.89163485905,2896.1317052045015,-2067.4362454599686
6721,28275.082973637665,2827.5082973637664,-2149.103217075648,-6.839009939772966,7544.808661221385,20.491121310303843,36819.89163485905,2896.1317052045015,-2067.4362454599686
6722,28131.52434785054,2813.152434785054,-143.5586257871255,-0.49037820291201184,7688.36728700851,20.88101552077787,36819.89163485905,2896.1317052045015,-2067.4362454599686
6723,27760.158682319787,2776.015868231979,-371.3656655307532,-1.2747896783442902,8059.732952539263,21.889616168529816,36819.89163485905,2896.1317052045015,-2067.4362454599686
6724,28044.69973838724,2804.469973838724,284.5410560674536,0.9893584357807184,7775.19189647181,21.11682449687246,36819.89163485905,2896.1317052045015,-2067.4362454599686
6725,27552.98481738365,2755.298481738365,-491.71492100358955,-1.6929592160793039,8266.9068174754,22.452284486488676,36819.89163485905,2896.1317052045015,-2067.4362454599686
6726,26836.044298977256,2683.604429897726,-716.9405184063944,-2.510912687383582,8983.847335881794,24.399439914093556,36819.89163485905,2896.1317052045015,-2067.4362454599686
6727,27436.074861614903,2743.60748616149,600.0305626376467,2.1555884744000497,8383.816773244147,22.76980295429987,36819.89163485905,2896.1317052045015,-2067.4362454599686
6728,27507.423934118327,2750.742393411833,71.3490725034244,0.25091041168883166,8312.467700740723,22.576024348944404,36819.89163485905,2896.1317052045015,-2067.4362454599686
6729,27817.7558028409,2781.7755802840898,310.33186872257284,1.0886001816220237,8002.13583201815,21.73318680938802,36819.89163485905,2896.1317052045015,-2067.4362454599686
6730,27519.460171374118,2751.9460171374117,-298.29563146678265,-1.0351105530479132,8300.431463484932,22.543334852258337,36819.89163485905,2896.1317052045015,-2067.4362454599686
6731,27299.392211818933,2729.939221181893,-220.06795955518464,-0.771641392343303,8520.499423040117,23.141022541667063,36819.89163485905,2896.1317052045015,-2067.4362454599686
6732,27834.089197164034,2783.4089197164035,534.696985345101,1.8894292193377682,7985.802437695016,21.688826563885097,36819.89163485905,2896.1317052045015,-2067.4362454599686
6733,27470.45998840471,2747.045998840471,-363.6292087593247,-1.2611087046061065,8349.43164645434,22.676415588767128,36819.89163485905,2896.1317052045015,-2067.4362454599686
6734,27194.51586988896,2719.451586988896,-275.9441185157484,-0.9692295755956648,8625.37576497009,23.425858637791475,36819.89163485905,2896.1317052045015,-2067.4362454599686
6735,26275.762586123914,2627.5762586123915,-918.753283765047,-3.2586240813812006,9544.129048735136,25.921122048331284,36819.89163485905,2896.1317052045015,-2067.4362454599686
6736,26275.762586123914,2627.5762586123915,0.0,0.0,9544.129048735136,25.921122048331284,36819.89163485905,0.0,0.0
6737,26275.762586123914,2627.5762586123915,0.0,0.0,9544.129048735136,25.921122048331284,36819.89163485905,0.0,0.0
6738,26275.762586123914,2627.5762586123915,0.0,0.0,9544.129048735136,25.921122048331284,36819.89163485905,0.0,0.0
6739,26275.762586123914,2627.5762586123915,0.0,0.0,9544.129048735136,25.921122048331284,36819.89163485905,0.0,0.0
6740,26275.762586123914,2627.5762586123915,0.0,0.0,9544.129048735136,25.921122048331284,36819.89163485905,0.0,0.0
6741,26275.762586123914,2627.5762586123915,0.0,0.0,9544.129048735136,25.921122048331284,36819.89163485905,0.0,0.0
6742,26275.762586123914,2627.5762586123915,0.0,0.0,9544.129048735136,25.921122048331284,36819.89163485905,0.0,0.0
6743,26275.762586123914,2627.5762586123915,0.0,0.0,9544.129048735136,25.921122048331284,36819.89163485905,0.0,0.0
6744,26275.762586123914,2627.5762586123915,0.0,0.0,9544.129048735136,25.921122048331284,36819.89163485905,0.0,0.0
6745,26275.762586123914,2627.5762586123915,0.0,0.0,9544.129048735136,25.921122048331284,36819.89163485905,0.0,0.0
6746,26275.762586123914,2627.5762586123915,0.0,0.0,9544.129048735136,25.921122048331284,36819.89163485905,0.0,0.0
6747,26275.762586123914,2627.5762586123915,0.0,0.0,9544.129048735136,25.921122048331284,36819.89163485905,0.0,0.0
6748,26275.762586123914,2627.5762586123915,0.0,0.0,9544.129048735136,25.921122048331284,36819.89163485905,0.0,0.0
6749,26275.762586123914,2627.5762586123915,0.0,0.0,9544.129048735136,25.921122048331284,36819.89163485905,0.0,0.0
6750,26275.762586123914,2627.5762586123915,0.0,0.0,9544.129048735136,25.921122048331284,36819.89163485905,0.0,0.0
6751,26275.762586123914,2627.5762586123915,0.0,0.0,9544.129048735136,25.921122048331284,36819.89163485905,0.0,0.0
6752,26275.762586123914,2627.5762586123915,0.0,0.0,9544.129048735136,25.921122048331284,36819.89163485905,0.0,0.0
6753,26275.762586123914,2627.5762586123915,0.0,0.0,9544.129048735136,25.921122048331284,36819.89163485905,0.0,0.0
6754,26275.762586123914,2627.5762586123915,0.0,0.0,9544.129048735136,25.921122048331284,36819.89163485905,0.0,0.0
6755,26275.762586123914,2627.5762586123915,0.0,0.0,9544.129048735136,25.921122048331284,36819.89163485905,0.0,0.0
6756,26275.762586123914,2627.5762586123915,0.0,0.0,9544.129048735136,25.921122048331284,36819.89163485905,0.0,0.0
6757,26275.762586123914,2627.5762586123915,0.0,0.0,9544.129048735136,25.921122048331284,36819.89163485905,0.0,0.0
6758,26275.762586123914,2627.5762586123915,0.0,0.0,9544.129048735136,25.921122048331284,36819.89163485905,0.0,0.0
6759,26275.762586123914,2627.5762586123915,0.0,0.0,9544.129048735136,25.921122048331284,36819.89163485905,0.0,0.0
6760,26275.762586123914,2627.5762586123915,0.0,0.0,9544.129048735136,25.921122048331284,36819.89163485905,0.0,0.0
6761,26275.762586123914,2627.5762586123915,0.0,0.0,9544.129048735136,25.921122048331284,36819.89163485905,0.0,0.0
6762,26275.762586123914,2627.5762586123915,0.0,0.0,9544.129048735136,25.921122048331284,36819.89163485905,0.0,0.0
6763,26275.762586123914,2627.5762586123915,0.0,0.0,9544.129048735136,25.921122048331284,36819.89163485905,0.0,0.0
6764,26275.762586123914,2627.5762586123915,0.0,0.0,9544.129048735136,25.921122048331284,36819.89163485905,0.0,0.0
6765,26275.762586123914,2627.5762586123915,0.0,0.0,9544.129048735136,25.921122048331284,36819.89163485905,0.0,0.0
6766,26275.762586123914,2627.5762586123915,0.0,0.0,9544.129048735136,25.921122048331284,36819.89163485905,0.0,0.0
6767,26275.762586123914,2627.5762586123915,0.0,0.0,9544.129048735136,25.921122048331284,36819.89163485905,0.0,0.0
6768,26275.762586123914,2627.5762586123915,0.0,0.0,9544.129048735136,25.921122048331284,36819.89163485905,0.0,0.0
6769,26275.762586123914,2627.5762586123915,0.0,0.0,9544.129048735136,25.921122048331284,36819.89163485905,0.0,0.0
6770,26275.762586123914,2627.5762586123915,0.0,0.0,9544.129048735136,25.921122048331284,36819.89163485905,0.0,0.0
6771,26275.762586123914,2627.5762586123915,0.0,0.0,9544.129048735136,25.921122048331284,36819.89163485905,0.0,0.0
6772,26275.762586123914,2627.5762586123915,0.0,0.0,9544.129048735136,25.921122048331284,36819.89163485905,0.0,0.0
6773,26275.762586123914,2627.5762586123915,0.0,0.0,9544.129048735136,25.921122048331284,36819.89163485905,0.0,0.0
6774,26275.762586123914,2627.5762586123915,0.0,0.0,9544.129048735136,25.921122048331284,36819.89163485905,0.0,0.0
6775,26275.762586123914,2627.5762586123915,0.0,0.0,9544.129048735136,25.921122048331284,36819.89163485905,0.0,0.0
6776,26275.762586123914,2627.5762586123915,0.0,0.0,9544.129048735136,25.921122048331284,36819.89163485905,0.0,0.0
6777,26275.762586123914,2627.5762586123915,0.0,0.0,9544.129048735136,25.921122048331284,36819.89163485905,0.0,0.0
6778,26275.762586123914,2627.5762586123915,0.0,0.0,9544.129048735136,25.921122048331284,36819.89163485905,0.0,0.0
6779,26275.762586123914,2627.5762586123915,0.0,0.0,9544.129048735136,25.921122048331284,36819.89163485905,0.0,0.0
6780,26275.762586123914,2627.5762586123915,0.0,0.0,9544.129048735136,25.921122048331284,36819.89163485905,0.0,0.0
6781,26275.762586123914,2627.5762586123915,0.0,0.0,9544.129048735136,25.921122048331284,36819.89163485905,0.0,0.0
6782,26275.762586123914,2627.5762586123915,0.0,0.0,9544.129048735136,25.921122048331284,36819.89163485905,0.0,0.0
6783,26275.762586123914,2627.5762586123915,0.0,0.0,9544.129048735136,25.921122048331284,36819.89163485905,0.0,0.0
6784,26275.762586123914,2627.5762586123915,0.0,0.0,9544.129048735136,25.921122048331284,36819.89163485905,0.0,0.0
6785,26275.762586123914,2627.5762586123915,0.0,0.0,9544.129048735136,25.921122048331284,36819.89163485905,0.0,0.0
6786,26275.762586123914,2627.5762586123915,0.0,0.0,9544.129048735136,25.921122048331284,36819.89163485905,0.0,0.0
6787,26275.762586123914,2627.5762586123915,0.0,0.0,9544.129048735136,25.921122048331284,36819.89163485905,0.0,0.0
6788,26275.762586123914,2627.5762586123915,0.0,0.0,9544.129048735136,25.921122048331284,36819.89163485905,0.0,0.0
6789,26275.762586123914,2627.5762586123915,0.0,0.0,9544.129048735136,25.921122048331284,36819.89163485905,0.0,0.0
6790,26248.514072051865,2624.8514072051867,-27.248514072049147,-0.09990009990008542,9571.377562807185,25.995126921409867,36819.89163485905,0.0,0.0
6791,25983.490664506142,2598.3490664506144,-265.0234075457229,-0.9726159997016204,9836.400970352908,26.714910157531115,36819.89163485905,0.0,-265.0234075457229
6792,27930.188225468664,2793.0188225468664,1946.6975609625224,7.214402262355146,7889.703409390386,21.427828977967028,36819.89163485905,1681.6741534167995,-265.0234075457229
6793,27930.188225468664,2793.0188225468664,0.0,0.0,7889.703409390386,21.427828977967028,36819.89163485905,1681.6741534167995,-265.0234075457229
6794,27409.732429643416,2740.973242964342,-520.4557958252481,-1.7990059095677302,8410.159205215634,22.841346977929064,36819.89163485905,1681.6741534167995,-265.0234075457229
6795,27750.600712984084,2775.0600712984083,340.8682833406674,1.1998292633865093,8069.290921874966,21.915574879735402,36819.89163485905,1681.6741534167995,-265.0234075457229
6796,27727.933449697535,2772.7933449697534,-22.667263286548405,-0.07884100757696855,8091.958185161515,21.977137427260903,36819.89163485905,1681.6741534167995,-265.0234075457229
6797,26880.55825097896,2688.055825097896,-847.3751987185751,-2.949655951418595,8939.33338388009,24.27854343660485,36819.89163485905,1681.6741534167995,-265.0234075457229
6798,26998.24976811594,2699.824976811594,117.69151713698011,0.42212754880130987,8821.64186674311,23.958902308097137,36819.89163485905,1681.6741534167995,-265.0234075457229
6799,27149.069543755748,2714.9069543755745,150.81977563980763,0.5386757275505083,8670.822091103302,23.549287371867887,36819.89163485905,1681.6741534167995,-265.0234075457229
6800,28376.541757876043,2837.6541757876043,1227.4722141202947,4.360613810741687,7443.349876983008,20.21556703859512,36819.89163485905,2128.0276858241778,-265.0234075457229
6801,28167.3138721197,2816.73138721197,-209.2278857563433,-0.7122277614595274,7652.577762739351,20.78381391946931,36819.89163485905,2128.0276858241778,-265.0234075457229
6802,28468.950762922406,2846.895076292241,301.63689080270706,1.0341606776859802,7350.940871936644,19.964591272661913,36819.89163485905,2220.4366908705415,-265.0234075457229
6803,27908.39359860911,2790.839359860911,-560.5571643132971,-1.9021958698936303,7911.498036249941,21.487021511925825,36819.89163485905,2220.4366908705415,-265.0234075457229
6804,27782.856335059918,2778.285633505992,-125.53726354919127,-0.43425887059747037,8037.035299799132,21.827971085580568,36819.89163485905,2220.4366908705415,-265.0234075457229
6805,29216.071210182407,2921.607121018241,1433.2148751224886,4.979404609599891,6603.820424676644,17.935469474398204,36819.89163485905,2967.5571381305417,-265.0234075457229
6806,29244.83894702718,2924.483894702718,28.767736844773026,0.09520674161993536,6575.052687831871,17.857338508859087,36819.89163485905,2996.3248749753147,-265.0234075457229
6807,29283.19770313815,2928.319770313815,38.35875611097072,0.12682744377694455,6536.6939317209,17.75315907103952,36819.89163485905,3034.6836310862855,-265.0234075457229
6808,28665.975041085392,2866.5975041085394,-617.2226620527581,-2.0381687168683604,7153.916593773658,19.429488453466067,36819.89163485905,3034.6836310862855,-265.0234075457229
6809,28430.592006811436,2843.0592006811435,-235.38303427395658,-0.7934444559734355,7389.2996280476145,20.06877071048148,36819.89163485905,3034.6836310862855,-265.0234075457229
6810,28696.48805078415,2869.648805078415,265.89604397271614,0.9034682139971162,7123.403584074898,19.34661746079353,36819.89163485905,3034.6836310862855,-265.0234075457229
6811,28905.7159365405,2890.57159365405,209.22788575634695,0.7045543075617111,6914.175698318551,18.778370579919333,36819.89163485905,3034.6836310862855,-265.0234075457229
6812,28338.183001765075,2833.8183001765074,-567.5329347754232,-1.8977406726517376,7481.708633093975,20.319746476414675,36819.89163485905,3034.6836310862855,-265.0234075457229
6813,28715.664768362727,2871.566476836273,377.4817665976516,1.286656936371755,7104.226866496323,19.29453496753486,36819.89163485905,3034.6836310862855,-265.0234075457229
6814,29043.456807683044,2904.345680768304,327.7920393203167,1.103095091008388,6776.434827176006,18.404276944586254,36819.89163485905,3034.6836310862855,-265.0234075457229
6815,28986.791309943583,2898.6791309943583,-56.66549773946099,-0.1886117769409612,6833.100324915467,18.558176087748894,36819.89163485905,3034.6836310862855,-265.0234075457229
6816,28852.53566355519,2885.253566355519,-134.25564638839205,-0.44771594600010456,6967.355971303859,18.92280412011737,36819.89163485905,3034.6836310862855,-265.0234075457229
6817,28508.182155460367,2850.8182155460368,-344.35350809482406,-1.1535151049671843,7311.7094793986835,19.858041821275645,36819.89163485905,3034.6836310862855,-265.0234075457229
6818,28405.309494720816,2840.5309494720814,-102.87266073955107,-0.3486241890387487,7414.5821401382345,20.137436073055998,36819.89163485905,3034.6836310862855,-265.0234075457229
6819,28565.72028962682,2856.572028962682,160.41079490600532,0.5455164310880889,7254.171345232229,19.701772664546297,36819.89163485905,3034.6836310862855,-265.0234075457229
6820,29231.76270300683,2923.176270300683,666.0424133800079,2.2527521969883724,6588.128931852221,17.892852584104137,36819.89163485905,3034.6836310862855,-265.0234075457229
6821,29015.559046788356,2901.5559046788353,-216.20365621847304,-0.7151539866941614,6804.332588070694,18.480045122209773,36819.89163485905,3034.6836310862855,-265.0234075457229
6822,29221.30170779055,2922.130170779055,205.74266100219393,0.6854533699721665,6598.5899270685,17.921263844300178,36819.89163485905,3034.6836310862855,-265.0234075457229
6823,29209.968076147274,2920.9968076147275,-11.333631643276021,-0.037502129302235954,6609.923558711776,17.952045118062934,36819.89163485905,3034.6836310862855,-265.0234075457229
6824,28702.588524342376,2870.2588524342377,-507.37955180489735,-1.6795103871874217,7117.303110516674,19.330049042779915,36819.89163485905,3034.6836310862855,-265.0234075457229
6825,29153.302578407813,2915.3302578407815,450.71405406543636,1.5174234854853141,6666.589056451237,18.105944261225574,36819.89163485905,3034.6836310862855,-265.0234075457229
6826,28865.61190757554,2886.561190757554,-287.6906708322713,-0.9540934034810489,6954.279727283509,18.88729004487232,36819.89163485905,3034.6836310862855,-265.0234075457229
6827,29128.020066317193,2912.802006631719,262.4081587416513,0.8786297751196992,6691.871568541857,18.17460962380009,36819.89163485905,3034.6836310862855,-265.0234075457229
6828,29492.425588894494,2949.2425588894494,364.40552257730087,1.209523632071341,6327.4660459645565,17.184912190165328,36819.89163485905,3243.9115168426288,-265.0234075457229
6829,29253.557329866384,2925.3557329866385,-238.8682590281096,-0.7833691627179284,6566.334304992666,17.833660050145344,36819.89163485905,3243.9115168426288,-265.0234075457229
6830,27089.786136735307,2708.9786136735306,-2163.771193131077,-7.152121549008705,8730.105498123743,23.71029655573065,36819.89163485905,3243.9115168426288,-265.0234075457229
6831,26931.99325111028,2693.199325111028,-157.79288562502552,-0.5617447027076783,8887.898383748769,24.138849923540228,36819.89163485905,3243.9115168426288,-265.0234075457229
6832,28285.87536520676,2828.587536520676,1353.8821140964792,4.847065878632439,7534.016269652289,20.461810003046008,36819.89163485905,3243.9115168426288,-265.0234075457229
6833,28872.587678037668,2887.2587678037667,586.7123128309067,2.0033968782369183,6947.303956821383,18.868344387640885,36819.89163485905,3243.9115168426288,-265.0234075457229
6834,28265.826011201192,2826.5826011201193,-606.7616668364753,-2.031165406144464,7554.065623657858,20.516262509871385,36819.89163485905,3243.9115168426288,-265.0234075457229
6835,28560.48713154177,2856.0487131541768,294.6611203405773,1.006843682552483,7259.404503317281,19.715985520295433,36819.89163485905,3243.9115168426288,-265.0234075457229
6836,27965.05909634857,2796.5059096348573,-595.4280351931993,-2.0142700373765643,7854.83253851048,21.33312236876318,36819.89163485905,3243.9115168426288,-265.0234075457229
6837,27672.140588385068,2767.214058838507,-292.91850796350263,-1.0112822728555293,8147.751046473983,22.128666556856835,36819.89163485905,3243.9115168426288,-265.0234075457229
6838,27946.75235472008,2794.675235472008,274.61176633501236,0.9577651361205142,7873.13928013897,21.382842074106254,36819.89163485905,3243.9115168426288,-265.0234075457229
6839,28531.719394697,2853.1719394696997,584.9670399769202,2.020838237079592,7288.17224016205,19.794116485834547,36819.89163485905,3243.9115168426288,-265.0234075457229
6840,28963.254070706953,2896.3254070706953,431.5346760099528,1.4612582160977938,6856.637564152097,18.622101423189985,36819.89163485905,3243.9115168426288,-265.0234075457229
6841,28120.236733169524,2812.023673316952,-843.0173375374288,-2.8135039523680794,7699.654901689526,20.91167181600262,36819.89163485905,3243.9115168426288,-265.0234075457229
6842,28149.004470014297,2814.9004470014297,28.767736844773026,0.0987895019823215,7670.887164844753,20.8335408504635,36819.89163485905,3243.9115168426288,-265.0234075457229
6843,28077.520115877407,2807.752011587741,-71.48435413689003,-0.2452377205898304,7742.371518981643,21.0276868703535,36819.89163485905,3243.9115168426288,-265.0234075457229
6844,28041.776608570508,2804.177660857051,-35.74350730689912,-0.1229248820547868,7778.115026288542,21.124763493124053,36819.89163485905,3243.9115168426288,-265.0234075457229
6845,27273.734170877946,2727.3734170877947,-768.0424376925621,-2.644612442428562,8546.157463981104,23.210707811779848,36819.89163485905,3243.9115168426288,-265.0234075457229
6846,27645.11280344046,2764.511280344046,371.3786325625151,1.3135110852992238,8174.778831418589,22.202071946564768,36819.89163485905,3243.9115168426288,-265.0234075457229
6847,28468.950762922406,2846.895076292241,823.8379594819453,2.876015762741191,7350.940871936644,19.964591272661913,36819.89163485905,3243.9115168426288,-265.0234075457229
6848,29010.328549180216,2901.0328549180217,541.3777862578099,1.8371125277353517,6809.563085678834,18.494250752307792,36819.89163485905,3243.9115168426288,-265.0234075457229
6849,28761.871931362817,2876.1871931362816,-248.4566178173991,-0.8279036912582804,7058.019703496233,19.16903985891715,36819.89163485905,3243.9115168426288,-265.0234075457229
6850,28382.64489191118,2838.264489191118,-379.2270394516381,-1.2742042581401325,7437.246742947871,20.19899139493038,36819.89163485905,3243.9115168426288,-265.0234075457229
6851,28957.15093667182,2895.715093667182,574.5060447606411,1.955256400075811,6862.74069818723,18.63867706685471,36819.89163485905,3243.9115168426288,-265.0234075457229
6852,28840.332055961833,2884.0332055961835,-116.81888070998684,-0.3899532400692518,6979.559578897217,18.955948181795716,36819.89163485905,3243.9115168426288,-265.0234075457229
6853,28350.389269835345,2835.038926983534,-489.9427861264885,-1.6418811466563543,7469.502365023705,20.28659518908521,36819.89163485905,3243.9115168426288,-265.0234075457229
6854,28098.44210630997,2809.8442106309967,-251.9471635253758,-0.8584116592426638,7721.449528549081,20.970864349961413,36819.89163485905,3243.9115168426288,-265.0234075457229
6855,28557.8718827377,2855.78718827377,459.4297764277326,1.5788810093311012,7262.019752121349,19.723088335344443,36819.89163485905,3243.9115168426288,-265.0234075457229
6856,28581.411782451243,2858.1411782451246,23.539899713541672,0.07964003567959566,7238.479852407807,19.65915577425223,36819.89163485905,3243.9115168426288,-265.0234075457229
6857,28370.43862384091,2837.043862384091,-210.97315861033348,-0.7131950299122947,7449.45301101814,20.232142682259845,36819.89163485905,3243.9115168426288,-265.0234075457229
6858,27536.139669142685,2753.6139669142685,-834.2989546982244,-2.8406077463923096,8283.751965716365,22.49803461635874,36819.89163485905,3243.9115168426288,-265.0234075457229
6859,27658.191707937724,2765.8191707937726,122.05203879503824,0.4277104058578063,8161.699926921327,22.166550645668597,36819.89163485905,3243.9115168426288,-265.0234075457229
6860,26914.559145908785,2691.455914590879,-743.632562028939,-2.594834208687946,8905.332488950266,24.186199615316593,36819.89163485905,3243.9115168426288,-265.0234075457229
6861,26965.026251237294,2696.5026251237296,50.467105328509206,0.1807913392603444,8854.865383621756,24.04913483025696,36819.89163485905,3243.9115168426288,-265.0234075457229
6862,26965.026251237294,2696.5026251237296,0.0,0.0,8854.865383621756,24.04913483025696,36819.89163485905,0.0,0.0
6863,26965.026251237294,2696.5026251237296,0.0,0.0,8854.865383621756,24.04913483025696,36819.89163485905,0.0,0.0
6864,26965.026251237294,2696.5026251237296,0.0,0.0,8854.865383621756,24.04913483025696,36819.89163485905,0.0,0.0
6865,26965.026251237294,2696.5026251237296,0.0,0.0,8854.865383621756,24.04913483025696,36819.89163485905,0.0,0.0
6866,26965.026251237294,2696.5026251237296,0.0,0.0,8854.865383621756,24.04913483025696,36819.89163485905,0.0,0.0
6867,26965.026251237294,2696.5026251237296,0.0,0.0,8854.865383621756,24.04913483025696,36819.89163485905,0.0,0.0
6868,26965.026251237294,2696.5026251237296,0.0,0.0,8854.865383621756,24.04913483025696,36819.89163485905,0.0,0.0
6869,26965.026251237294,2696.5026251237296,0.0,0.0,8854.865383621756,24.04913483025696,36819.89163485905,0.0,0.0
6870,26965.026251237294,2696.5026251237296,0.0,0.0,8854.865383621756,24.04913483025696,36819.89163485905,0.0,0.0
6871,26965.026251237294,2696.5026251237296,0.0,0.0,8854.865383621756,24.04913483025696,36819.89163485905,0.0,0.0
6872,26965.026251237294,2696.5026251237296,0.0,0.0,8854.865383621756,24.04913483025696,36819.89163485905,0.0,0.0
6873,26965.026251237294,2696.5026251237296,0.0,0.0,8854.865383621756,24.04913483025696,36819.89163485905,0.0,0.0
6874,26965.026251237294,2696.5026251237296,0.0,0.0,8854.865383621756,24.04913483025696,36819.89163485905,0.0,0.0
6875,26965.026251237294,2696.5026251237296,0.0,0.0,8854.865383621756,24.04913483025696,36819.89163485905,0.0,0.0
6876,26965.026251237294,2696.5026251237296,0.0,0.0,8854.865383621756,24.04913483025696,36819.89163485905,0.0,0.0
6877,26965.026251237294,2696.5026251237296,0.0,0.0,8854.865383621756,24.04913483025696,36819.89163485905,0.0,0.0
6878,26965.026251237294,2696.5026251237296,0.0,0.0,8854.865383621756,24.04913483025696,36819.89163485905,0.0,0.0
6879,26965.026251237294,2696.5026251237296,0.0,0.0,8854.865383621756,24.04913483025696,36819.89163485905,0.0,0.0
6880,26965.026251237294,2696.5026251237296,0.0,0.0,8854.865383621756,24.04913483025696,36819.89163485905,0.0,0.0
6881,26965.026251237294,2696.5026251237296,0.0,0.0,8854.865383621756,24.04913483025696,36819.89163485905,0.0,0.0
6882,26965.026251237294,2696.5026251237296,0.0,0.0,8854.865383621756,24.04913483025696,36819.89163485905,0.0,0.0
6883,26965.026251237294,2696.5026251237296,0.0,0.0,8854.865383621756,24.04913483025696,36819.89163485905,0.0,0.0
6884,26965.026251237294,2696.5026251237296,0.0,0.0,8854.865383621756,24.04913483025696,36819.89163485905,0.0,0.0
6885,26965.026251237294,2696.5026251237296,0.0,0.0,8854.865383621756,24.04913483025696,36819.89163485905,0.0,0.0
6886,26965.026251237294,2696.5026251237296,0.0,0.0,8854.865383621756,24.04913483025696,36819.89163485905,0.0,0.0
6887,26965.026251237294,2696.5026251237296,0.0,0.0,8854.865383621756,24.04913483025696,36819.89163485905,0.0,0.0
6888,26965.026251237294,2696.5026251237296,0.0,0.0,8854.865383621756,24.04913483025696,36819.89163485905,0.0,0.0
6889,26965.026251237294,2696.5026251237296,0.0,0.0,8854.865383621756,24.04913483025696,36819.89163485905,0.0,0.0
6890,26965.026251237294,2696.5026251237296,0.0,0.0,8854.865383621756,24.04913483025696,36819.89163485905,0.0,0.0
6891,26965.026251237294,2696.5026251237296,0.0,0.0,8854.865383621756,24.04913483025696,36819.89163485905,0.0,0.0
6892,26965.026251237294,2696.5026251237296,0.0,0.0,8854.865383621756,24.04913483025696,36819.89163485905,0.0,0.0
6893,26965.026251237294,2696.5026251237296,0.0,0.0,8854.865383621756,24.04913483025696,36819.89163485905,0.0,0.0
6894,26965.026251237294,2696.5026251237296,0.0,0.0,8854.865383621756,24.04913483025696,36819.89163485905,0.0,0.0
6895,26965.026251237294,2696.5026251237296,0.0,0.0,8854.865383621756,24.04913483025696,36819.89163485905,0.0,0.0
6896,26965.026251237294,2696.5026251237296,0.0,0.0,8854.865383621756,24.04913483025696,36819.89163485905,0.0,0.0
6897,26965.026251237294,2696.5026251237296,0.0,0.0,8854.865383621756,24.04913483025696,36819.89163485905,0.0,0.0
6898,26965.026251237294,2696.5026251237296,0.0,0.0,8854.865383621756,24.04913483025696,36819.89163485905,0.0,0.0
6899,26965.026251237294,2696.5026251237296,0.0,0.0,8854.865383621756,24.04913483025696,36819.89163485905,0.0,0.0
6900,26965.026251237294,2696.5026251237296,0.0,0.0,8854.865383621756,24.04913483025696,36819.89163485905,0.0,0.0
6901,26965.026251237294,2696.5026251237296,0.0,0.0,8854.865383621756,24.04913483025696,36819.89163485905,0.0,0.0
6902,26965.026251237294,2696.5026251237296,0.0,0.0,8854.865383621756,24.04913483025696,36819.89163485905,0.0,0.0
6903,26965.026251237294,2696.5026251237296,0.0,0.0,8854.865383621756,24.04913483025696,36819.89163485905,0.0,0.0
6904,26965.026251237294,2696.5026251237296,0.0,0.0,8854.865383621756,24.04913483025696,36819.89163485905,0.0,0.0
6905,26965.026251237294,2696.5026251237296,0.0,0.0,8854.865383621756,24.04913483025696,36819.89163485905,0.0,0.0
6906,26965.026251237294,2696.5026251237296,0.0,0.0,8854.865383621756,24.04913483025696,36819.89163485905,0.0,0.0
6907,26965.026251237294,2696.5026251237296,0.0,0.0,8854.865383621756,24.04913483025696,36819.89163485905,0.0,0.0
6908,26965.026251237294,2696.5026251237296,0.0,0.0,8854.865383621756,24.04913483025696,36819.89163485905,0.0,0.0
6909,26965.026251237294,2696.5026251237296,0.0,0.0,8854.865383621756,24.04913483025696,36819.89163485905,0.0,0.0
6910,26965.026251237294,2696.5026251237296,0.0,0.0,8854.865383621756,24.04913483025696,36819.89163485905,0.0,0.0
6911,26965.026251237294,2696.5026251237296,0.0,0.0,8854.865383621756,24.04913483025696,36819.89163485905,0.0,0.0
6912,26965.026251237294,2696.5026251237296,0.0,0.0,8854.865383621756,24.04913483025696,36819.89163485905,0.0,0.0
6913,26965.026251237294,2696.5026251237296,0.0,0.0,8854.865383621756,24.04913483025696,36819.89163485905,0.0,0.0
6914,26965.026251237294,2696.5026251237296,0.0,0.0,8854.865383621756,24.04913483025696,36819.89163485905,0.0,0.0
6915,26965.026251237294,2696.5026251237296,0.0,0.0,8854.865383621756,24.04913483025696,36819.89163485905,0.0,0.0
6916,26965.026251237294,2696.5026251237296,0.0,0.0,8854.865383621756,24.04913483025696,36819.89163485905,0.0,0.0
6917,26965.026251237294,2696.5026251237296,0.0,0.0,8854.865383621756,24.04913483025696,36819.89163485905,0.0,0.0
6918,26965.026251237294,2696.5026251237296,0.0,0.0,8854.865383621756,24.04913483025696,36819.89163485905,0.0,0.0
6919,26965.026251237294,2696.5026251237296,0.0,0.0,8854.865383621756,24.04913483025696,36819.89163485905,0.0,0.0
6920,26965.026251237294,2696.5026251237296,0.0,0.0,8854.865383621756,24.04913483025696,36819.89163485905,0.0,0.0
6921,26965.026251237294,2696.5026251237296,0.0,0.0,8854.865383621756,24.04913483025696,36819.89163485905,0.0,0.0
6922,26965.026251237294,2696.5026251237296,0.0,0.0,8854.865383621756,24.04913483025696,36819.89163485905,0.0,0.0
6923,26965.026251237294,2696.5026251237296,0.0,0.0,8854.865383621756,24.04913483025696,36819.89163485905,0.0,0.0
6924,26965.026251237294,2696.5026251237296,0.0,0.0,8854.865383621756,24.04913483025696,36819.89163485905,0.0,0.0
6925,26965.026251237294,2696.5026251237296,0.0,0.0,8854.865383621756,24.04913483025696,36819.89163485905,0.0,0.0
6926,26965.026251237294,2696.5026251237296,0.0,0.0,8854.865383621756,24.04913483025696,36819.89163485905,0.0,0.0
6927,26965.026251237294,2696.5026251237296,0.0,0.0,8854.865383621756,24.04913483025696,36819.89163485905,0.0,0.0
6928,26965.026251237294,2696.5026251237296,0.0,0.0,8854.865383621756,24.04913483025696,36819.89163485905,0.0,0.0
6929,26965.026251237294,2696.5026251237296,0.0,0.0,8854.865383621756,24.04913483025696,36819.89163485905,0.0,0.0
6930,26965.026251237294,2696.5026251237296,0.0,0.0,8854.865383621756,24.04913483025696,36819.89163485905,0.0,0.0
6931,26965.026251237294,2696.5026251237296,0.0,0.0,8854.865383621756,24.04913483025696,36819.89163485905,0.0,0.0
6932,26965.026251237294,2696.5026251237296,0.0,0.0,8854.865383621756,24.04913483025696,36819.89163485905,0.0,0.0
6933,26965.026251237294,2696.5026251237296,0.0,0.0,8854.865383621756,24.04913483025696,36819.89163485905,0.0,0.0
6934,26965.026251237294,2696.5026251237296,0.0,0.0,8854.865383621756,24.04913483025696,36819.89163485905,0.0,0.0
6935,26965.026251237294,2696.5026251237296,0.0,0.0,8854.865383621756,24.04913483025696,36819.89163485905,0.0,0.0
6936,26965.026251237294,2696.5026251237296,0.0,0.0,8854.865383621756,24.04913483025696,36819.89163485905,0.0,0.0
6937,26965.026251237294,2696.5026251237296,0.0,0.0,8854.865383621756,24.04913483025696,36819.89163485905,0.0,0.0
6938,26965.026251237294,2696.5026251237296,0.0,0.0,8854.865383621756,24.04913483025696,36819.89163485905,0.0,0.0
6939,26965.026251237294,2696.5026251237296,0.0,0.0,8854.865383621756,24.04913483025696,36819.89163485905,0.0,0.0
6940,26965.026251237294,2696.5026251237296,0.0,0.0,8854.865383621756,24.04913483025696,36819.89163485905,0.0,0.0
6941,26965.026251237294,2696.5026251237296,0.0,0.0,8854.865383621756,24.04913483025696,36819.89163485905,0.0,0.0
6942,26965.026251237294,2696.5026251237296,0.0,0.0,8854.865383621756,24.04913483025696,36819.89163485905,0.0,0.0
6943,26965.026251237294,2696.5026251237296,0.0,0.0,8854.865383621756,24.04913483025696,36819.89163485905,0.0,0.0
6944,26965.026251237294,2696.5026251237296,0.0,0.0,8854.865383621756,24.04913483025696,36819.89163485905,0.0,0.0
6945,26965.026251237294,2696.5026251237296,0.0,0.0,8854.865383621756,24.04913483025696,36819.89163485905,0.0,0.0
6946,26965.026251237294,2696.5026251237296,0.0,0.0,8854.865383621756,24.04913483025696,36819.89163485905,0.0,0.0
6947,26965.026251237294,2696.5026251237296,0.0,0.0,8854.865383621756,24.04913483025696,36819.89163485905,0.0,0.0
6948,26965.026251237294,2696.5026251237296,0.0,0.0,8854.865383621756,24.04913483025696,36819.89163485905,0.0,0.0
6949,26965.026251237294,2696.5026251237296,0.0,0.0,8854.865383621756,24.04913483025696,36819.89163485905,0.0,0.0
6950,26965.026251237294,2696.5026251237296,0.0,0.0,8854.865383621756,24.04913483025696,36819.89163485905,0.0,0.0
6951,26965.026251237294,2696.5026251237296,0.0,0.0,8854.865383621756,24.04913483025696,36819.89163485905,0.0,0.0
6952,26965.026251237294,2696.5026251237296,0.0,0.0,8854.865383621756,24.04913483025696,36819.89163485905,0.0,0.0
6953,26965.026251237294,2696.5026251237296,0.0,0.0,8854.865383621756,24.04913483025696,36819.89163485905,0.0,0.0
6954,26965.026251237294,2696.5026251237296,0.0,0.0,8854.865383621756,24.04913483025696,36819.89163485905,0.0,0.0
6955,26965.026251237294,2696.5026251237296,0.0,0.0,8854.865383621756,24.04913483025696,36819.89163485905,0.0,0.0
6956,26965.026251237294,2696.5026251237296,0.0,0.0,8854.865383621756,24.04913483025696,36819.89163485905,0.0,0.0
6957,26965.026251237294,2696.5026251237296,0.0,0.0,8854.865383621756,24.04913483025696,36819.89163485905,0.0,0.0
6958,26965.026251237294,2696.5026251237296,0.0,0.0,8854.865383621756,24.04913483025696,36819.89163485905,0.0,0.0
6959,26965.026251237294,2696.5026251237296,0.0,0.0,8854.865383621756,24.04913483025696,36819.89163485905,0.0,0.0
6960,26965.026251237294,2696.5026251237296,0.0,0.0,8854.865383621756,24.04913483025696,36819.89163485905,0.0,0.0
6961,26965.026251237294,2696.5026251237296,0.0,0.0,8854.865383621756,24.04913483025696,36819.89163485905,0.0,0.0
6962,26965.026251237294,2696.5026251237296,0.0,0.0,8854.865383621756,24.04913483025696,36819.89163485905,0.0,0.0
6963,26965.026251237294,2696.5026251237296,0.0,0.0,8854.865383621756,24.04913483025696,36819.89163485905,0.0,0.0
6964,26965.026251237294,2696.5026251237296,0.0,0.0,8854.865383621756,24.04913483025696,36819.89163485905,0.0,0.0
6965,26965.026251237294,2696.5026251237296,0.0,0.0,8854.865383621756,24.04913483025696,36819.89163485905,0.0,0.0
6966,26937.089162075223,2693.708916207522,-27.93708916207106,-0.09990009990008542,8882.802472783827,24.12500982043651,36819.89163485905,0.0,0.0
6967,27266.63301271896,2726.663301271896,329.54385064373855,1.1795926509448051,8553.258622140089,23.229994012373282,36819.89163485905,329.54385064373855,0.0
6968,26808.39103542074,2680.839103542074,-458.2419772982212,-1.6211410007411553,9011.50059943831,24.474544055710137,36819.89163485905,329.54385064373855,-128.69812665448262
6969,26862.013767158085,2686.2013767158087,53.62273173734502,0.19282932144129017,8957.877867700965,24.328908831497316,36819.89163485905,329.54385064373855,-128.69812665448262
6970,25929.932744546597,2592.99327445466,-932.0810226114882,-3.345346931491955,9889.958890312453,26.860369357929297,36819.89163485905,329.54385064373855,-1007.1564175286258
6971,25753.46153051142,2575.3461530511418,-176.47121403517667,-0.6552976411384193,10066.43010434763,27.33965163226414,36819.89163485905,329.54385064373855,-1183.6276315638024
6972,27447.002006055875,2744.7002006055877,1693.5404755444542,6.330173288465968,8372.889628803176,22.740125668583403,36819.89163485905,509.9128439806518,-1183.6276315638024
6973,27411.90413991595,2741.190413991595,-35.09786613992401,-0.12337984203907304,8407.9874949431,22.835448779493092,36819.89163485905,509.9128439806518,-1183.6276315638024
6974,27263.708190540634,2726.3708190540633,-148.19594937531656,-0.5215980901720596,8556.183444318416,23.237937604949092,36819.89163485905,509.9128439806518,-1183.6276315638024
6975,27247.132214594083,2724.713221459408,-16.575975946550898,-0.058647562573188594,8572.759420264967,23.2829566835247,36819.89163485905,509.9128439806518,-1183.6276315638024
6976,27930.59442583563,2793.059442583563,683.4622112415454,2.4195808836425137,7889.297209023422,21.426725768943513,36819.89163485905,993.5052637604058,-1183.6276315638024
6977,27471.37651600995,2747.137651600995,-459.21790982567836,-1.5873089334645263,8348.5151188491,22.67392637012865,36819.89163485905,993.5052637604058,-1183.6276315638024
6978,27206.181728693457,2720.6181728693455,-265.1947873164936,-0.9314435049087577,8613.709906165594,23.394175060555057,36819.89163485905,993.5052637604058,-1183.6276315638024
6979,27436.278649870022,2743.6278649870023,230.09692117656596,0.8157677043628242,8383.612984989028,22.76924948103835,36819.89163485905,993.5052637604058,-1183.6276315638024
6980,27115.50926576127,2711.550926576127,-320.769384108753,-1.128028699037309,8704.38236909778,23.640434511374146,36819.89163485905,993.5052637604058,-1183.6276315638024
6981,26832.765545374812,2683.2765545374814,-282.7437203864574,-1.0056503608518286,8987.126089484238,24.4083447572554,36819.89163485905,993.5052637604058,-1183.6276315638024
6982,25798.309795713787,2579.830979571379,-1034.455749661025,-3.7166833025434998,10021.581839145263,27.21784718577873,36819.89163485905,993.5052637604058,-1183.6276315638024
6983,25632.564913268507,2563.2564913268507,-165.74488244528038,-0.6184900604134014,10187.326721590543,27.667997566689586,36819.89163485905,993.5052637604058,-1304.524248806716
6984,25324.47075040052,2532.447075040052,-308.0941628679866,-1.1568324863614365,10495.42088445853,28.504757668873857,36819.89163485905,993.5052637604058,-1612.6184116747027
6985,25048.552606898174,2504.8552606898174,-275.91814350234563,-1.0481431749132075,10771.339027960876,29.254130171755214,36819.89163485905,993.5052637604058,-1888.5365551770483
6986,25126.549848589595,2512.6549848589593,77.99724169142064,0.29943023272152036,10693.341786269455,29.042295649087645,36819.89163485905,993.5052637604058,-1888.5365551770483
6987,25398.468718782748,2539.8468718782747,271.91887019315254,1.040776037283897,10421.422916076302,28.303784865596594,36819.89163485905,993.5052637604058,-1888.5365551770483
6988,25398.468718782748,2539.8468718782747,0.0,0.0,10421.422916076302,28.303784865596594,36819.89163485905,0.0,0.0
6989,25398.468718782748,2539.8468718782747,0.0,0.0,10421.422916076302,28.303784865596594,36819.89163485905,0.0,0.0
6990,25398.468718782748,2539.8468718782747,0.0,0.0,10421.422916076302,28.303784865596594,36819.89163485905,0.0,0.0
6991,25372.09662216059,2537.209662216059,-26.372096622159006,-0.09990009990009652,10447.795012698462,28.37540945614045,36819.89163485905,0.0,0.0
6992,25315.28632622079,2531.528632622079,-56.81029593979838,-0.21541820035674286,10504.60530863826,28.529701860102914,36819.89163485905,0.0,-56.81029593979838
6993,24729.767806519932,2472.9767806519935,-585.5185197008577,-2.2250129162282417,11090.123828339118,30.11992522498246,36819.89163485905,0.0,-642.3288156406561
6994,24749.926569240448,2474.9926569240447,20.15876272051537,0.07834801647688128,11069.965065618602,30.06517557248367,36819.89163485905,0.0,-642.3288156406561
6995,24322.01495541471,2432.2014955414706,-427.91161382573773,-1.6617974139658265,11497.87667944434,31.227350676281684,36819.89163485905,0.0,-1050.0816667458785
6996,24002.223546969577,2400.2223546969576,-319.79140844513313,-1.2628987424902816,11817.668087889473,32.095879599768175,36819.89163485905,0.0,-1369.8730751910116
6997,23742.882728388115,2374.2882728388113,-259.3408185814624,-1.0372710174927469,12077.008906470935,32.800229360363154,36819.89163485905,0.0,-1629.213893772474
6998,23742.882728388115,2374.2882728388113,0.0,0.0,12077.008906470935,32.800229360363154,36819.89163485905,0.0,0.0
6999,23742.882728388115,2374.2882728388113,0.0,0.0,12077.008906470935,32.800229360363154,36819.89163485905,0.0,0.0
7000,23742.882728388115,2374.2882728388113,0.0,0.0,12077.008906470935,32.800229360363154,36819.89163485905,0.0,0.0
7001,23742.882728388115,2374.2882728388113,0.0,0.0,12077.008906470935,32.800229360363154,36819.89163485905,0.0,0.0
7002,23742.882728388115,2374.2882728388113,0.0,0.0,12077.008906470935,32.800229360363154,36819.89163485905,0.0,0.0
7003,23742.882728388115,2374.2882728388113,0.0,0.0,12077.008906470935,32.800229360363154,36819.89163485905,0.0,0.0
7004,23742.882728388115,2374.2882728388113,0.0,0.0,12077.008906470935,32.800229360363154,36819.89163485905,0.0,0.0
7005,23742.882728388115,2374.2882728388113,0.0,0.0,12077.008906470935,32.800229360363154,36819.89163485905,0.0,0.0
7006,23742.882728388115,2374.2882728388113,0.0,0.0,12077.008906470935,32.800229360363154,36819.89163485905,0.0,0.0
7007,23742.882728388115,2374.2882728388113,0.0,0.0,12077.008906470935,32.800229360363154,36819.89163485905,0.0,0.0
7008,23742.882728388115,2374.2882728388113,0.0,0.0,12077.008906470935,32.800229360363154,36819.89163485905,0.0,0.0
7009,23742.882728388115,2374.2882728388113,0.0,0.0,12077.008906470935,32.800229360363154,36819.89163485905,0.0,0.0
7010,23742.882728388115,2374.2882728388113,0.0,0.0,12077.008906470935,32.800229360363154,36819.89163485905,0.0,0.0
7011,23742.882728388115,2374.2882728388113,0.0,0.0,12077.008906470935,32.800229360363154,36819.89163485905,0.0,0.0
7012,23742.882728388115,2374.2882728388113,0.0,0.0,12077.008906470935,32.800229360363154,36819.89163485905,0.0,0.0
7013,23742.882728388115,2374.2882728388113,0.0,0.0,12077.008906470935,32.800229360363154,36819.89163485905,0.0,0.0
7014,23742.882728388115,2374.2882728388113,0.0,0.0,12077.008906470935,32.800229360363154,36819.89163485905,0.0,0.0
7015,23742.882728388115,2374.2882728388113,0.0,0.0,12077.008906470935,32.800229360363154,36819.89163485905,0.0,0.0
7016,23742.882728388115,2374.2882728388113,0.0,0.0,12077.008906470935,32.800229360363154,36819.89163485905,0.0,0.0
7017,23742.882728388115,2374.2882728388113,0.0,0.0,12077.008906470935,32.800229360363154,36819.89163485905,0.0,0.0
7018,23742.882728388115,2374.2882728388113,0.0,0.0,12077.008906470935,32.800229360363154,36819.89163485905,0.0,0.0
7019,23742.882728388115,2374.2882728388113,0.0,0.0,12077.008906470935,32.800229360363154,36819.89163485905,0.0,0.0
7020,23742.882728388115,2374.2882728388113,0.0,0.0,12077.008906470935,32.800229360363154,36819.89163485905,0.0,0.0
7021,23742.882728388115,2374.2882728388113,0.0,0.0,12077.008906470935,32.800229360363154,36819.89163485905,0.0,0.0
7022,23742.882728388115,2374.2882728388113,0.0,0.0,12077.008906470935,32.800229360363154,36819.89163485905,0.0,0.0
7023,23742.882728388115,2374.2882728388113,0.0,0.0,12077.008906470935,32.800229360363154,36819.89163485905,0.0,0.0
7024,23742.882728388115,2374.2882728388113,0.0,0.0,12077.008906470935,32.800229360363154,36819.89163485905,0.0,0.0
7025,23742.882728388115,2374.2882728388113,0.0,0.0,12077.008906470935,32.800229360363154,36819.89163485905,0.0,0.0
7026,23742.882728388115,2374.2882728388113,0.0,0.0,12077.008906470935,32.800229360363154,36819.89163485905,0.0,0.0
7027,23742.882728388115,2374.2882728388113,0.0,0.0,12077.008906470935,32.800229360363154,36819.89163485905,0.0,0.0
7028,23742.882728388115,2374.2882728388113,0.0,0.0,12077.008906470935,32.800229360363154,36819.89163485905,0.0,0.0
7029,23742.882728388115,2374.2882728388113,0.0,0.0,12077.008906470935,32.800229360363154,36819.89163485905,0.0,0.0
7030,23742.882728388115,2374.2882728388113,0.0,0.0,12077.008906470935,32.800229360363154,36819.89163485905,0.0,0.0
7031,23742.882728388115,2374.2882728388113,0.0,0.0,12077.008906470935,32.800229360363154,36819.89163485905,0.0,0.0
7032,23742.882728388115,2374.2882728388113,0.0,0.0,12077.008906470935,32.800229360363154,36819.89163485905,0.0,0.0
7033,23742.882728388115,2374.2882728388113,0.0,0.0,12077.008906470935,32.800229360363154,36819.89163485905,0.0,0.0
7034,23742.882728388115,2374.2882728388113,0.0,0.0,12077.008906470935,32.800229360363154,36819.89163485905,0.0,0.0
7035,23742.882728388115,2374.2882728388113,0.0,0.0,12077.008906470935,32.800229360363154,36819.89163485905,0.0,0.0
7036,23742.882728388115,2374.2882728388113,0.0,0.0,12077.008906470935,32.800229360363154,36819.89163485905,0.0,0.0
7037,23742.882728388115,2374.2882728388113,0.0,0.0,12077.008906470935,32.800229360363154,36819.89163485905,0.0,0.0
7038,23742.882728388115,2374.2882728388113,0.0,0.0,12077.008906470935,32.800229360363154,36819.89163485905,0.0,0.0
7039,23742.882728388115,2374.2882728388113,0.0,0.0,12077.008906470935,32.800229360363154,36819.89163485905,0.0,0.0
7040,23742.882728388115,2374.2882728388113,0.0,0.0,12077.008906470935,32.800229360363154,36819.89163485905,0.0,0.0
7041,23742.882728388115,2374.2882728388113,0.0,0.0,12077.008906470935,32.800229360363154,36819.89163485905,0.0,0.0
7042,23742.882728388115,2374.2882728388113,0.0,0.0,12077.008906470935,32.800229360363154,36819.89163485905,0.0,0.0
7043,23742.882728388115,2374.2882728388113,0.0,0.0,12077.008906470935,32.800229360363154,36819.89163485905,0.0,0.0
7044,23742.882728388115,2374.2882728388113,0.0,0.0,12077.008906470935,32.800229360363154,36819.89163485905,0.0,0.0
7045,23742.882728388115,2374.2882728388113,0.0,0.0,12077.008906470935,32.800229360363154,36819.89163485905,0.0,0.0
7046,23742.882728388115,2374.2882728388113,0.0,0.0,12077.008906470935,32.800229360363154,36819.89163485905,0.0,0.0
7047,23742.882728388115,2374.2882728388113,0.0,0.0,12077.008906470935,32.800229360363154,36819.89163485905,0.0,0.0
7048,23742.882728388115,2374.2882728388113,0.0,0.0,12077.008906470935,32.800229360363154,36819.89163485905,0.0,0.0
7049,23742.882728388115,2374.2882728388113,0.0,0.0,12077.008906470935,32.800229360363154,36819.89163485905,0.0,0.0
7050,23742.882728388115,2374.2882728388113,0.0,0.0,12077.008906470935,32.800229360363154,36819.89163485905,0.0,0.0
7051,23742.882728388115,2374.2882728388113,0.0,0.0,12077.008906470935,32.800229360363154,36819.89163485905,0.0,0.0
7052,23718.16456382429,2371.8164563824294,-24.71816456382294,-0.09990009990009652,12101.727071034758,32.867361998364785,36819.89163485905,0.0,0.0
7053,23419.31319403169,2341.931319403169,-298.8513697926028,-1.2090354403982762,12400.578440827361,33.67901938387883,36819.89163485905,0.0,-298.8513697926028
7054,23326.750086571712,2332.675008657171,-92.56310745997689,-0.37905696497065877,12493.141548287338,33.930413680141086,36819.89163485905,0.0,-391.4144772525797
7055,23660.86077411036,2366.0860774110356,334.11068753864674,1.3734291935817433,12159.030860748691,33.022994693545456,36819.89163485905,0.0,-391.4144772525797
7056,23737.556381488987,2373.7556381488985,76.69560737862776,0.3110013396578015,12082.335253370064,32.81469530977971,36819.89163485905,19.391817664694827,-391.4144772525797
7057,24463.966661154198,2446.39666611542,726.4102796652114,2.9364674039056737,11355.924973704852,30.84182073733668,36819.89163485905,745.8020973299062,-391.4144772525797
7058,24458.677494460415,2445.867749446041,-5.289166693783045,-0.020771181348788748,11361.214140398635,30.856185708168848,36819.89163485905,745.8020973299062,-391.4144772525797
7059,24120.157374464437,2412.015737446444,-338.52011999597744,-1.3296846235223203,11699.734260394613,31.775580374924157,36819.89163485905,745.8020973299062,-391.4144772525797
7060,24523.02991934104,2452.302991934104,402.87254487660175,1.603781930467263,11296.86171551801,30.68140946081102,36819.89163485905,804.8653555167475,-391.4144772525797
7061,24863.314888447454,2486.3314888447453,340.2849691064148,1.3332467586403274,10956.576746411596,29.75722159931213,36819.89163485905,1145.1503246231623,-391.4144772525797
7062,24754.001856350907,2475.4001856350906,-109.31303209654652,-0.4226566956634592,11065.889778508143,30.054107405442675,36819.89163485905,1145.1503246231623,-391.4144772525797
7063,25126.901559856477,2512.690155985648,372.89970350556905,1.447929162953021,10692.990075002574,29.04134042827828,36819.89163485905,1408.7369960321848,-391.4144772525797
7064,25252.084782353144,2525.2084782353145,125.18322249666744,0.4791353548367461,10567.806852505906,28.70135240295191,36819.89163485905,1533.9202185288523,-391.4144772525797
7065,26516.246738223967,2651.6246738223967,1264.1619558708226,4.815472623799399,9303.644896635084,25.26798554677685,36819.89163485905,2798.082174399675,-391.4144772525797
7066,27328.166109544938,2732.8166109544936,811.9193713209715,2.9506908374720364,8491.725525314112,23.06287484364732,36819.89163485905,3610.0015457206464,-391.4144772525797
7067,27222.380085350498,2722.2380085350496,-105.78602419443996,-0.37343054183375246,8597.511549508552,23.350181566990003,36819.89163485905,3610.0015457206464,-391.4144772525797
7068,27411.033308172566,2741.103330817257,188.65322282206762,0.6684525622982163,8408.858326686484,22.837813891677616,36819.89163485905,3692.868744348274,-391.4144772525797
7069,28000.799607398327,2800.0799607398326,589.766299225761,2.0758354433244586,7819.092027460723,21.236053883597084,36819.89163485905,4282.635043574035,-391.4144772525797
7070,27496.54509014709,2749.654509014709,-504.2545172512364,-1.738760737902545,8323.34654471196,22.60557045429181,36819.89163485905,4282.635043574035,-391.4144772525797
7071,27984.932107316978,2798.493210731698,488.38701716988726,1.7138464176092327,7834.9595275420725,21.279148796093587,36819.89163485905,4282.635043574035,-391.4144772525797
7072,28068.67904018106,2806.867904018106,83.74693286408365,0.2889326514687429,7751.212594677989,21.05169855345138,36819.89163485905,4350.51447635677,-391.4144772525797
7073,28265.26870336257,2826.5268703362567,196.5896631815085,0.6762937624711585,7554.62293149648,20.517776115191438,36819.89163485905,4547.104139538278,-391.4144772525797
7074,28359.596659932988,2835.9596659932986,94.32795657041788,0.32232048687657056,7460.294974926062,20.26158862418559,36819.89163485905,4641.432096108696,-391.4144772525797
7075,28335.792719492194,2833.579271949219,-23.803940440793667,-0.08107720523722328,7484.098915366856,20.326238299629658,36819.89163485905,4641.432096108696,-391.4144772525797
7076,28023.7211232839,2802.37211232839,-312.07159620829407,-1.063791250477908,7796.17051157515,21.173800805524817,36819.89163485905,4641.432096108696,-391.4144772525797
7077,27969.94434147208,2796.9944341472083,-53.77678181181909,-0.1852856206252529,7849.947293386969,21.319854417917597,36819.89163485905,4641.432096108696,-391.4144772525797
7078,25965.26945496513,2596.5269454965132,-2004.6748865069494,-6.91984376247885,9854.622179893919,26.764397564288604,36819.89163485905,4641.432096108696,-391.4144772525797
7079,26096.62157839203,2609.6621578392032,131.3521234268992,0.4871159312769713,9723.27005646702,26.407655277457586,36819.89163485905,4641.432096108696,-391.4144772525797
7080,25893.863014280287,2589.3863014280287,-202.7585641117439,-0.7482798677508673,9926.028620578763,26.958331977222183,36819.89163485905,4641.432096108696,-391.4144772525797
7081,26481.86446439561,2648.1864464395608,588.0014501153237,2.1863777985449806,9338.02717046344,25.361365163885242,36819.89163485905,4641.432096108696,-391.4144772525797
7082,25674.351835213205,2567.4351835213206,-807.5126291824054,-2.938347324391277,10145.539799645845,27.554507493554397,36819.89163485905,4641.432096108696,-391.4144772525797
7083,26116.898510930714,2611.6898510930714,442.54667571750906,1.659071899671427,9702.993123928336,26.352584684801393,36819.89163485905,4641.432096108696,-391.4144772525797
7084,25837.441649121574,2583.7441649121574,-279.4568618091398,-1.0305635126247603,9982.449985737476,27.111568075031055,36819.89163485905,4641.432096108696,-391.4144772525797
7085,26148.633511093416,2614.8633511093417,311.1918619718417,1.1595436928766523,9671.258123765634,26.266394859808383,36819.89163485905,4641.432096108696,-391.4144772525797
7086,26163.621276938313,2616.362127693831,14.987765844896785,0.055206336034463455,9656.270357920737,26.22568923798437,36819.89163485905,4641.432096108696,-391.4144772525797
7087,25668.182934282966,2566.818293428297,-495.4383426553468,-1.8239038808716246,10151.708700576084,27.571261755059062,36819.89163485905,4641.432096108696,-391.4144772525797
7088,26342.57859092803,2634.2578590928033,674.3956566450652,2.5288399224909552,9477.313043931019,25.739654906964525,36819.89163485905,4641.432096108696,-391.4144772525797
7089,26544.457420803323,2654.4457420803324,201.87882987529156,0.7383313508780409,9275.434214055727,25.19136749787242,36819.89163485905,4641.432096108696,-391.4144772525797
7090,26949.974549026814,2694.997454902681,405.51712822349145,1.4722276864209238,8869.917085832236,24.090014098343207,36819.89163485905,4641.432096108696,-391.4144772525797
7091,26896.20045753376,2689.620045753376,-53.774091493054584,-0.19239406246588375,8923.69117732529,24.236060404036685,36819.89163485905,4641.432096108696,-391.4144772525797
7092,26541.812837456433,2654.181283745643,-354.3876200773266,-1.2703795293441789,9278.078797402617,25.198549983288494,36819.89163485905,4641.432096108696,-391.4144772525797
7093,26504.78598028118,2650.478598028118,-37.0268571752531,-0.13443870740743602,9315.10565457787,25.299112085812986,36819.89163485905,4641.432096108696,-391.4144772525797
7094,26867.989774954403,2686.7989774954403,363.20379467322346,1.320511255508805,8951.901859904647,24.31267845294112,36819.89163485905,4641.432096108696,-391.4144772525797
7095,27594.39736430085,2759.439736430085,726.4075893464469,2.6066020377231824,8225.4942705582,22.339811187197395,36819.89163485905,4641.432096108696,-391.4144772525797
7096,27948.787674696945,2794.8787674696946,354.3903103960947,1.2393697474405885,7871.103960162105,21.377314301246276,36819.89163485905,4641.432096108696,-391.4144772525797
7097,27008.1580729772,2700.81580729772,-940.6296017197456,-3.2492884064430627,8811.73356188185,23.931992112490047,36819.89163485905,4641.432096108696,-391.4144772525797
7098,27602.33380466029,2760.233380466029,594.1757316830917,2.1214380829147172,8217.557830198759,22.31825642424984,36819.89163485905,4641.432096108696,-391.4144772525797
7099,27275.271752288336,2727.5271752288336,-327.06205237195536,-1.1434802999140792,8544.619882570714,23.20653185866831,36819.89163485905,4641.432096108696,-391.4144772525797
7100,27637.595812725103,2763.7595812725103,362.32406043676747,1.28141672204245,8182.295822133947,22.22248751646895,36819.89163485905,4641.432096108696,-391.4144772525797
7101,28125.100405339774,2812.510040533977,487.5045926146704,1.7023237418486437,7694.791229519276,20.898462455642512,36819.89163485905,4641.432096108696,-391.4144772525797
7102,27522.111189379553,2752.2111189379552,-602.9892159602205,-2.0703421020642043,8297.780445479497,22.536134890803467,36819.89163485905,4641.432096108696,-391.4144772525797
7103,27799.803202078256,2779.9803202078256,277.69201269870246,0.9736025880233701,8020.088432780794,21.781944695317396,36819.89163485905,4641.432096108696,-391.4144772525797
7104,27458.638498735385,2745.8638498735386,-341.1647033428708,-1.1846077591191717,8361.253136123665,22.70852184748879,36819.89163485905,4641.432096108696,-391.4144772525797
7105,27227.66925204428,2722.7669252044284,-230.96924669110376,-0.8115962634732798,8592.222382814769,23.335816596157834,36819.89163485905,4641.432096108696,-391.4144772525797
7106,26467.75912310593,2646.775912310593,-759.9101289383507,-2.6920753610690573,9352.13251175312,25.399674188337467,36819.89163485905,4641.432096108696,-391.4144772525797
7107,26991.40814834063,2699.140814834063,523.6490252346994,1.9064133440510833,8828.48348651842,23.97748362235835,36819.89163485905,4641.432096108696,-391.4144772525797
7108,27463.04524087395,2746.304524087395,471.63709253332127,1.6849352130978046,8356.846393985099,22.696553474028413,36819.89163485905,4641.432096108696,-391.4144772525797
7109,27669.330812887805,2766.93308128878,206.2855720138541,0.7247487760642768,8150.560821971245,22.136297691475935,36819.89163485905,4641.432096108696,-391.4144772525797
7110,27558.255621999586,2755.8255621999583,-111.07519088821937,-0.38743558966604086,8261.636012859464,22.437969385650774,36819.89163485905,4641.432096108696,-391.4144772525797
7111,28049.2845321976,2804.92845321976,491.02891019801245,1.7193939178125284,7770.607102661452,21.10437254873577,36819.89163485905,4641.432096108696,-391.4144772525797
7112,28140.085480865906,2814.0085480865905,90.80094866830768,0.3125755079016246,7679.806153993144,20.8577641405178,36819.89163485905,4641.432096108696,-391.4144772525797
7113,28201.7960127184,2820.17960127184,61.71053185249548,0.21177196577895074,7618.095622140649,20.690163071876764,36819.89163485905,4641.432096108696,-391.4144772525797
7114,27829.776043449285,2782.9776043449287,-372.0199692691167,-1.2739626326650932,7990.115591409765,21.70054075836867,36819.89163485905,4641.432096108696,-391.4144772525797
7115,28325.214386104628,2832.5214386104626,495.43834265534315,1.7184952873330328,7494.677248754422,20.354968241293992,36819.89163485905,4641.432096108696,-391.4144772525797
7116,28768.64079605859,2876.864079605859,443.4264099539614,1.5120994653804676,7051.250838800461,19.1506561418685,36819.89163485905,5050.476232234298,-391.4144772525797
7117,28745.721970491784,2874.572197049178,-22.918825566805026,-0.07698982873897142,7074.169664367266,19.212901913241456,36819.89163485905,5050.476232234298,-391.4144772525797
7118,29505.62940911137,2950.562940911137,759.9074386195862,2.554678078997119,6314.26222574768,17.14905162776113,36819.89163485905,5787.464845287079,-391.4144772525797
7119,29569.10209975554,2956.910209975554,63.472690644168324,0.20806877902086462,6250.789535103511,16.976664671075802,36819.89163485905,5850.937535931247,-391.4144772525797
7120,29273.77773786505,2927.377773786505,-295.32436189048894,-0.9660877867029405,6546.113896994,17.778742973801965,36819.89163485905,5850.937535931247,-391.4144772525797
7121,29766.5714971735,2976.65714971735,492.7937593084498,1.6277907685504633,6053.32013768555,16.44035294214337,36819.89163485905,6048.406933349208,-391.4144772525797
7122,30824.447881030468,3082.444788103047,1057.8763838569685,3.4383954154727725,4995.443753828582,13.567241868520794,36819.89163485905,7106.283317206176,-391.4144772525797
7123,30378.376887729617,3037.8376887729614,-446.0709933008511,-1.401661373571672,5441.514747129433,14.778736453362363,36819.89163485905,7106.283317206176,-391.4144772525797
7124,30195.010141282564,3019.5010141282564,-183.36674644705272,-0.5843729492546079,5624.881493576486,15.276746464541894,36819.89163485905,7106.283317206176,-391.4144772525797
7125,30145.642791928076,3014.5642791928076,-49.3673493544884,-0.15825399360636094,5674.248842930974,15.410824396774995,36819.89163485905,7106.283317206176,-391.4144772525797
7126,30007.239343015717,3000.7239343015717,-138.40344891235873,-0.44437499600499253,5812.652291843333,15.786717542482481,36819.89163485905,7106.283317206176,-391.4144772525797
7127,29287.883079154726,2928.7883079154726,-719.356263860991,-2.3199623026840754,6532.008555704324,17.74043394934975,36819.89163485905,7106.283317206176,-391.4144772525797
7128,30110.380783863264,3011.0380783863266,822.4977047085376,2.7155998408968207,5709.510850995786,15.506593304555885,36819.89163485905,7106.283317206176,-391.4144772525797
7129,29614.0600166527,2961.40600166527,-496.32076721056364,-1.595354202376087,6205.83161820635,16.854562419002367,36819.89163485905,7106.283317206176,-391.4144772525797
7130,29763.04448927139,2976.304448927139,148.98447261868932,0.48665375496634855,6056.847145587661,16.44993202493125,36819.89163485905,7106.283317206176,-391.4144772525797
7131,29710.150132014787,2971.0150132014787,-52.894357256602234,-0.17194123057309163,6109.741502844263,16.59358903995224,36819.89163485905,7106.283317206176,-391.4144772525797
7132,30070.712033659885,3007.0712033659884,360.56190164509826,1.1740805567381996,5749.179601199165,15.614330585797154,36819.89163485905,7106.283317206176,-391.4144772525797
7133,29617.58702455481,2961.7587024554814,-453.12500910507515,-1.4583669940173571,6202.30461030424,16.84498333621449,36819.89163485905,7106.283317206176,-391.4144772525797
7134,29212.94963056777,2921.294963056777,-404.6373939870391,-1.3215848579528067,6606.942004291279,17.94394744507121,36819.89163485905,7106.283317206176,-391.4144772525797
7135,28805.667653233842,2880.5667653233845,-407.2819773339288,-1.3480377861612824,7014.223981625208,19.05009403934401,36819.89163485905,7106.283317206176,-391.4144772525797
7136,29430.695960524416,2943.0695960524413,625.0283072905731,2.0970115971307823,6389.1956743346345,17.352565123482588,36819.89163485905,7106.283317206176,-391.4144772525797
7137,29346.06660310511,2934.606660310511,-84.62935741930414,-0.2781052314054455,6473.825031753939,17.58241196349659,36819.89163485905,7106.283317206176,-391.4144772525797
7138,29370.750277782357,2937.075027778236,24.683674677246017,0.08134060667592813,6449.141357076693,17.515372997380034,36819.89163485905,7106.283317206176,-391.4144772525797
7139,28949.36295915875,2894.936295915875,-421.38731862360873,-1.3874774734553563,6870.528675700301,18.659828616105056,36819.89163485905,7106.283317206176,-391.4144772525797
7140,29070.13674919808,2907.013674919808,120.77379003933311,0.40325996317194246,6749.754885660968,18.331816270938372,36819.89163485905,7106.283317206176,-391.4144772525797
7141,28467.14753323786,2846.7147533237858,-602.9892159602205,-2.0052759353556993,7352.744101621189,19.969488706099327,36819.89163485905,7106.283317206176,-391.4144772525797
7142,28615.249581301334,2861.5249581301337,148.10204806347247,0.5026005584572335,7204.642053557716,19.5672549094,36819.89163485905,7106.283317206176,-391.4144772525797
7143,28888.53485186147,2888.853485186147,273.28527056013627,0.9227856405866097,6931.35678299758,18.825033087374305,36819.89163485905,7106.283317206176,-391.4144772525797
7144,29416.590619234736,2941.6590619234735,528.0557673732656,1.766750260561456,6403.3010156243145,17.39087414793481,36819.89163485905,7106.283317206176,-391.4144772525797
7145,28721.91803005099,2872.191803005099,-694.672589183745,-2.283860797812265,7097.9736048080595,19.277551588685522,36819.89163485905,7106.283317206176,-391.4144772525797
7146,28787.1555698056,2878.71555698056,65.23753975460932,0.21949303436155088,7032.73606505345,19.100371437256598,36819.89163485905,7106.283317206176,-391.4144772525797
7147,27444.53315744571,2744.453315744571,-1342.6224123598913,-4.507387115944939,8375.358477413341,22.746830871941004,36819.89163485905,7106.283317206176,-391.4144772525797
7148,27173.892470232462,2717.3892470232463,-270.64068721324657,-0.9514681985294038,8645.999164626588,23.481870208550617,36819.89163485905,7106.283317206176,-391.4144772525797
7149,26656.415036246763,2665.6415036246763,-517.4774339856995,-1.8367268013550042,9163.476598612287,24.88729920632578,36819.89163485905,7106.283317206176,-391.4144772525797
7150,25788.58715523343,2578.858715523343,-867.8278810133343,-3.1378899972246965,10031.304479625622,27.244253131175793,36819.89163485905,7106.283317206176,-391.4144772525797
7151,25788.58715523343,2578.858715523343,0.0,0.0,10031.304479625622,27.244253131175793,36819.89163485905,0.0,0.0
7152,25788.58715523343,2578.858715523343,0.0,0.0,10031.304479625622,27.244253131175793,36819.89163485905,0.0,0.0
7153,25788.58715523343,2578.858715523343,0.0,0.0,10031.304479625622,27.244253131175793,36819.89163485905,0.0,0.0
7154,25788.58715523343,2578.858715523343,0.0,0.0,10031.304479625622,27.244253131175793,36819.89163485905,0.0,0.0
7155,25788.58715523343,2578.858715523343,0.0,0.0,10031.304479625622,27.244253131175793,36819.89163485905,0.0,0.0
7156,25788.58715523343,2578.858715523343,0.0,0.0,10031.304479625622,27.244253131175793,36819.89163485905,0.0,0.0
7157,25788.58715523343,2578.858715523343,0.0,0.0,10031.304479625622,27.244253131175793,36819.89163485905,0.0,0.0
7158,25788.58715523343,2578.858715523343,0.0,0.0,10031.304479625622,27.244253131175793,36819.89163485905,0.0,0.0
7159,25788.58715523343,2578.858715523343,0.0,0.0,10031.304479625622,27.244253131175793,36819.89163485905,0.0,0.0
7160,25788.58715523343,2578.858715523343,0.0,0.0,10031.304479625622,27.244253131175793,36819.89163485905,0.0,0.0
7161,25788.58715523343,2578.858715523343,0.0,0.0,10031.304479625622,27.244253131175793,36819.89163485905,0.0,0.0
7162,25788.58715523343,2578.858715523343,0.0,0.0,10031.304479625622,27.244253131175793,36819.89163485905,0.0,0.0
7163,25788.58715523343,2578.858715523343,0.0,0.0,10031.304479625622,27.244253131175793,36819.89163485905,0.0,0.0
7164,25788.58715523343,2578.858715523343,0.0,0.0,10031.304479625622,27.244253131175793,36819.89163485905,0.0,0.0
7165,25788.58715523343,2578.858715523343,0.0,0.0,10031.304479625622,27.244253131175793,36819.89163485905,0.0,0.0
7166,25788.58715523343,2578.858715523343,0.0,0.0,10031.304479625622,27.244253131175793,36819.89163485905,0.0,0.0
7167,25788.58715523343,2578.858715523343,0.0,0.0,10031.304479625622,27.244253131175793,36819.89163485905,0.0,0.0
7168,25761.825329903528,2576.1825329903527,-26.761825329900603,-0.09990009990008542,10058.066304955522,27.316936194980805,36819.89163485905,0.0,0.0
7169,26505.804647882895,2650.580464788289,743.9793179793669,2.780002144128968,9314.086986976155,25.29634546278265,36819.89163485905,743.9793179793669,0.0
7170,26720.3419852892,2672.03419852892,214.5373374063056,0.779971137557034,9099.54964956985,24.713678518692046,36819.89163485905,958.5166553856725,0.0
7171,26622.268508783956,2662.226850878396,-98.07347650524389,-0.3537960554645725,9197.623126075094,24.98003855439729,36819.89163485905,958.5166553856725,0.0
7172,26272.88160259302,2627.288160259302,-349.3869061909354,-1.2648740492832045,9547.01003226603,25.928946578504984,36819.89163485905,958.5166553856725,0.0
7173,26125.003270699235,2612.5003270699235,-147.8783318937858,-0.5422174819976755,9694.888364159815,26.330572779256165,36819.89163485905,958.5166553856725,0.0
7174,25943.41430030138,2594.341430030138,-181.5889703978537,-0.6694523447081324,9876.477334557669,26.823754487118485,36819.89163485905,958.5166553856725,0.0
7175,25725.046899368015,2572.5046899368012,-218.3674009333663,-0.8104667006917698,10094.844735491035,27.416823589816847,36819.89163485905,958.5166553856725,-36.7784305355126
7176,24804.842570533576,2480.484257053358,-920.2043288344394,-3.4432281159297085,11015.049064325474,29.91602792740713,36819.89163485905,958.5166553856725,-956.982759369952
7177,24779.556668835372,2477.955666883537,-25.285901698203816,-0.0979889787317556,11040.334966023678,29.98470249589571,36819.89163485905,958.5166553856725,-982.2686610681558
7178,24425.572751109514,2442.557275110951,-353.9839177258582,-1.3731187167923098,11394.318883749536,30.94609565054239,36819.89163485905,958.5166553856725,-1336.252578794014
7179,24104.53486213598,2410.4534862135984,-321.037888973533,-1.2626574516773625,11715.35677272307,31.818009919484968,36819.89163485905,958.5166553856725,-1657.290467767547
7180,22569.83682456402,2256.983682456402,-1534.6980375719613,-6.113230322728169,13250.05481029503,35.98613201172653,36819.89163485905,958.5166553856725,-3191.9885053395083
7181,22667.910301069263,2266.7910301069264,98.07347650524389,0.41609739276189384,13151.981333789787,35.71977197602128,36819.89163485905,958.5166553856725,-3191.9885053395083
7182,22720.78574738183,2272.078574738183,52.875446312566055,0.22340563928102686,13099.10588747722,35.576166321673,36819.89163485905,958.5166553856725,-3191.9885053395083
7183,22720.78574738183,2272.078574738183,0.0,0.0,13099.10588747722,35.576166321673,36819.89163485905,0.0,0.0
7184,22720.78574738183,2272.078574738183,0.0,0.0,13099.10588747722,35.576166321673,36819.89163485905,0.0,0.0
7185,22720.78574738183,2272.078574738183,0.0,0.0,13099.10588747722,35.576166321673,36819.89163485905,0.0,0.0
7186,22720.78574738183,2272.078574738183,0.0,0.0,13099.10588747722,35.576166321673,36819.89163485905,0.0,0.0
7187,22720.78574738183,2272.078574738183,0.0,0.0,13099.10588747722,35.576166321673,36819.89163485905,0.0,0.0
7188,22720.78574738183,2272.078574738183,0.0,0.0,13099.10588747722,35.576166321673,36819.89163485905,0.0,0.0
7189,22720.78574738183,2272.078574738183,0.0,0.0,13099.10588747722,35.576166321673,36819.89163485905,0.0,0.0
7190,22720.78574738183,2272.078574738183,0.0,0.0,13099.10588747722,35.576166321673,36819.89163485905,0.0,0.0
7191,22720.78574738183,2272.078574738183,0.0,0.0,13099.10588747722,35.576166321673,36819.89163485905,0.0,0.0
7192,22720.78574738183,2272.078574738183,0.0,0.0,13099.10588747722,35.576166321673,36819.89163485905,0.0,0.0
7193,22720.78574738183,2272.078574738183,0.0,0.0,13099.10588747722,35.576166321673,36819.89163485905,0.0,0.0
7194,22720.78574738183,2272.078574738183,0.0,0.0,13099.10588747722,35.576166321673,36819.89163485905,0.0,0.0
7195,22720.78574738183,2272.078574738183,0.0,0.0,13099.10588747722,35.576166321673,36819.89163485905,0.0,0.0
7196,22720.78574738183,2272.078574738183,0.0,0.0,13099.10588747722,35.576166321673,36819.89163485905,0.0,0.0
7197,22720.78574738183,2272.078574738183,0.0,0.0,13099.10588747722,35.576166321673,36819.89163485905,0.0,0.0
7198,22720.78574738183,2272.078574738183,0.0,0.0,13099.10588747722,35.576166321673,36819.89163485905,0.0,0.0
7199,22720.78574738183,2272.078574738183,0.0,0.0,13099.10588747722,35.576166321673,36819.89163485905,0.0,0.0
7200,22720.78574738183,2272.078574738183,0.0,0.0,13099.10588747722,35.576166321673,36819.89163485905,0.0,0.0
7201,22720.78574738183,2272.078574738183,0.0,0.0,13099.10588747722,35.576166321673,36819.89163485905,0.0,0.0
7202,22720.78574738183,2272.078574738183,0.0,0.0,13099.10588747722,35.576166321673,36819.89163485905,0.0,0.0
7203,22720.78574738183,2272.078574738183,0.0,0.0,13099.10588747722,35.576166321673,36819.89163485905,0.0,0.0
7204,22720.78574738183,2272.078574738183,0.0,0.0,13099.10588747722,35.576166321673,36819.89163485905,0.0,0.0
7205,22720.78574738183,2272.078574738183,0.0,0.0,13099.10588747722,35.576166321673,36819.89163485905,0.0,0.0
7206,22720.78574738183,2272.078574738183,0.0,0.0,13099.10588747722,35.576166321673,36819.89163485905,0.0,0.0
7207,22720.78574738183,2272.078574738183,0.0,0.0,13099.10588747722,35.576166321673,36819.89163485905,0.0,0.0
7208,22720.78574738183,2272.078574738183,0.0,0.0,13099.10588747722,35.576166321673,36819.89163485905,0.0,0.0
7209,22720.78574738183,2272.078574738183,0.0,0.0,13099.10588747722,35.576166321673,36819.89163485905,0.0,0.0
7210,22720.78574738183,2272.078574738183,0.0,0.0,13099.10588747722,35.576166321673,36819.89163485905,0.0,0.0
7211,22720.78574738183,2272.078574738183,0.0,0.0,13099.10588747722,35.576166321673,36819.89163485905,0.0,0.0
7212,22720.78574738183,2272.078574738183,0.0,0.0,13099.10588747722,35.576166321673,36819.89163485905,0.0,0.0
7213,22720.78574738183,2272.078574738183,0.0,0.0,13099.10588747722,35.576166321673,36819.89163485905,0.0,0.0
7214,22720.78574738183,2272.078574738183,0.0,0.0,13099.10588747722,35.576166321673,36819.89163485905,0.0,0.0
7215,22720.78574738183,2272.078574738183,0.0,0.0,13099.10588747722,35.576166321673,36819.89163485905,0.0,0.0
7216,22720.78574738183,2272.078574738183,0.0,0.0,13099.10588747722,35.576166321673,36819.89163485905,0.0,0.0
7217,22720.78574738183,2272.078574738183,0.0,0.0,13099.10588747722,35.576166321673,36819.89163485905,0.0,0.0
7218,22720.78574738183,2272.078574738183,0.0,0.0,13099.10588747722,35.576166321673,36819.89163485905,0.0,0.0
7219,22720.78574738183,2272.078574738183,0.0,0.0,13099.10588747722,35.576166321673,36819.89163485905,0.0,0.0
7220,22720.78574738183,2272.078574738183,0.0,0.0,13099.10588747722,35.576166321673,36819.89163485905,0.0,0.0
7221,22697.08865872311,2269.708865872311,-23.697088658718712,-0.09990009990008542,13122.80297613594,35.64052579587712,36819.89163485905,0.0,0.0
7222,23320.50557335026,2332.050557335026,623.4169146271488,2.6307742845772086,12499.38606150879,33.94737329882595,36819.89163485905,623.4169146271488,0.0
7223,24495.741141928695,2449.5741141928693,1175.235568578435,4.83228263916613,11324.150492930356,30.755523686031903,36819.89163485905,1798.6524832055838,0.0
7224,23998.888057763837,2399.888805776384,-496.85308416485714,-1.9487689390906282,11821.003577095213,32.104938532474485,36819.89163485905,1798.6524832055838,0.0
7225,22781.704383685854,2278.170438368585,-1217.1836740779836,-4.8689512560138315,13038.187251173196,35.41071598056893,36819.89163485905,1798.6524832055838,0.0
7226,22930.690123217384,2293.0690123217387,148.98573953153027,0.6264720859693096,12889.201511641666,35.00608214565976,36819.89163485905,1798.6524832055838,0.0
7227,22276.896918156144,2227.6896918156144,-653.7932050612399,-2.732028210197479,13542.994716702906,36.78173431635291,36819.89163485905,1798.6524832055838,-420.1917405669665
7228,23107.878161605764,2310.7878161605763,830.9812434496198,3.569982916414638,12712.013473253286,34.52485303139309,36819.89163485905,1798.6524832055838,-420.1917405669665
7229,23061.593108441968,2306.1593108441966,-46.285053163795965,-0.19199140153906002,12758.298526417082,34.65055968371788,36819.89163485905,1798.6524832055838,-420.1917405669665
7230,23113.66517268752,2311.3665172687524,52.07206424555261,0.21641154021212472,12706.22646217153,34.50913595340941,36819.89163485905,1798.6524832055838,-420.1917405669665
7231,23504.926272041812,2350.492627204181,391.2610993542912,1.6225700097945106,12314.965362817238,33.446500834234136,36819.89163485905,1798.6524832055838,-420.1917405669665
7232,23335.692615018284,2333.5692615018284,-169.23365702352748,-0.6906107577912213,12484.199019840766,33.90612645915941,36819.89163485905,1798.6524832055838,-420.1917405669665
7233,23638.722762807272,2363.8722762807274,303.03014778898796,1.2452086430528864,12181.168872051778,33.08311983330042,36819.89163485905,1798.6524832055838,-420.1917405669665
7234,23588.098554881184,2358.8098554881185,-50.624207926088275,-0.205466039832658,12231.793079977866,33.22061129695851,36819.89163485905,1798.6524832055838,-420.1917405669665
7235,23608.34867947123,2360.8348679471233,20.250124590045743,0.08235742403930324,12211.54295538782,33.165613512633485,36819.89163485905,1798.6524832055838,-420.1917405669665
7236,23311.82726382568,2331.1827263825676,-296.5214156455513,-1.2049626714405126,12508.064371033372,33.97094292149253,36819.89163485905,1798.6524832055838,-420.1917405669665
7237,23397.16691694815,2339.7166916948154,85.33965312247165,0.35102113961400505,12422.7247179109,33.73916697285917,36819.89163485905,1798.6524832055838,-420.1917405669665
7238,23306.764180903654,2330.676418090365,-90.40273604449612,-0.37054604066218966,12513.127453955396,33.98469386615102,36819.89163485905,1798.6524832055838,-420.1917405669665
7239,23764.564872207884,2376.4564872207884,457.80069130423,1.8834291882582122,12055.326762651166,32.7413423217081,36819.89163485905,1798.6524832055838,-420.1917405669665
7240,23342.925275321453,2334.2925275321454,-421.6395968864308,-1.702592389820734,12476.966359537597,33.88648310883428,36819.89163485905,1798.6524832055838,-420.1917405669665
7241,23355.942739608327,2335.5942739608327,13.017464286873292,0.05347534916055885,12463.948895250724,33.8511286748344,36819.89163485905,1798.6524832055838,-420.1917405669665
7242,23657.527238175902,2365.7527238175903,301.5844985675758,1.238237837031586,12162.364396683148,33.032048321316864,36819.89163485905,1798.6524832055838,-420.1917405669665
7243,23930.181095530803,2393.01810955308,272.65385735490054,1.1057631802298795,11889.710539328247,32.29154136909986,36819.89163485905,1798.6524832055838,-420.1917405669665
7244,24048.790544628242,2404.879054462824,118.60944909743921,0.47576649621170475,11771.101090230808,31.969407207832674,36819.89163485905,1798.6524832055838,-420.1917405669665
7245,23571.463656893702,2357.14636568937,-477.3268877345399,-1.9055885627855318,12248.427977965348,33.26579040327541,36819.89163485905,1798.6524832055838,-420.1917405669665
7246,22979.144753762328,2297.9144753762325,-592.3189031313741,-2.4105967450790966,12840.746881096722,34.87448308766832,36819.89163485905,1798.6524832055838,-420.1917405669665
7247,22961.064206553427,2296.106420655343,-18.080547208901407,-0.07540113458827102,12858.827428305623,34.9235884663267,36819.89163485905,1798.6524832055838,-420.1917405669665
7248,22782.428311845582,2278.2428311845583,-178.63589470784427,-0.7455257127477077,13037.463323013468,35.40874984724375,36819.89163485905,1798.6524832055838,-420.1917405669665
7249,23018.199353721,2301.8199353720997,235.77104187541772,0.9913665618324741,12801.69228113805,34.768413791359755,36819.89163485905,1798.6524832055838,-420.1917405669665
7250,22733.24975314091,2273.324975314091,-284.9496005800902,-1.186390355011957,13086.64188171814,35.542315038560375,36819.89163485905,1798.6524832055838,-420.1917405669665
7251,22629.82955280954,2262.982955280954,-103.42020033136941,-0.43576080565065345,13190.06208204951,35.8231963658521,36819.89163485905,1798.6524832055838,-420.1917405669665
7252,22293.52960904558,2229.352960904558,-336.29994376395916,-1.4232008868805934,13526.362025813469,36.736561204344916,36819.89163485905,1798.6524832055838,-420.1917405669665
7253,22566.90739456021,2256.690739456021,273.37778551462907,1.1736211304295807,13252.98424029884,35.99408811880272,36819.89163485905,1798.6524832055838,-420.1917405669665
7254,22768.686919398977,2276.868691939898,201.77952483876652,0.8561985731116328,13051.204715460073,35.44607041456882,36819.89163485905,1798.6524832055838,-420.1917405669665
7255,22791.8305495299,2279.18305495299,23.143630130922247,0.09737025107614539,13028.061085329151,35.383214091251965,36819.89163485905,1798.6524832055838,-420.1917405669665
7256,23110.047738986912,2311.004773898691,318.21718945701286,1.3375061191468474,12709.843895872138,34.518960625726436,36819.89163485905,1798.6524832055838,-420.1917405669665
7257,23477.445694246646,2347.744569424665,367.39795525973386,1.5238375271469762,12342.445940612404,33.52113597457537,36819.89163485905,1798.6524832055838,-420.1917405669665
7258,23340.755697940305,2334.075569794031,-136.68999630634062,-0.5584324361854076,12479.135936918745,33.89237551450093,36819.89163485905,1798.6524832055838,-420.1917405669665
7259,23568.570151352822,2356.8570151352824,227.81445341251674,0.9359382931229066,12251.321483506228,33.27364894226725,36819.89163485905,1798.6524832055838,-420.1917405669665
7260,23867.26114437952,2386.726114437952,298.6909930266993,1.2157443074083618,11952.630490479529,32.462427127741556,36819.89163485905,1798.6524832055838,-420.1917405669665
7261,23589.5442041026,2358.9544204102604,-277.7169402769214,-1.1167974577678486,12230.34743075645,33.21668502461704,36819.89163485905,1798.6524832055838,-420.1917405669665
7262,24723.55559534121,2472.355559534121,1134.0113912386114,4.611762551700371,11096.336039517839,30.13679711379823,36819.89163485905,2026.4669366181006,-420.1917405669665
7263,24842.886765500334,2484.2886765500334,119.33117015912285,0.4638984284922598,10977.004869358716,29.812702813514775,36819.89163485905,2145.7981067772234,-420.1917405669665
7264,25028.033599449664,2502.8033599449664,185.14683394932945,0.7164324776460118,10791.858035409387,29.309858221288863,36819.89163485905,2330.944940726553,-420.1917405669665
7265,24915.208954335933,2491.520895433593,-112.8246451137311,-0.43347356488780964,10904.682680523118,29.61628129888129,36819.89163485905,2330.944940726553,-420.1917405669665
7266,24677.9922632391,2467.79922632391,-237.21669109683353,-0.9153570457981708,11141.899371619951,30.26054362710675,36819.89163485905,2330.944940726553,-420.1917405669665
7267,24630.98328191557,2463.0983281915574,-47.00898132352813,-0.1830710938830915,11188.90835294348,30.38821641275673,36819.89163485905,2330.944940726553,-420.1917405669665
7268,24494.29549270728,2449.429549270728,-136.6877892082921,-0.5332912424968694,11325.596142151771,30.75944995837337,36819.89163485905,2330.944940726553,-420.1917405669665
7269,24306.981288474853,2430.6981288474853,-187.31420423242525,-0.7347298703978988,11512.910346384197,31.268180961957004,36819.89163485905,2330.944940726553,-420.1917405669665
7270,24957.157059835485,2495.7157059835486,650.1757713606312,2.5691557754331296,10862.734575023565,29.502353463580878,36819.89163485905,2330.944940726553,-420.1917405669665
7271,24806.72567108254,2480.672567108254,-150.43138875294608,-0.5795372290046119,11013.165963776511,29.91091357083151,36819.89163485905,2330.944940726553,-420.1917405669665
7272,24503.697730391596,2450.3697730391596,-303.02794069094307,-1.1742208002408328,11316.193904467455,30.733914202381584,36819.89163485905,2330.944940726553,-420.1917405669665
7273,24889.17402576218,2488.9174025762177,385.4762953705831,1.5114525722724093,10930.717609096871,29.686990166881067,36819.89163485905,2330.944940726553,-420.1917405669665
7274,24837.10196151663,2483.7101961516632,-52.07206424554897,-0.20113451357595125,10982.78967334242,29.828413897189527,36819.89163485905,2330.944940726553,-420.1917405669665
7275,25035.987980814516,2503.5987980814516,198.88601929788638,0.7697690692792136,10783.903654044534,29.288254731947465,36819.89163485905,2338.8993220914053,-420.1917405669665
7276,24599.885270419796,2459.9885270419795,-436.1027103947199,-1.674999660915788,11220.006364439254,30.472676225414986,36819.89163485905,2338.8993220914053,-420.1917405669665
7277,24118.21922792296,2411.821922792296,-481.66604249683587,-1.8815164107527926,11701.67240693609,31.78084423219103,36819.89163485905,2338.8993220914053,-420.1917405669665
7278,24200.667582602604,2420.0667582602605,82.44835467964367,0.32824124167205593,11619.224052256446,31.55692082824058,36819.89163485905,2338.8993220914053,-420.1917405669665
7279,23987.316242698376,2398.7316242698375,-213.35133990422764,-0.8466098733492133,11832.575392160674,32.13636669413291,36819.89163485905,2338.8993220914053,-420.1917405669665
7280,23548.32002676278,2354.832002676278,-438.9962159355964,-1.7568762154033912,12271.57160809627,33.32864672659227,36819.89163485905,2338.8993220914053,-420.1917405669665
7281,23103.53900684347,2310.353900684347,-444.78101991930816,-1.8118593021208995,12716.352628015578,34.536637842726385,36819.89163485905,2338.8993220914053,-420.1917405669665
7282,22671.051523051312,2267.105152305131,-432.48748379215976,-1.794290388931552,13148.840111807738,35.7112406581858,36819.89163485905,2338.8993220914053,-420.1917405669665
7283,22472.165503753426,2247.2165503753426,-198.88601929788638,-0.8402077918009176,13347.726131105625,36.25139982342787,36819.89163485905,2338.8993220914053,-420.1917405669665
7284,22541.596394146192,2254.1596394146195,69.43089039276674,0.2958009578692966,13278.295240712858,36.0628308534773,36819.89163485905,2338.8993220914053,-420.1917405669665
7285,22480.846020376055,2248.0846020376057,-60.75037377013723,-0.2580554553438974,13339.045614482995,36.22782420645236,36819.89163485905,2338.8993220914053,-420.1917405669665
7286,22596.083683578527,2259.6083683578527,115.2376632024716,0.49077304583688974,13223.807951280523,35.91484755691391,36819.89163485905,2338.8993220914053,-420.1917405669665
7287,22596.083683578527,2259.6083683578527,0.0,0.0,13223.807951280523,35.91484755691391,36819.89163485905,0.0,0.0
7288,22572.511172406124,2257.2511172406125,-23.5725111724023,-0.09990009990008542,13247.380462452926,35.97886868822567,36819.89163485905,0.0,0.0
7289,22580.425589957824,2258.042558995782,7.914417551699444,0.03357477484606797,13239.466044901226,35.957373737533835,36819.89163485905,7.914417551699444,0.0
7290,22570.07739611675,2257.0077396116753,-10.348193841073225,-0.043884677999539434,13249.8142387423,35.985478637851564,36819.89163485905,7.914417551699444,-2.4337762893737818
7291,22540.855360043828,2254.085536004383,-29.222036072922492,-0.12397938106786244,13279.036274815222,36.06484344522992,36819.89163485905,7.914417551699444,-31.655812362296274
7292,22506.15454055307,2250.615454055307,-34.70081949075757,-0.1474067911298449,13313.73709430598,36.15908820791114,36819.89163485905,7.914417551699444,-66.35663185305384
7293,22408.14209633772,2240.814209633772,-98.01244421535011,-0.4169650295043237,13411.74953852133,36.42528248460086,36819.89163485905,7.914417551699444,-164.36907606840396
7294,22178.631418716453,2217.8631418716454,-229.51067762126695,-0.9804737030247868,13641.260216142597,37.04861587161164,36819.89163485905,7.914417551699444,-393.8797536896709
7295,22486.065668021027,2248.606566802103,307.4342493045733,1.3263692913996872,13333.825966838023,36.213648044021646,36819.89163485905,7.914417551699444,-393.8797536896709
7296,22475.71561633546,2247.571561633546,-10.35005168556745,-0.04406890379966555,13344.17601852359,36.24175799010244,36819.89163485905,7.914417551699444,-393.8797536896709
7297,21933.903136830875,2193.3903136830872,-541.8124795045842,-2.3079700246818713,13885.988498028175,37.713279103955,36819.89163485905,7.914417551699444,-638.6080355752492
7298,20822.27302989347,2082.227302989347,-1111.6301069374058,-4.8471038719622666,14997.61860496558,40.73238116422554,36819.89163485905,7.914417551699444,-1750.238142512655
7299,20640.248857582395,2064.0248857582396,-182.02417231107393,-0.8341210471600524,15179.642777276655,41.22674484708533,36819.89163485905,7.914417551699444,-1932.262314823729
7300,19985.202613909158,1998.520261390916,-655.0462436732378,-3.0269811035177674,15834.689020949892,43.00580017448634,36819.89163485905,7.914417551699444,-2587.3085584969667
7301,20780.26716584561,2078.0267165845607,795.0645519364516,3.7886913296204083,15039.62446901344,40.84646586731056,36819.89163485905,7.914417551699444,-2587.3085584969667
7302,21433.487148379565,2143.348714837957,653.2199825339558,2.999136684412629,14386.404486479485,39.07237052501053,36819.89163485905,7.914417551699444,-2587.3085584969667
7303,21736.050129416402,2173.6050129416403,302.5629810368373,1.3487113217647506,14083.841505442648,38.250632688198465,36819.89163485905,7.914417551699444,-2587.3085584969667
7304,22021.567387205156,2202.1567387205155,285.51725778875334,1.2557909406583523,13798.324247653894,37.47518972758301,36819.89163485905,7.914417551699444,-2587.3085584969667
7305,22629.736498562794,2262.9736498562793,608.169111357638,2.641736338489453,13190.155136296256,35.82344909404498,36819.89163485905,57.225326156669325,-2587.3085584969667
7306,22533.55031548672,2253.355031548672,-96.1861830760754,-0.40705567360823647,13286.341319372332,36.084683385633745,36819.89163485905,57.225326156669325,-2587.3085584969667
7307,22420.925924312658,2242.092592431266,-112.62439117406029,-0.4785694876643598,13398.965710546392,36.39056258889417,36819.89163485905,57.225326156669325,-2587.3085584969667
7308,22565.815500843608,2256.581550084361,144.88957653094985,0.618632999391977,13254.076134015442,35.99705361834148,36819.89163485905,57.225326156669325,-2587.3085584969667
7309,22559.727344431187,2255.972734443119,-6.088156412421085,-0.02583469437840158,13260.164290427863,36.01358858393235,36819.89163485905,57.225326156669325,-2587.3085584969667
7310,22824.546356693303,2282.4546356693304,264.8190122621163,1.1240325848877575,12995.345278165747,35.29436046971542,36819.89163485905,252.0351842871787,-2587.3085584969667
7311,22214.549126351896,2221.45491263519,-609.997230341407,-2.560372907877151,13605.342508507154,36.95106613411747,36819.89163485905,252.0351842871787,-2587.3085584969667
7312,22380.13694840948,2238.013694840948,165.58782205758325,0.7132932935993042,13439.75468644957,36.50134231716628,36819.89163485905,252.0351842871787,-2587.3085584969667
7313,22864.72595960189,2286.4725959601888,484.5890111924091,2.0726525779626526,12955.165675257162,35.185235751731334,36819.89163485905,292.2147871957641,-2587.3085584969667
7314,22763.66850825808,2276.3668508258083,-101.05745134380777,-0.42345950887882067,13056.22312660097,35.45970003409803,36819.89163485905,292.2147871957641,-2587.3085584969667
7315,22454.407997814233,2245.4407997814233,-309.26051044384803,-1.3014005406462248,13365.483637044817,36.299627846788965,36819.89163485905,292.2147871957641,-2587.3085584969667
7316,22318.042211829572,2231.804221182957,-136.36578598466076,-0.5814079212631107,13501.849423029478,36.66998685636182,36819.89163485905,292.2147871957641,-2587.3085584969667
7317,22027.655543617577,2202.7655543617575,-290.38666821199513,-1.2453303994135356,13792.236091241473,37.458654761992136,36819.89163485905,292.2147871957641,-2587.3085584969667
7318,21768.92468776788,2176.892468776788,-258.7308558496952,-1.1235657722933334,14050.966947091169,38.1613479106182,36819.89163485905,292.2147871957641,-2587.3085584969667
7319,21751.269591525208,2175.1269591525206,-17.655096242673608,-0.07754031639517489,14068.622043333842,38.20929779710281,36819.89163485905,292.2147871957641,-2587.3085584969667
7320,20942.20246562464,2094.220246562464,-809.0671259005685,-3.556140560181942,14877.68916923441,40.40666202056128,36819.89163485905,292.2147871957641,-2587.3085584969667
7321,20954.37877844948,2095.437877844948,12.17631282484217,0.055492664621592525,14865.512856409568,40.37359208937953,36819.89163485905,292.2147871957641,-2587.3085584969667
7322,21412.788902852928,2141.2788902852926,458.4101244034464,2.088012277775886,14407.102732006122,39.128585371409045,36819.89163485905,292.2147871957641,-2587.3085584969667
7323,21510.193831918186,2151.0193831918186,97.40492906525833,0.43459530845293415,14309.697802940864,38.86404105924426,36819.89163485905,292.2147871957641,-2587.3085584969667
7324,21716.568772034454,2171.656877203445,206.37494011626768,0.9168065884161303,14103.322862824596,38.303542559784034,36819.89163485905,292.2147871957641,-2587.3085584969667
7325,21937.55565910943,2193.755565910943,220.98688707497422,0.9728004668866364,13882.335975749622,37.703359133753096,36819.89163485905,292.2147871957641,-2587.3085584969667
7326,21804.842395403324,2180.4842395403325,-132.71326370610404,-0.5785850318074215,14015.049239455726,38.06379817312403,36819.89163485905,292.2147871957641,-2587.3085584969667
7327,21582.029247189068,2158.202924718907,-222.81314821425622,-0.9770431400094592,14237.862387669982,38.668941584255926,36819.89163485905,292.2147871957641,-2587.3085584969667
7328,21584.464881322936,2158.446488132294,2.4356341338680068,0.0107857186225635,14235.426753536114,38.66232658886696,36819.89163485905,292.2147871957641,-2587.3085584969667
7329,21418.877059265353,2141.887705926535,-165.58782205758325,-0.7331934713871502,14401.014575593697,39.11205040581817,36819.89163485905,292.2147871957641,-2587.3085584969667
7330,21631.94952878863,2163.194952878863,213.07246952327841,0.9504154421294597,14187.942106070419,38.53336193047905,36819.89163485905,292.2147871957641,-2587.3085584969667
7331,21957.03701649138,2195.703701649138,325.08748770274906,1.4364095646697495,13862.85461836767,37.65044926216752,36819.89163485905,292.2147871957641,-2587.3085584969667
7332,21952.775121218237,2195.2775121218237,-4.261895273142727,-0.018564657408015606,13867.116513640813,37.66202424265744,36819.89163485905,292.2147871957641,-2587.3085584969667
7333,21780.491627598134,2178.0491627598135,-172.2834936201034,-0.7505998412402848,14039.400007260916,38.12993298972446,36819.89163485905,292.2147871957641,-2587.3085584969667
7334,22154.890023905853,2215.4890023905855,374.39839630771894,1.6435044617480576,13665.001610953197,37.113095677924065,36819.89163485905,292.2147871957641,-2587.3085584969667
7335,23343.224956537382,2334.3224956537383,1188.3349326315292,5.1321121862580865,12476.666678321668,33.885669197650344,36819.89163485905,770.7137841312579,-2587.3085584969667
7336,23651.26672099205,2365.1266720992053,308.04176445466874,1.2654106635610063,12168.624913867,33.04905140553541,36819.89163485905,1078.7555485859266,-2587.3085584969667
7337,23211.121065825868,2321.112106582587,-440.14565516618313,-1.7854889979806665,12608.770569033182,34.24445322673327,36819.89163485905,1078.7555485859266,-2587.3085584969667
7338,23681.705645209662,2368.170564520966,470.58457938379433,1.943671167082095,12138.185989649388,32.966381623344105,36819.89163485905,1109.1944728035378,-2587.3085584969667
7339,23594.65076782997,2359.465076782997,-87.05487737969088,-0.3527101353167139,12225.240867029079,33.202815989428096,36819.89163485905,1109.1944728035378,-2587.3085584969667
7340,24191.862312351946,2419.1862312351946,597.2115445219752,2.428217217473705,11628.029322507104,31.5808352664958,36819.89163485905,1619.351139945822,-2587.3085584969667
7341,23859.46978009209,2385.946978009209,-332.3925322598552,-1.3194440654626716,11960.421854766959,32.48358787521115,36819.89163485905,1619.351139945822,-2587.3085584969667
7342,24130.375090922134,2413.0375090922134,270.90531083004316,1.0897469383960523,11689.516543936916,31.747829841166407,36819.89163485905,1619.351139945822,-2587.3085584969667
7343,24039.0583182693,2403.9058318269304,-91.3167726528336,-0.36337210376863327,11780.83331658975,31.99583918774031,36819.89163485905,1619.351139945822,-2587.3085584969667
7344,24230.215654121257,2423.0215654121257,191.1573358519563,0.7634366014175553,11589.675980737793,31.476670533612666,36819.89163485905,1657.7044817151327,-2587.3085584969667
7345,24171.773439819903,2417.17734398199,-58.4422143013544,-0.23163580962816122,11648.118195039147,31.6353951026063,36819.89163485905,1657.7044817151327,-2587.3085584969667
7346,23605.00081951554,2360.500081951554,-566.772620304364,-2.2516197424841344,12214.890815343511,33.1747060433473,36819.89163485905,1657.7044817151327,-2587.3085584969667
7347,24403.10852073595,2440.310852073595,798.1077012204114,3.243680856077802,11416.7831141231,31.007106776257636,36819.89163485905,1830.5973483298258,-2587.3085584969667
7348,24293.529136690348,2429.352913669035,-109.57938404560264,-0.43136210655541074,11526.362498168703,31.304715973841095,36819.89163485905,1830.5973483298258,-2587.3085584969667
7349,24032.362646706784,2403.2362646706783,-261.1664899835632,-1.0325427051803504,11787.528988152266,32.014024117856124,36819.89163485905,1830.5973483298258,-2587.3085584969667
7350,23984.2686262465,2398.42686262465,-48.09402046028481,-0.1921273718308525,11835.62300861255,32.14464378653204,36819.89163485905,1830.5973483298258,-2587.3085584969667
7351,24208.90803560003,2420.890803560003,224.63940935353094,0.8991234152739613,11610.98359925902,31.53454039029919,36819.89163485905,1830.5973483298258,-2587.3085584969667
7352,24017.75255759257,2401.775255759257,-191.15547800746208,-0.7582854352021551,11802.139077266482,32.05370399866377,36819.89163485905,1830.5973483298258,-2587.3085584969667
7353,23929.478934223698,2392.94789342237,-88.27362336887018,-0.35284393818213466,11890.412700635352,32.29344838532377,36819.89163485905,1830.5973483298258,-2587.3085584969667
7354,23812.59264777649,2381.259264777649,-116.88628644720666,-0.46886774792048724,12007.298987082559,32.61090256907412,36819.89163485905,1830.5973483298258,-2587.3085584969667
7355,23673.183712507867,2367.3183712507866,-139.4089352686242,-0.5618475152821878,12146.707922351183,32.989526538560874,36819.89163485905,1830.5973483298258,-2587.3085584969667
7356,22249.859318837243,2224.9859318837243,-1423.324393670624,-5.768709908924652,13570.032316021807,36.85516636114824,36819.89163485905,1830.5973483298258,-2587.3085584969667
7357,22079.40022851192,2207.940022851192,-170.4590903253229,-0.7331618139608032,13740.49140634713,37.31812016887738,36819.89163485905,1830.5973483298258,-2587.3085584969667
7358,21508.367570778908,2150.836757077891,-571.0326577330125,-2.4742092605490096,14311.524064080142,38.86900104434522,36819.89163485905,1830.5973483298258,-2587.3085584969667
7359,21907.72610788641,2190.772610788641,399.35853710750234,1.7742669958258572,13912.16552697264,37.78437390565638,36819.89163485905,1830.5973483298258,-2587.3085584969667
7360,22010.000447374903,2201.0000447374905,102.27433948849284,0.4464622067106072,13809.891187484147,37.50660464847675,36819.89163485905,1830.5973483298258,-2587.3085584969667
7361,22182.893313989596,2218.2893313989593,172.89286661469305,0.7513814135297725,13636.998320869454,37.03704089112173,36819.89163485905,1830.5973483298258,-2587.3085584969667
7362,21818.23559637285,2181.823559637285,-364.6577176167448,-1.5729603405313264,14001.656038486199,38.027423267129336,36819.89163485905,1830.5973483298258,-2587.3085584969667
7363,22089.140907202895,2208.9140907202896,270.90531083004316,1.1872316318493281,13730.750727656156,37.2916652330846,36819.89163485905,1830.5973483298258,-2587.3085584969667
7364,22184.110202134285,2218.4110202134284,94.96929493139032,0.41131584459153103,13635.781432724765,37.03373591630877,36819.89163485905,1830.5973483298258,-2587.3085584969667
7365,22436.754759416053,2243.6754759416053,252.64455728176836,1.0897315233539207,13383.136875442997,36.347572687510514,36819.89163485905,1830.5973483298258,-2587.3085584969667
7366,21688.378898628005,2168.8378898628007,-748.3758607880482,-3.1931718724298896,14131.512736231045,38.38010409257181,36819.89163485905,1830.5973483298258,-2587.3085584969667
7367,21688.378898628005,2168.8378898628007,0.0,0.0,14131.512736231045,38.38010409257181,36819.89163485905,0.0,0.0
7368,21688.378898628005,2168.8378898628007,0.0,0.0,14131.512736231045,38.38010409257181,36819.89163485905,0.0,0.0
7369,21688.378898628005,2168.8378898628007,0.0,0.0,14131.512736231045,38.38010409257181,36819.89163485905,0.0,0.0
7370,21688.378898628005,2168.8378898628007,0.0,0.0,14131.512736231045,38.38010409257181,36819.89163485905,0.0,0.0
7371,21688.378898628005,2168.8378898628007,0.0,0.0,14131.512736231045,38.38010409257181,36819.89163485905,0.0,0.0
7372,21688.378898628005,2168.8378898628007,0.0,0.0,14131.512736231045,38.38010409257181,36819.89163485905,0.0,0.0
7373,21688.378898628005,2168.8378898628007,0.0,0.0,14131.512736231045,38.38010409257181,36819.89163485905,0.0,0.0
7374,21688.378898628005,2168.8378898628007,0.0,0.0,14131.512736231045,38.38010409257181,36819.89163485905,0.0,0.0
7375,21688.378898628005,2168.8378898628007,0.0,0.0,14131.512736231045,38.38010409257181,36819.89163485905,0.0,0.0
7376,21688.378898628005,2168.8378898628007,0.0,0.0,14131.512736231045,38.38010409257181,36819.89163485905,0.0,0.0
7377,21688.378898628005,2168.8378898628007,0.0,0.0,14131.512736231045,38.38010409257181,36819.89163485905,0.0,0.0
7378,21688.378898628005,2168.8378898628007,0.0,0.0,14131.512736231045,38.38010409257181,36819.89163485905,0.0,0.0
7379,21688.378898628005,2168.8378898628007,0.0,0.0,14131.512736231045,38.38010409257181,36819.89163485905,0.0,0.0
7380,21688.378898628005,2168.8378898628007,0.0,0.0,14131.512736231045,38.38010409257181,36819.89163485905,0.0,0.0
7381,21688.378898628005,2168.8378898628007,0.0,0.0,14131.512736231045,38.38010409257181,36819.89163485905,0.0,0.0
7382,21688.378898628005,2168.8378898628007,0.0,0.0,14131.512736231045,38.38010409257181,36819.89163485905,0.0,0.0
7383,21688.378898628005,2168.8378898628007,0.0,0.0,14131.512736231045,38.38010409257181,36819.89163485905,0.0,0.0
7384,21688.378898628005,2168.8378898628007,0.0,0.0,14131.512736231045,38.38010409257181,36819.89163485905,0.0,0.0
7385,21688.378898628005,2168.8378898628007,0.0,0.0,14131.512736231045,38.38010409257181,36819.89163485905,0.0,0.0
7386,21688.378898628005,2168.8378898628007,0.0,0.0,14131.512736231045,38.38010409257181,36819.89163485905,0.0,0.0
7387,21688.378898628005,2168.8378898628007,0.0,0.0,14131.512736231045,38.38010409257181,36819.89163485905,0.0,0.0
7388,21688.378898628005,2168.8378898628007,0.0,0.0,14131.512736231045,38.38010409257181,36819.89163485905,0.0,0.0
7389,21688.378898628005,2168.8378898628007,0.0,0.0,14131.512736231045,38.38010409257181,36819.89163485905,0.0,0.0
7390,21688.378898628005,2168.8378898628007,0.0,0.0,14131.512736231045,38.38010409257181,36819.89163485905,0.0,0.0
7391,21688.378898628005,2168.8378898628007,0.0,0.0,14131.512736231045,38.38010409257181,36819.89163485905,0.0,0.0
7392,21688.378898628005,2168.8378898628007,0.0,0.0,14131.512736231045,38.38010409257181,36819.89163485905,0.0,0.0
7393,21688.378898628005,2168.8378898628007,0.0,0.0,14131.512736231045,38.38010409257181,36819.89163485905,0.0,0.0
7394,21688.378898628005,2168.8378898628007,0.0,0.0,14131.512736231045,38.38010409257181,36819.89163485905,0.0,0.0
7395,21688.378898628005,2168.8378898628007,0.0,0.0,14131.512736231045,38.38010409257181,36819.89163485905,0.0,0.0
7396,21688.378898628005,2168.8378898628007,0.0,0.0,14131.512736231045,38.38010409257181,36819.89163485905,0.0,0.0
7397,21688.378898628005,2168.8378898628007,0.0,0.0,14131.512736231045,38.38010409257181,36819.89163485905,0.0,0.0
7398,21688.378898628005,2168.8378898628007,0.0,0.0,14131.512736231045,38.38010409257181,36819.89163485905,0.0,0.0
7399,21688.378898628005,2168.8378898628007,0.0,0.0,14131.512736231045,38.38010409257181,36819.89163485905,0.0,0.0
7400,21688.378898628005,2168.8378898628007,0.0,0.0,14131.512736231045,38.38010409257181,36819.89163485905,0.0,0.0
7401,21688.378898628005,2168.8378898628007,0.0,0.0,14131.512736231045,38.38010409257181,36819.89163485905,0.0,0.0
7402,21688.378898628005,2168.8378898628007,0.0,0.0,14131.512736231045,38.38010409257181,36819.89163485905,0.0,0.0
7403,21688.378898628005,2168.8378898628007,0.0,0.0,14131.512736231045,38.38010409257181,36819.89163485905,0.0,0.0
7404,21688.378898628005,2168.8378898628007,0.0,0.0,14131.512736231045,38.38010409257181,36819.89163485905,0.0,0.0
7405,21688.378898628005,2168.8378898628007,0.0,0.0,14131.512736231045,38.38010409257181,36819.89163485905,0.0,0.0
7406,21688.378898628005,2168.8378898628007,0.0,0.0,14131.512736231045,38.38010409257181,36819.89163485905,0.0,0.0
7407,21688.378898628005,2168.8378898628007,0.0,0.0,14131.512736231045,38.38010409257181,36819.89163485905,0.0,0.0
7408,21688.378898628005,2168.8378898628007,0.0,0.0,14131.512736231045,38.38010409257181,36819.89163485905,0.0,0.0
7409,21688.378898628005,2168.8378898628007,0.0,0.0,14131.512736231045,38.38010409257181,36819.89163485905,0.0,0.0
7410,21688.378898628005,2168.8378898628007,0.0,0.0,14131.512736231045,38.38010409257181,36819.89163485905,0.0,0.0
7411,21688.378898628005,2168.8378898628007,0.0,0.0,14131.512736231045,38.38010409257181,36819.89163485905,0.0,0.0
7412,21688.378898628005,2168.8378898628007,0.0,0.0,14131.512736231045,38.38010409257181,36819.89163485905,0.0,0.0
7413,21688.378898628005,2168.8378898628007,0.0,0.0,14131.512736231045,38.38010409257181,36819.89163485905,0.0,0.0
7414,21688.378898628005,2168.8378898628007,0.0,0.0,14131.512736231045,38.38010409257181,36819.89163485905,0.0,0.0
7415,21688.378898628005,2168.8378898628007,0.0,0.0,14131.512736231045,38.38010409257181,36819.89163485905,0.0,0.0
7416,21688.378898628005,2168.8378898628007,0.0,0.0,14131.512736231045,38.38010409257181,36819.89163485905,0.0,0.0
7417,21688.378898628005,2168.8378898628007,0.0,0.0,14131.512736231045,38.38010409257181,36819.89163485905,0.0,0.0
7418,21688.378898628005,2168.8378898628007,0.0,0.0,14131.512736231045,38.38010409257181,36819.89163485905,0.0,0.0
7419,21688.378898628005,2168.8378898628007,0.0,0.0,14131.512736231045,38.38010409257181,36819.89163485905,0.0,0.0
7420,21688.378898628005,2168.8378898628007,0.0,0.0,14131.512736231045,38.38010409257181,36819.89163485905,0.0,0.0
7421,21688.378898628005,2168.8378898628007,0.0,0.0,14131.512736231045,38.38010409257181,36819.89163485905,0.0,0.0
7422,21688.378898628005,2168.8378898628007,0.0,0.0,14131.512736231045,38.38010409257181,36819.89163485905,0.0,0.0
7423,21688.378898628005,2168.8378898628007,0.0,0.0,14131.512736231045,38.38010409257181,36819.89163485905,0.0,0.0
7424,21688.378898628005,2168.8378898628007,0.0,0.0,14131.512736231045,38.38010409257181,36819.89163485905,0.0,0.0
7425,21688.378898628005,2168.8378898628007,0.0,0.0,14131.512736231045,38.38010409257181,36819.89163485905,0.0,0.0
7426,21688.378898628005,2168.8378898628007,0.0,0.0,14131.512736231045,38.38010409257181,36819.89163485905,0.0,0.0
7427,21688.378898628005,2168.8378898628007,0.0,0.0,14131.512736231045,38.38010409257181,36819.89163485905,0.0,0.0
7428,21688.378898628005,2168.8378898628007,0.0,0.0,14131.512736231045,38.38010409257181,36819.89163485905,0.0,0.0
7429,21688.378898628005,2168.8378898628007,0.0,0.0,14131.512736231045,38.38010409257181,36819.89163485905,0.0,0.0
7430,21688.378898628005,2168.8378898628007,0.0,0.0,14131.512736231045,38.38010409257181,36819.89163485905,0.0,0.0
7431,21688.378898628005,2168.8378898628007,0.0,0.0,14131.512736231045,38.38010409257181,36819.89163485905,0.0,0.0
7432,21688.378898628005,2168.8378898628007,0.0,0.0,14131.512736231045,38.38010409257181,36819.89163485905,0.0,0.0
7433,21688.378898628005,2168.8378898628007,0.0,0.0,14131.512736231045,38.38010409257181,36819.89163485905,0.0,0.0
7434,21688.378898628005,2168.8378898628007,0.0,0.0,14131.512736231045,38.38010409257181,36819.89163485905,0.0,0.0
7435,21688.378898628005,2168.8378898628007,0.0,0.0,14131.512736231045,38.38010409257181,36819.89163485905,0.0,0.0
7436,21688.378898628005,2168.8378898628007,0.0,0.0,14131.512736231045,38.38010409257181,36819.89163485905,0.0,0.0
7437,21688.378898628005,2168.8378898628007,0.0,0.0,14131.512736231045,38.38010409257181,36819.89163485905,0.0,0.0
7438,21688.378898628005,2168.8378898628007,0.0,0.0,14131.512736231045,38.38010409257181,36819.89163485905,0.0,0.0
7439,21688.378898628005,2168.8378898628007,0.0,0.0,14131.512736231045,38.38010409257181,36819.89163485905,0.0,0.0
7440,21688.378898628005,2168.8378898628007,0.0,0.0,14131.512736231045,38.38010409257181,36819.89163485905,0.0,0.0
7441,21688.378898628005,2168.8378898628007,0.0,0.0,14131.512736231045,38.38010409257181,36819.89163485905,0.0,0.0
7442,21688.378898628005,2168.8378898628007,0.0,0.0,14131.512736231045,38.38010409257181,36819.89163485905,0.0,0.0
7443,21688.378898628005,2168.8378898628007,0.0,0.0,14131.512736231045,38.38010409257181,36819.89163485905,0.0,0.0
7444,21688.378898628005,2168.8378898628007,0.0,0.0,14131.512736231045,38.38010409257181,36819.89163485905,0.0,0.0
7445,21688.378898628005,2168.8378898628007,0.0,0.0,14131.512736231045,38.38010409257181,36819.89163485905,0.0,0.0
7446,21688.378898628005,2168.8378898628007,0.0,0.0,14131.512736231045,38.38010409257181,36819.89163485905,0.0,0.0
7447,21688.378898628005,2168.8378898628007,0.0,0.0,14131.512736231045,38.38010409257181,36819.89163485905,0.0,0.0
7448,21688.378898628005,2168.8378898628007,0.0,0.0,14131.512736231045,38.38010409257181,36819.89163485905,0.0,0.0
7449,21688.378898628005,2168.8378898628007,0.0,0.0,14131.512736231045,38.38010409257181,36819.89163485905,0.0,0.0
7450,21688.378898628005,2168.8378898628007,0.0,0.0,14131.512736231045,38.38010409257181,36819.89163485905,0.0,0.0
7451,21688.378898628005,2168.8378898628007,0.0,0.0,14131.512736231045,38.38010409257181,36819.89163485905,0.0,0.0
7452,21688.378898628005,2168.8378898628007,0.0,0.0,14131.512736231045,38.38010409257181,36819.89163485905,0.0,0.0
7453,21688.378898628005,2168.8378898628007,0.0,0.0,14131.512736231045,38.38010409257181,36819.89163485905,0.0,0.0
7454,21688.378898628005,2168.8378898628007,0.0,0.0,14131.512736231045,38.38010409257181,36819.89163485905,0.0,0.0
7455,21688.378898628005,2168.8378898628007,0.0,0.0,14131.512736231045,38.38010409257181,36819.89163485905,0.0,0.0
7456,21688.378898628005,2168.8378898628007,0.0,0.0,14131.512736231045,38.38010409257181,36819.89163485905,0.0,0.0
7457,21688.378898628005,2168.8378898628007,0.0,0.0,14131.512736231045,38.38010409257181,36819.89163485905,0.0,0.0
7458,21688.378898628005,2168.8378898628007,0.0,0.0,14131.512736231045,38.38010409257181,36819.89163485905,0.0,0.0
7459,21688.378898628005,2168.8378898628007,0.0,0.0,14131.512736231045,38.38010409257181,36819.89163485905,0.0,0.0
7460,21688.378898628005,2168.8378898628007,0.0,0.0,14131.512736231045,38.38010409257181,36819.89163485905,0.0,0.0
7461,21688.378898628005,2168.8378898628007,0.0,0.0,14131.512736231045,38.38010409257181,36819.89163485905,0.0,0.0
7462,21688.378898628005,2168.8378898628007,0.0,0.0,14131.512736231045,38.38010409257181,36819.89163485905,0.0,0.0
7463,21688.378898628005,2168.8378898628007,0.0,0.0,14131.512736231045,38.38010409257181,36819.89163485905,0.0,0.0
7464,21688.378898628005,2168.8378898628007,0.0,0.0,14131.512736231045,38.38010409257181,36819.89163485905,0.0,0.0
7465,21688.378898628005,2168.8378898628007,0.0,0.0,14131.512736231045,38.38010409257181,36819.89163485905,0.0,0.0
7466,21688.378898628005,2168.8378898628007,0.0,0.0,14131.512736231045,38.38010409257181,36819.89163485905,0.0,0.0
